0.0	0.0
0.0014204545454545455	0.0
0.002840909090909091	0.0
0.004261363636363636	0.0
0.005681818181818182	0.0
0.007102272727272727	0.0
0.008522727272727272	0.0
0.009943181818181818	0.0
0.011363636363636364	0.0
0.01278409090909091	0.0
0.014204545454545454	0.0
0.015625	0.0
0.015625	0.0
0.017045454545454544	0.0
0.018465909090909092	0.0
0.019886363636363636	0.0
0.02130681818181818	0.0
0.022727272727272728	0.0
0.024147727272727272	0.0
0.02556818181818182	0.0
0.026988636363636364	0.0
0.028409090909090908	0.0
0.029829545454545456	0.0
0.03125	0.0
0.03125	0.0
0.032670454545454544	0.0
0.03409090909090909	0.0
0.03551136363636364	0.0
0.036931818181818184	0.0
0.03835227272727273	0.0
0.03977272727272727	0.0
0.041193181818181816	0.0
0.04261363636363636	0.0
0.04403409090909091	0.0
0.045454545454545456	0.0
0.046875	0.0
0.046875	0.0
0.048295454545454544	0.0
0.04971590909090909	0.0
0.05113636363636364	0.0
0.052556818181818184	0.0
0.05397727272727273	0.0
0.05539772727272727	0.0
0.056818181818181816	0.0
0.05823863636363636	0.0
0.05965909090909091	0.0
0.061079545454545456	0.0
0.0625	0.0
0.0625	0.0
0.06392045454545454	0.0
0.06534090909090909	0.0
0.06676136363636363	0.0
0.06818181818181818	0.0
0.06960227272727272	0.0
0.07102272727272728	0.0
0.07244318181818182	0.0
0.07386363636363637	0.0
0.07528409090909091	0.0
0.07670454545454546	0.0
0.078125	0.0
0.078125	0.0
0.07954545454545454	0.0
0.08096590909090909	0.0
0.08238636363636363	0.0
0.08380681818181818	0.0
0.08522727272727272	0.0
0.08664772727272728	0.0
0.08806818181818182	0.0
0.08948863636363637	0.0
0.09090909090909091	0.0
0.09232954545454546	0.0
0.09375	0.0
0.09375	0.0
0.09517045454545454	0.0
0.09659090909090909	0.0
0.09801136363636363	0.0
0.09943181818181818	0.0
0.10085227272727272	0.0
0.10227272727272728	0.0
0.10369318181818182	0.0
0.10511363636363637	0.0
0.10653409090909091	0.0
0.10795454545454546	0.0
0.109375	0.0
0.109375	0.0
0.11079545454545454	0.0
0.11221590909090909	0.0
0.11363636363636363	0.0
0.11505681818181818	0.0
0.11647727272727272	0.0
0.11789772727272728	0.0
0.11931818181818182	0.0
0.12073863636363637	0.0
0.12215909090909091	0.0
0.12357954545454546	0.0
0.125	0.0
0.125	0.0
0.12642045454545456	0.0
0.1278409090909091	0.0
0.12926136363636365	0.0
0.13068181818181818	0.0
0.13210227272727273	0.0
0.13352272727272727	0.0
0.13494318181818182	0.0
0.13636363636363635	0.0
0.1377840909090909	0.0
0.13920454545454544	0.0
0.140625	0.0
0.140625	0.0
0.14204545454545456	0.0
0.1434659090909091	0.0
0.14488636363636365	0.0
0.14630681818181818	0.0
0.14772727272727273	0.0
0.14914772727272727	0.0
0.15056818181818182	0.0
0.15198863636363635	0.0
0.1534090909090909	0.0
0.15482954545454544	0.0
0.15625	0.0
0.15625	0.0
0.15767045454545456	0.0
0.1590909090909091	0.0
0.16051136363636365	0.0
0.16193181818181818	0.0
0.16335227272727273	0.0
0.16477272727272727	0.0
0.16619318181818182	0.0
0.16761363636363635	0.0
0.1690340909090909	0.0
0.17045454545454544	0.0
0.171875	0.0
0.171875	0.0
0.17329545454545456	0.0
0.1747159090909091	0.0
0.17613636363636365	0.0
0.17755681818181818	0.0
0.17897727272727273	0.0
0.18039772727272727	0.0
0.18181818181818182	0.0
0.18323863636363635	0.0
0.1846590909090909	0.0
0.18607954545454544	0.0
0.1875	0.0
0.1875	0.0
0.18892045454545456	0.0
0.1903409090909091	0.0
0.19176136363636365	0.0
0.19318181818181818	0.0
0.19460227272727273	0.0
0.19602272727272727	0.0
0.19744318181818182	0.0
0.19886363636363635	0.0
0.2002840909090909	0.0
0.20170454545454544	0.0
0.203125	0.0
0.203125	0.0
0.20454545454545456	0.0
0.2059659090909091	0.0
0.20738636363636365	0.0
0.20880681818181818	0.0
0.21022727272727273	0.0
0.21164772727272727	0.0
0.21306818181818182	0.0
0.21448863636363635	0.0
0.2159090909090909	0.0
0.21732954545454544	0.0
0.21875	0.0
0.21875	0.0
0.22017045454545456	0.0
0.2215909090909091	0.0
0.22301136363636365	0.0
0.22443181818181818	0.0
0.22585227272727273	0.0
0.22727272727272727	0.0
0.22869318181818182	0.0
0.23011363636363635	0.0
0.2315340909090909	0.0
0.23295454545454544	0.0
0.234375	0.0
0.234375	0.0
0.23579545454545456	0.0
0.2372159090909091	0.0
0.23863636363636365	0.0
0.24005681818181818	0.0
0.24147727272727273	0.0
0.24289772727272727	0.0
0.24431818181818182	0.0
0.24573863636363635	0.0
0.2471590909090909	0.0
0.24857954545454544	0.0
0.25	0.0
0.25	0.0
0.25142045454545453	0.0
0.2528409090909091	0.0
0.25426136363636365	0.0
0.2556818181818182	0.0
0.2571022727272727	0.0
0.2585227272727273	0.0
0.2599431818181818	0.0
0.26136363636363635	0.0
0.2627840909090909	0.0
0.26420454545454547	0.0
0.265625	0.0
0.265625	0.0
0.26704545454545453	0.0
0.2684659090909091	0.0
0.26988636363636365	0.0
0.2713068181818182	0.0
0.2727272727272727	0.0
0.2741477272727273	0.0
0.2755681818181818	0.0
0.27698863636363635	0.0
0.2784090909090909	0.0
0.27982954545454547	0.0
0.28125	0.0
0.28125	0.0
0.28267045454545453	0.0
0.2840909090909091	0.0
0.28551136363636365	0.0
0.2869318181818182	0.0
0.2883522727272727	0.0
0.2897727272727273	0.0
0.2911931818181818	0.0
0.29261363636363635	0.0
0.2940340909090909	0.0
0.29545454545454547	0.0
0.296875	0.0
0.296875	-0.05458504681208623
0.29829545454545453	0.011011246916240391
0.2997159090909091	0.03995790421472041
0.30113636363636365	0.0241507841034646
0.3025568181818182	-0.021751346972107392
0.3039772727272727	-0.0688215310727273
0.3053977272727273	-0.08235933469673859
0.3068181818181818	-0.030385564711556762
0.30823863636363635	0.1078630157148708
0.3096590909090909	0.333438971182604
0.31107954545454547	0.6191894781282505
0.3125	0.901261608893504
0.3125	0.9134349624996984
0.31392045454545453	1.0875768962857397
0.3153409090909091	1.1031566855213457
0.31676136363636365	1.054883501859308
0.3181818181818182	1.0006202619989732
0.3196022727272727	0.9687874189117129
0.3210227272727273	0.9657667530663839
0.3224431818181818	0.9833051636548024
0.32386363636363635	1.005918459817204
0.3252840909090909	1.0182951518677144
0.32670454545454547	1.0127002425198144
0.328125	0.9963790181118073
0.328125	0.9898705686593183
0.32954545454545453	0.9939240557477813
0.3309659090909091	0.9976866513630397
0.33238636363636365	1.0002406632222174
0.3338068181818182	1.0013453671260626
0.3352272727272727	1.0012423645766053
0.3366477272727273	1.0004609403948108
0.3380681818181818	0.999623420338237
0.33948863636363635	0.9992505287186877
0.3409090909090909	0.9995667460198702
0.34232954545454547	1.0003056665150496
0.34375	1.0005153558847044
0.34375	1.0004215896565458
0.34517045454545453	0.999967690774933
0.3465909090909091	0.999866304193097
0.34801136363636365	0.9999162781453769
0.3494318181818182	0.9999949927679185
0.3508522727272727	1.000042072013364
0.3522727272727273	1.0000430955655364
0.3536931818181818	1.0000133107541325
0.35511363636363635	0.9999813444694068
0.3565340909090909	0.9999729150768627
0.35795454545454547	0.9999945443319394
0.359375	1.0000172692947005
0.359375	1.0000203572734179
0.36079545454545453	1.0000035181769968
0.3622159090909091	0.9999978274563848
0.36363636363636365	0.999997606928271
0.3650568181818182	0.999999202664657
0.3664772727272727	1.0000005973730577
0.3678977272727273	1.0000010227766964
0.3693181818181818	1.0000005719947083
0.37073863636363635	0.9999998119223352
0.3721590909090909	0.9999993956111283
0.37357954545454547	0.9999996746491437
0.375	1.0000003115411442
0.375	1.000000479775165
0.37642045454545453	1.0000001225925135
0.3778409090909091	0.9999999823878655
0.37926136363636365	0.9999999568692557
0.3806818181818182	0.9999999775320974
0.3821022727272727	1.0000000037025418
0.3835227272727273	1.0000000165808391
0.3849431818181818	1.0000000132847018
0.38636363636363635	1.0000000008926633
0.3877840909090909	0.999999990487443
0.38920454545454547	0.9999999911993047
0.390625	1.000000004249419
0.390625	1.0000000094606494
0.39204545454545453	1.0000000027732643
0.3934659090909091	0.9999999999599918
0.39488636363636365	0.9999999992799524
0.3963068181818182	0.9999999995369954
0.3977272727272727	0.9999999999900578
0.3991477272727273	1.0000000002635212
0.4005681818181818	1.0000000002575733
0.40198863636363635	1.000000000058565
0.4034090909090909	0.9999999998493693
0.40482954545454547	0.9999999998197407
0.40625	1.0000000000766736
0.40625	1.0000000001648128
0.40767045454545453	1.0000000000509177
0.4090909090909091	1.0000000000016271
0.41051136363636365	0.9999999999885258
0.4119318181818182	0.9999999999918786
0.4133522727272727	0.9999999999992479
0.4147727272727273	1.0000000000041
0.4161931818181818	1.0000000000044231
0.41761363636363635	1.000000000001335
0.4190340909090909	0.9999999999976984
0.42045454545454547	0.9999999999967314
0.421875	1.0000000000006215
0.421875	1.0000000000033753
0.42329545454545453	1.0000000000009834
0.4247159090909091	0.9999999999999826
0.42613636363636365	0.9999999999997461
0.4275568181818182	0.999999999999843
0.4289772727272727	1.0000000000000069
0.4303977272727273	1.0000000000001013
0.4318181818181818	1.0000000000000924
0.43323863636363635	1.0000000000000133
0.4346590909090909	0.9999999999999362
0.43607954545454547	0.9999999999999387
0.4375	1.0000000000000726
0.4375	1.0000000000000568
0.43892045454545453	1.0000000000000115
0.4403409090909091	0.9999999999999966
0.44176136363636365	0.9999999999999951
0.4431818181818182	0.999999999999998
0.4446022727272727	1.0000000000000013
0.4460227272727273	1.0000000000000013
0.4474431818181818	1.0000000000000007
0.44886363636363635	0.9999999999999992
0.4502840909090909	0.9999999999999991
0.45170454545454547	1.0
0.453125	0.9999999999999989
0.453125	1.0000000000000002
0.45454545454545453	1.0000000000000004
0.4559659090909091	1.0000000000000007
0.45738636363636365	1.0000000000000004
0.4588068181818182	1.0
0.4602272727272727	1.0000000000000002
0.4616477272727273	0.9999999999999999
0.4630681818181818	1.0
0.46448863636363635	0.9999999999999998
0.4659090909090909	1.0
0.46732954545454547	1.0
0.46875	1.0000000000000002
0.46875	0.9999999999999996
0.47017045454545453	0.9999999999999998
0.4715909090909091	1.0
0.47301136363636365	1.0
0.4744318181818182	0.9999999999999997
0.4758522727272727	1.0
0.4772727272727273	0.9999999999999999
0.4786931818181818	1.0
0.48011363636363635	1.0
0.4815340909090909	1.0000000000000002
0.48295454545454547	1.0
0.484375	1.0
0.484375	1.0
0.48579545454545453	0.9999999999999998
0.4872159090909091	1.0
0.48863636363636365	1.0
0.4900568181818182	0.9999999999999999
0.4914772727272727	1.0000000000000002
0.4928977272727273	0.9999999999999999
0.4943181818181818	1.0
0.49573863636363635	1.0
0.4971590909090909	1.0
0.49857954545454547	1.0
0.5	1.0
0.5	1.0
0.5014204545454546	0.9999999999999998
0.5028409090909091	1.0
0.5042613636363636	1.0
0.5056818181818182	0.9999999999999999
0.5071022727272727	1.0000000000000002
0.5085227272727273	0.9999999999999999
0.5099431818181818	1.0
0.5113636363636364	1.0
0.5127840909090909	1.0
0.5142045454545454	1.0
0.515625	1.0
0.515625	1.0
0.5170454545454546	0.9999999999999998
0.5184659090909091	1.0
0.5198863636363636	1.0
0.5213068181818182	0.9999999999999999
0.5227272727272727	1.0000000000000002
0.5241477272727273	0.9999999999999999
0.5255681818181818	1.0
0.5269886363636364	1.0
0.5284090909090909	1.0
0.5298295454545454	1.0
0.53125	1.0
0.53125	1.0
0.5326704545454546	0.9999999999999998
0.5340909090909091	1.0
0.5355113636363636	1.0
0.5369318181818182	0.9999999999999999
0.5383522727272727	1.0000000000000002
0.5397727272727273	0.9999999999999999
0.5411931818181818	1.0
0.5426136363636364	1.0
0.5440340909090909	1.0
0.5454545454545454	1.0
0.546875	1.0
0.546875	1.0
0.5482954545454546	0.9999999999999998
0.5497159090909091	1.0
0.5511363636363636	1.0
0.5525568181818182	0.9999999999999999
0.5539772727272727	1.0000000000000002
0.5553977272727273	0.9999999999999999
0.5568181818181818	1.0
0.5582386363636364	1.0
0.5596590909090909	1.0
0.5610795454545454	1.0
0.5625	1.0
0.5625	1.0
0.5639204545454546	0.9999999999999998
0.5653409090909091	1.0
0.5667613636363636	1.0
0.5681818181818182	0.9999999999999999
0.5696022727272727	1.0000000000000002
0.5710227272727273	0.9999999999999999
0.5724431818181818	1.0
0.5738636363636364	1.0
0.5752840909090909	1.0
0.5767045454545454	1.0
0.578125	1.0
0.578125	1.0
0.5795454545454546	0.9999999999999998
0.5809659090909091	1.0
0.5823863636363636	1.0
0.5838068181818182	0.9999999999999996
0.5852272727272727	1.0
0.5866477272727273	0.9999999999999998
0.5880681818181818	1.0
0.5894886363636364	0.9999999999999999
0.5909090909090909	1.0
0.5923295454545454	0.9999999999999999
0.59375	0.9999999999999998
0.59375	0.9309883280710902
0.5951704545454546	1.0262397565859904
0.5965909090909091	1.0277996734031136
0.5980113636363636	0.9940935293635225
0.5994318181818182	0.9636298526314687
0.6008522727272727	0.9572477475510452
0.6022727272727273	0.9803643935028336
0.6036931818181818	1.0252225437605573
0.6051136363636364	1.073138024347731
0.6065340909090909	1.0967472328943129
0.6079545454545454	1.0622546374933526
0.609375	0.9316802755576451
0.609375	1.0252955351758337
0.6107954545454546	0.6451202282606708
0.6122159090909091	0.3170391582277682
0.6136363636363636	0.08346310634248154
0.6150568181818182	-0.045751817604029896
0.6164772727272727	-0.08459899775822874
0.6178977272727273	-0.06221613466762452
0.6193181818181818	-0.0141800677441989
0.6207386363636364	0.02619840227216931
0.6221590909090909	0.03657969085027882
0.6235795454545454	0.014300607204180764
0.625	-0.01492046817024634
0.625	-0.025761925336906858
0.6264204545454546	-0.01048751055010076
0.6278409090909091	-0.0017294389491620506
0.6292613636363636	0.002159787886206854
0.6306818181818182	0.002803076886432244
0.6321022727272727	0.0016973432332841169
0.6335227272727273	0.000112110101091175
0.6349431818181818	-0.001011891602044167
0.6363636363636364	-0.0011641234930307824
0.6377840909090909	-0.00036563997257382813
0.6392045454545454	0.0007295115160402567
0.640625	0.0007328902281587501
0.640625	0.0004699289139629583
0.6420454545454546	-0.00014108148311125764
0.6434659090909091	-0.00023629908074209366
0.6448863636363636	-0.00012515724218836635
0.6463068181818182	8.111497042066274e-6
0.6477272727272727	7.775183935671004e-5
0.6491477272727273	6.976213524283898e-5
0.6505681818181818	1.5170793431899868e-5
0.6519886363636364	-3.668730893608362e-5
0.6534090909090909	-4.489441614810601e-5
0.6548295454545454	-3.673483753775686e-6
0.65625	3.0888231599089434e-5
0.65625	3.29366485921633e-5
0.6576704545454546	4.476876755738055e-6
0.6590909090909091	-4.510697482330365e-6
0.6605113636363636	-4.2210293396144815e-6
0.6619318181818182	-1.1215171134911717e-6
0.6633522727272727	1.3160659047127064e-6
0.6647727272727273	1.8836395155746603e-6
0.6661931818181818	9.048846974309136e-7
0.6676136363636364	-4.966883077692435e-7
0.6690340909090909	-1.1296719086090981e-6
0.6704545454545454	-4.666930783501626e-7
0.671875	6.236547309221745e-7
0.671875	8.432559573213144e-7
0.6732954545454546	1.9190482651691642e-7
0.6747159090909091	-4.985834870034954e-8
0.6761363636363636	-8.194112372158827e-8
0.6775568181818182	-3.570099651194729e-8
0.6789772727272727	1.3429254016702865e-8
0.6803977272727273	3.3316229633087674e-8
0.6818181818181818	2.250057441384787e-8
0.6832386363636364	-2.4283636291414584e-9
0.6846590909090909	-1.9457870921451587e-8
0.6860795454545454	-1.3777206698780917e-8
0.6875	9.597058620364125e-9
0.6875	1.71465004704774e-8
0.6889204545454546	4.5684426090266874e-9
0.6903409090909091	-4.361317975597907e-10
0.6917613636363636	-1.418595630959325e-9
0.6931818181818182	-7.612250983899077e-10
0.6946022727272727	1.172145992509027e-10
0.6960227272727273	5.558835992471058e-10
0.6974431818181818	4.46281708925383e-10
0.6988636363636364	2.666273751622076e-11
0.7002840909090909	-3.235511719849615e-10
0.7017045454545454	-2.893552109566877e-10
0.703125	1.742524267096999e-10
0.703125	3.0308673413990925e-10
0.7045454545454546	8.529680673525833e-11
0.7059659090909091	-3.5827159376524755e-12
0.7073863636363636	-2.3090441539714994e-11
0.7088068181818182	-1.3444435488463846e-11
0.7102272727272727	1.1082762793145229e-12
0.7116477272727273	8.942204544972751e-12
0.7130681818181818	7.703894045393385e-12
0.7144886363636364	9.624207103797647e-13
0.7159090909090909	-5.140111099953083e-12
0.7173295454545454	-5.238071357787567e-12
0.71875	1.9081928697873354e-12
0.71875	6.010075534942541e-12
0.7201704545454546	1.6293742607048432e-12
0.7215909090909091	-1.2572621836217816e-13
0.7230113636363636	-4.791113932173464e-13
0.7244318181818182	-2.561351924780652e-13
0.7258522727272727	4.781610598561915e-14
0.7272727272727273	1.9875996345695397e-13
0.7286931818181818	1.555536687784147e-13
0.7301136363636364	1.3304267576409383e-15
0.7315340909090909	-1.250645534266277e-13
0.7329545454545454	-9.763796981861567e-14
0.734375	1.2818766072042378e-13
0.734375	1.0187003097327084e-13
0.7357954545454546	1.9274810292379188e-14
0.7372159090909091	-7.647277330356608e-15
0.7386363636363636	-8.500409874616018e-15
0.7400568181818182	-1.63270678471795e-15
0.7414772727272727	3.5117868898514145e-15
0.7428977272727273	4.041116353910668e-15
0.7443181818181818	1.2634329260552768e-15
0.7457386363636364	-1.664990101870361e-15
0.7471590909090909	-2.0917416053008085e-15
0.7485795454545454	-2.2025676747751312e-16
0.75	-1.4618012199767327e-15
0.75	1.6146413677045825e-15
0.7514204545454546	5.476000176704939e-16
0.7528409090909091	2.1878848994709486e-17
0.7542613636363636	-1.4887535102796212e-16
0.7556818181818182	-1.2237992272977146e-16
0.7571022727272727	-2.3788958583184102e-17
0.7585227272727273	5.823407228596391e-17
0.7599431818181818	7.54436995853096e-17
0.7613636363636364	2.3939827342807358e-17
0.7627840909090909	-5.19048906064271e-17
0.7642045454545454	-5.551767513327252e-17
0.765625	1.6580175367224181e-16
0.765625	2.3894501540664107e-17
0.7670454545454546	-5.190297871986561e-18
0.7684659090909091	-8.134920803355017e-18
0.7698863636363636	-2.3238170814402196e-18
0.7713068181818182	2.8373751506581486e-18
0.7727272727272727	3.9490139531904395e-18
0.7741477272727273	1.6446381082077498e-18
0.7755681818181818	-1.3818483619873597e-18
0.7769886363636364	-2.3489916763901426e-18
0.7784090909090909	-3.606037768429393e-19
0.7798295454545454	1.6214221904155418e-18
0.78125	-5.1957036067990576e-18
0.78125	1.0555209624635574e-18
0.7826704545454546	3.94695040345719e-19
0.7840909090909091	3.017122563588258e-20
0.7855113636363636	-1.0720347549769571e-19
0.7869318181818182	-9.855140276873443e-20
0.7883522727272727	-2.5089187255994986e-20
0.7897727272727273	4.3747303113650193e-20
0.7911931818181818	6.217801808214891e-20
0.7926136363636364	1.9953779577200892e-20
0.7940340909090909	-4.57686637708107e-20
0.7954545454545454	-3.855158211188756e-20
0.796875	2.0919879014051515e-19
0.796875	-6.01528186366198e-20
0.7982954545454546	-1.39146557152198e-20
0.7997159090909091	3.444176746604511e-21
0.8011363636363636	5.730207005794917e-21
0.8025568181818182	2.253559858681356e-21
0.8039772727272727	-1.4372134173472544e-21
0.8053977272727273	-2.820305122172177e-21
0.8068181818181818	-1.6658211912739983e-21
0.8082386363636364	6.99048745938222e-22
0.8096590909090909	2.124861307797791e-21
0.8110795454545454	3.747493020512295e-22
0.8125	-6.14074833247087e-21
0.8125	3.3543333182462694e-21
0.8139204545454546	4.420768871301149e-22
0.8153409090909091	-4.04525661081903e-22
0.8167613636363636	-3.2294960094483804e-22
0.8181818181818182	-9.75387516552053e-24
0.8196022727272727	1.8717408908107942e-22
0.8210227272727273	1.763735638354863e-22
0.8224431818181818	3.0565704037354376e-23
0.8238636363636364	-1.0559126879089813e-22
0.8252840909090909	-1.0774688286045315e-22
0.8267045454545454	3.5896767567541987e-23
0.828125	1.3234020586560893e-22
0.828125	-1.2532320463375377e-22
0.8295454545454546	-1.13411635784402e-23
0.8309659090909091	1.8285889088677382e-23
0.8323863636363636	1.1939467761076416e-23
0.8338068181818182	-1.5601066042947516e-24
0.8352272727272727	-8.662594388892472e-24
0.8366477272727273	-6.796725214453344e-24
0.8380681818181818	-7.908584486975415e-26
0.8394886363636364	4.976991911934589e-24
0.8409090909090909	3.752543302129075e-24
0.8423295454545454	-2.1859172758993433e-24
0.84375	-7.9528417342168855e-25
0.84375	2.5703912249253018e-24
0.8451704545454546	1.5269464278351624e-25
0.8465909090909091	-4.251091501938171e-25
0.8480113636363636	-2.445479184198571e-25
0.8494318181818182	6.053048620158553e-26
0.8508522727272727	2.0331909316021925e-25
0.8522727272727273	1.4341278222343972e-25
0.8536931818181818	-1.3830747679500697e-26
0.8551136363636364	-1.1793000957332488e-25
0.8565340909090909	-7.391875955256112e-26
0.8579545454545454	5.701497210262557e-26
0.859375	-4.3110150189398083e-26
0.859375	-1.5882452492417696e-26
0.8607954545454546	2.4327732133565793e-28
0.8622159090909091	3.390714595928998e-27
0.8636363636363636	1.5360513469084656e-27
0.8650568181818182	-7.769970706600567e-28
0.8664772727272727	-1.6364552121508765e-27
0.8678977272727273	-9.613507933384096e-28
0.8693181818181818	2.990220596428993e-28
0.8707386363636364	9.658395603386607e-28
0.8721590909090909	4.314850120146136e-28
0.8735795454545454	-5.397144423032929e-28
0.875	9.892489302111832e-28
0.875	-2.7871413878133333e-28
0.8764204545454546	-3.5429050682782324e-29
0.8778409090909091	3.365634134580799e-29
0.8792613636363636	2.570429579830174e-29
0.8806818181818182	-4.2718655836494325e-31
0.8821022727272727	-1.5984543353237813e-29
0.8835227272727273	-1.4118831280398217e-29
0.8849431818181818	-1.68590676801685e-30
0.8863636363636364	8.953393352592561e-30
0.8877840909090909	8.133071177919427e-30
0.8892045454545454	-2.9182129367974163e-30
0.890625	-3.877321046623418e-30
0.890625	3.195363976539985e-30
0.8920454545454546	2.699849746609478e-31
0.8934659090909091	-4.739814474064281e-31
0.8948863636363636	-2.9821676990598497e-31
0.8963068181818182	5.068398537279263e-32
0.8977272727272727	2.26861108801979e-31
0.8991477272727273	1.7083905662240395e-31
0.9005681818181818	-4.8246953491489125e-33
0.9019886363636364	-1.2989079801274505e-31
0.9034090909090909	-9.078917527810024e-32
0.9048295454545454	5.50298296426169e-32
0.90625	-3.525569205801748e-32
0.90625	3.758485328928258e-33
0.9076704545454546	4.436408721642597e-34
0.9090909090909091	-4.711087999147772e-34
0.9105113636363636	-3.403502619486357e-34
0.9119318181818182	2.2380410121279623e-35
0.9133522727272727	2.269779654218616e-34
0.9147727272727273	1.8914830451821795e-34
0.9161931818181818	1.2788805783588357e-35
0.9176136363636364	-1.2763134823073836e-34
0.9190340909090909	-1.0469084442550606e-34
0.9204545454545454	4.4364087216425973e-35
0.921875	0.0
0.921875	0.0
0.9232954545454546	0.0
0.9247159090909091	0.0
0.9261363636363636	0.0
0.9275568181818182	0.0
0.9289772727272727	0.0
0.9303977272727273	0.0
0.9318181818181818	0.0
0.9332386363636364	0.0
0.9346590909090909	0.0
0.9360795454545454	0.0
0.9375	0.0
0.9375	0.0
0.9389204545454546	0.0
0.9403409090909091	0.0
0.9417613636363636	0.0
0.9431818181818182	0.0
0.9446022727272727	0.0
0.9460227272727273	0.0
0.9474431818181818	0.0
0.9488636363636364	0.0
0.9502840909090909	0.0
0.9517045454545454	0.0
0.953125	0.0
0.953125	0.0
0.9545454545454546	0.0
0.9559659090909091	0.0
0.9573863636363636	0.0
0.9588068181818182	0.0
0.9602272727272727	0.0
0.9616477272727273	0.0
0.9630681818181818	0.0
0.9644886363636364	0.0
0.9659090909090909	0.0
0.9673295454545454	0.0
0.96875	0.0
0.96875	0.0
0.9701704545454546	0.0
0.9715909090909091	0.0
0.9730113636363636	0.0
0.9744318181818182	0.0
0.9758522727272727	0.0
0.9772727272727273	0.0
0.9786931818181818	0.0
0.9801136363636364	0.0
0.9815340909090909	0.0
0.9829545454545454	0.0
0.984375	0.0
0.984375	0.0
0.9857954545454546	0.0
0.9872159090909091	0.0
0.9886363636363636	0.0
0.9900568181818182	0.0
0.9914772727272727	0.0
0.9928977272727273	0.0
0.9943181818181818	0.0
0.9957386363636364	0.0
0.9971590909090909	0.0
0.9985795454545454	0.0
1.0	0.0
