0.0	0.0
0.005208333333333333	0.0
0.010416666666666666	0.0
0.015625	0.0
0.015625	0.0
0.020833333333333332	0.0
0.026041666666666668	0.0
0.03125	0.0
0.03125	0.0
0.036458333333333336	0.0
0.041666666666666664	0.0
0.046875	0.0
0.046875	0.0
0.052083333333333336	0.0
0.057291666666666664	0.0
0.0625	0.0
0.0625	0.0
0.06770833333333333	0.0
0.07291666666666667	0.0
0.078125	0.0
0.078125	0.0
0.08333333333333333	0.0
0.08854166666666667	0.0
0.09375	0.0
0.09375	0.0
0.09895833333333333	0.0
0.10416666666666667	0.0
0.109375	0.0
0.109375	0.0
0.11458333333333333	0.0
0.11979166666666667	0.0
0.125	0.0
0.125	0.0
0.13020833333333334	0.0
0.13541666666666666	0.0
0.140625	0.0
0.140625	0.0
0.14583333333333334	0.0
0.15104166666666666	0.0
0.15625	0.0
0.15625	0.0
0.16145833333333334	0.0
0.16666666666666666	0.0
0.171875	0.0
0.171875	0.0
0.17708333333333334	0.0
0.18229166666666666	0.0
0.1875	0.0
0.1875	0.0
0.19270833333333334	0.0
0.19791666666666666	0.0
0.203125	0.0
0.203125	0.0
0.20833333333333334	0.0
0.21354166666666666	0.0
0.21875	0.0
0.21875	0.0
0.22395833333333334	0.0
0.22916666666666666	0.0
0.234375	0.0
0.234375	0.0
0.23958333333333334	0.0
0.24479166666666666	0.0
0.25	0.0
0.25	0.0
0.2552083333333333	0.0
0.2604166666666667	0.0
0.265625	0.0
0.265625	0.0
0.2708333333333333	0.0
0.2760416666666667	0.0
0.28125	0.0
0.28125	0.0
0.2864583333333333	0.0
0.2916666666666667	0.0
0.296875	0.0
0.296875	0.0
0.3020833333333333	0.09270537407394785
0.3072916666666667	0.18541074814789568
0.3125	0.27811612222184356
0.3125	0.6336891509256735
0.3177083333333333	0.7097553856095445
0.3229166666666667	0.7858216202934157
0.328125	0.861887854977287
0.328125	0.9588909286267637
0.3333333333333333	0.9692343923774857
0.3385416666666667	0.9795778561282077
0.34375	0.9899213198789298
0.34375	0.9979202691967021
0.3489583333333333	0.998492244961198
0.3541666666666667	0.999064220725694
0.359375	0.9996361964901902
0.359375	0.9999458336874936
0.3645833333333333	0.9999615985050055
0.3697916666666667	0.9999773633225177
0.375	0.9999931281400302
0.375	0.999999265514355
0.3802083333333333	0.9999994887531252
0.3854166666666667	0.9999997119918954
0.390625	0.9999999352306658
0.390625	0.99999999537951
0.3958333333333333	0.9999999968333665
0.4010416666666667	0.9999999982872231
0.40625	0.9999999997410798
0.40625	0.9999999999896857
0.4114583333333333	0.9999999999930537
0.4166666666666667	0.9999999999964218
0.421875	0.99999999999979
0.421875	1.0
0.4270833333333333	0.9999999999999998
0.4322916666666667	0.9999999999999998
0.4375	1.0
0.4375	1.0
0.4427083333333333	0.9999999999999998
0.4479166666666667	0.9999999999999998
0.453125	1.0
0.453125	1.0
0.4583333333333333	0.9999999999999998
0.4635416666666667	0.9999999999999998
0.46875	1.0
0.46875	1.0
0.4739583333333333	0.9999999999999998
0.4791666666666667	0.9999999999999998
0.484375	1.0
0.484375	1.0
0.4895833333333333	0.9999999999999998
0.4947916666666667	0.9999999999999998
0.5	1.0
0.5	1.0
0.5052083333333334	0.9999999999999998
0.5104166666666666	0.9999999999999998
0.515625	1.0
0.515625	1.0
0.5208333333333334	0.9999999999999998
0.5260416666666666	0.9999999999999998
0.53125	1.0
0.53125	1.0
0.5364583333333334	0.9999999999999998
0.5416666666666666	0.9999999999999998
0.546875	1.0
0.546875	1.0
0.5520833333333334	0.9999999999999998
0.5572916666666666	0.9999999999999998
0.5625	1.0
0.5625	1.0
0.5677083333333334	0.9999999999999998
0.5729166666666666	0.9999999999999998
0.578125	1.0
0.578125	1.0
0.5833333333333334	0.9999999999999998
0.5885416666666666	0.9999999999999998
0.59375	1.0
0.59375	1.0
0.5989583333333334	0.907294625926052
0.6041666666666666	0.8145892518521042
0.609375	0.7218838777781564
0.609375	0.36631084907432665
0.6145833333333334	0.29024461439045535
0.6197916666666666	0.21417837970658415
0.625	0.13811214502271293
0.625	0.041109071373236196
0.6302083333333334	0.030765607622514204
0.6354166666666666	0.020422143871792225
0.640625	0.01007868012107024
0.640625	0.002079730803298101
0.6458333333333334	0.0015077550388019848
0.6510416666666666	0.0009357792743058691
0.65625	0.00036380350980975333
0.65625	5.4166312506412976e-5
0.6614583333333334	3.840149499418148e-5
0.6666666666666666	2.263667748195e-5
0.671875	6.87185996971852e-6
0.671875	7.344856449060187e-7
0.6770833333333334	5.112468746655865e-7
0.6822916666666666	2.880081044251543e-7
0.6875	6.476933418472223e-8
0.6875	4.620490071296298e-9
0.6927083333333334	3.166633454012346e-9
0.6979166666666666	1.7127768367283954e-9
0.703125	2.589202194444445e-10
0.703125	1.0314295833333336e-11
0.7083333333333334	6.9462263888888895e-12
0.7135416666666666	3.578156944444445e-12
0.71875	2.1008750000000004e-13
0.71875	0.0
0.7239583333333334	0.0
0.7291666666666666	0.0
0.734375	0.0
0.734375	0.0
0.7395833333333334	0.0
0.7447916666666666	0.0
0.75	0.0
0.75	0.0
0.7552083333333334	0.0
0.7604166666666666	0.0
0.765625	0.0
0.765625	0.0
0.7708333333333334	0.0
0.7760416666666666	0.0
0.78125	0.0
0.78125	0.0
0.7864583333333334	0.0
0.7916666666666666	0.0
0.796875	0.0
0.796875	0.0
0.8020833333333334	0.0
0.8072916666666666	0.0
0.8125	0.0
0.8125	0.0
0.8177083333333334	0.0
0.8229166666666666	0.0
0.828125	0.0
0.828125	0.0
0.8333333333333334	0.0
0.8385416666666666	0.0
0.84375	0.0
0.84375	0.0
0.8489583333333334	0.0
0.8541666666666666	0.0
0.859375	0.0
0.859375	0.0
0.8645833333333334	0.0
0.8697916666666666	0.0
0.875	0.0
0.875	0.0
0.8802083333333334	0.0
0.8854166666666666	0.0
0.890625	0.0
0.890625	0.0
0.8958333333333334	0.0
0.9010416666666666	0.0
0.90625	0.0
0.90625	0.0
0.9114583333333334	0.0
0.9166666666666666	0.0
0.921875	0.0
0.921875	0.0
0.9270833333333334	0.0
0.9322916666666666	0.0
0.9375	0.0
0.9375	0.0
0.9427083333333334	0.0
0.9479166666666666	0.0
0.953125	0.0
0.953125	0.0
0.9583333333333334	0.0
0.9635416666666666	0.0
0.96875	0.0
0.96875	0.0
0.9739583333333334	0.0
0.9791666666666666	0.0
0.984375	0.0
0.984375	0.0
0.9895833333333334	0.0
0.9947916666666666	0.0
1.0	0.0
