1.0e-5	0.0
2.0e-5	0.0
3.0000000000000004e-5	0.0
4.0e-5	0.0
5.0e-5	0.0
0.002834795751176951	0.0
0.002844795751176951	0.0
0.002854795751176951	0.0
0.002864795751176951	0.0
0.0028747957511769512	0.0
0.005659169773631071	0.0
0.0056691697736310715	0.0
0.005679169773631071	0.0
0.0056891697736310715	0.0
0.005699169773631071	0.0
0.00848199390865886	0.0
0.00849199390865886	0.0
0.008501993908658861	0.0
0.00851199390865886	0.0
0.00852199390865886	0.0
0.01130288331585442	0.0
0.01131288331585442	0.0
0.011322883315854421	0.0
0.011332883315854421	0.0
0.01134288331585442	0.0
0.014119904093890684	0.0
0.014129904093890684	0.0
0.014139904093890685	0.0
0.014149904093890685	0.0
0.014159904093890684	0.0
0.016933208012975383	0.0
0.016943208012975382	0.0
0.016953208012975382	0.0
0.01696320801297538	0.0
0.016973208012975385	0.0
0.019740941998342653	0.0
0.019750941998342653	0.0
0.019760941998342652	0.0
0.019770941998342652	0.0
0.019780941998342655	0.0
0.022543113646537417	0.0
0.022553113646537417	0.0
0.022563113646537417	0.0
0.022573113646537416	0.0
0.02258311364653742	0.0
0.025338546658454426	0.0
0.025348546658454426	0.0
0.025358546658454426	0.0
0.025368546658454425	0.0
0.025378546658454428	0.0
0.02812692926147128	0.0
0.02813692926147128	0.0
0.02814692926147128	0.0
0.02815692926147128	0.0
0.028166929261471282	0.0
0.030907465891796975	0.0
0.030917465891796975	0.0
0.030927465891796974	0.0
0.030937465891796974	0.0
0.030947465891796977	0.0
0.03367982447809004	0.0
0.03368982447809003	0.0
0.033699824478090036	0.0
0.03370982447809003	0.0
0.033719824478090035	0.0
0.03644360488528743	0.0
0.03645360488528743	0.0
0.03646360488528743	0.0
0.036473604885287426	0.0
0.03648360488528743	0.0
0.03919854054324945	0.0
0.039208540543249445	0.0
0.03921854054324945	0.0
0.039228540543249445	0.0
0.03923854054324945	0.0
0.041944121738198954	0.0
0.04195412173819895	0.0
0.04196412173819895	0.0
0.04197412173819895	0.0
0.04198412173819895	0.0
0.04468070267670688	0.0
0.04469070267670688	0.0
0.04470070267670688	0.0
0.044710702676706876	0.0
0.04472070267670688	0.0
0.04740711147537237	0.0
0.047417111475372364	0.0
0.04742711147537237	0.0
0.047437111475372364	0.0
0.04744711147537237	0.0
0.05012367030684422	0.0
0.050133670306844215	0.0
0.05014367030684422	0.0
0.050153670306844214	0.0
0.05016367030684422	0.0
0.0528307709479708	0.0
0.052840770947970794	0.0
0.0528507709479708	0.0
0.052860770947970794	0.0
0.0528707709479708	0.0
0.055527452783897036	0.0
0.05553745278389703	0.0
0.055547452783897035	0.0
0.05555745278389703	0.0
0.055567452783897034	0.0
0.05821386352839095	0.0
0.05822386352839094	0.0
0.058233863528390946	0.0
0.05824386352839094	0.0
0.058253863528390945	0.0
0.06089042577098488	0.0
0.060900425770984874	0.0
0.06091042577098488	0.0
0.06092042577098487	0.0
0.060930425770984876	0.0
0.06355700700521505	0.0
0.06356700700521506	0.0
0.06357700700521506	0.0
0.06358700700521505	0.0
0.06359700700521505	0.0
0.06621320446936987	0.0
0.06622320446936988	0.0
0.06623320446936988	0.0
0.06624320446936988	0.0
0.06625320446936987	0.0
0.06885945772530516	0.0
0.06886945772530517	0.0
0.06887945772530517	0.0
0.06888945772530516	0.0
0.06889945772530516	0.0
0.07149588747783506	0.0
0.07150588747783507	0.0
0.07151588747783506	0.0
0.07152588747783506	0.0
0.07153588747783506	0.0
0.07412228488996243	0.0
0.07413228488996244	0.0
0.07414228488996244	0.0
0.07415228488996244	0.0
0.07416228488996243	0.0
0.0767389486253191	0.0
0.07674894862531911	0.0
0.07675894862531911	0.0
0.0767689486253191	0.0
0.0767789486253191	0.0
0.07934601460422194	0.0
0.07935601460422195	0.0
0.07936601460422195	0.0
0.07937601460422194	0.0
0.07938601460422194	0.0
0.08194351972540326	0.0
0.08195351972540327	0.0
0.08196351972540326	0.0
0.08197351972540326	0.0
0.08198351972540326	0.0
0.08453189547542234	0.0
0.08454189547542235	0.0
0.08455189547542234	0.0
0.08456189547542234	0.0
0.08457189547542233	0.0
0.08711075205459332	0.0
0.08712075205459333	0.0
0.08713075205459332	0.0
0.08714075205459332	0.0
0.08715075205459331	0.0
0.08968046260376632	0.0
0.08969046260376633	0.0
0.08970046260376632	0.0
0.08971046260376632	0.0
0.08972046260376632	0.0
0.0922414499825967	0.0
0.09225144998259671	0.0
0.09226144998259671	0.0
0.0922714499825967	0.0
0.0922814499825967	0.0
0.09479369534287176	0.0
0.09480369534287177	0.0
0.09481369534287176	0.0
0.09482369534287176	0.0
0.09483369534287175	0.0
0.09733691031696715	0.0
0.09734691031696716	0.0
0.09735691031696715	0.0
0.09736691031696715	0.0
0.09737691031696714	0.0
0.0998715153619098	0.0
0.09988151536190981	0.0
0.09989151536190981	0.0
0.0999015153619098	0.0
0.0999115153619098	0.0
0.10239791937453621	0.0
0.10240791937453622	0.0
0.10241791937453622	0.0
0.10242791937453621	0.0
0.10243791937453621	0.0
0.10491651986314923	0.0
0.10492651986314924	0.0
0.10493651986314924	0.0
0.10494651986314923	0.0
0.10495651986314923	0.0
0.1074266459622141	0.0
0.10743664596221411	0.0
0.10744664596221411	0.0
0.1074566459622141	0.0
0.1074666459622141	0.0
0.10992858584632954	0.0
0.10993858584632955	0.0
0.10994858584632955	0.0
0.10995858584632955	0.0
0.10996858584632954	0.0
0.11242273545809117	0.0
0.11243273545809118	0.0
0.11244273545809118	0.0
0.11245273545809117	0.0
0.11246273545809117	0.0
0.11490947926328716	0.0
0.11491947926328717	0.0
0.11492947926328717	0.0
0.11493947926328717	0.0
0.11494947926328716	0.0
0.11738891760171782	0.0
0.11739891760171783	0.0
0.11740891760171783	0.0
0.11741891760171783	0.0
0.11742891760171782	0.0
0.11986067362537144	0.0
0.11987067362537145	0.0
0.11988067362537144	0.0
0.11989067362537144	0.0
0.11990067362537143	0.0
0.12232512700116717	0.0
0.12233512700116718	0.0
0.12234512700116718	0.0
0.12235512700116717	0.0
0.12236512700116717	0.0
0.12478264605386855	0.0
0.12479264605386856	0.0
0.12480264605386855	0.0
0.12481264605386855	0.0
0.12482264605386854	0.0
0.12723334131288686	0.0
0.12724334131288684	0.0
0.12725334131288685	0.0
0.12726334131288686	0.0
0.12727334131288684	0.0
0.12967709505079686	0.0
0.12968709505079684	0.0
0.12969709505079685	0.0
0.12970709505079686	0.0
0.12971709505079684	0.0
0.1321142632742496	0.0
0.1321242632742496	0.0
0.1321342632742496	0.0
0.1321442632742496	0.0
0.1321542632742496	0.0
0.13454490522454637	0.0
0.13455490522454636	0.0
0.13456490522454637	0.0
0.13457490522454638	0.0
0.13458490522454636	0.0
0.13696922163748634	0.0
0.13697922163748633	0.0
0.13698922163748634	0.0
0.13699922163748635	0.0
0.13700922163748633	0.0
0.1393873388662642	0.0
0.13939733886626418	0.0
0.1394073388662642	0.0
0.1394173388662642	0.0
0.13942733886626418	0.0
0.14179958862545147	0.0
0.14180958862545145	0.0
0.14181958862545146	0.0
0.14182958862545147	0.0
0.14183958862545146	0.0
0.1442057252613173	0.0
0.1442157252613173	0.0
0.1442257252613173	0.0
0.1442357252613173	0.0
0.1442457252613173	0.0
0.14660596824930947	0.0
0.14661596824930945	0.0
0.14662596824930946	0.0
0.14663596824930947	0.0
0.14664596824930945	0.0
0.14900063821868947	0.0
0.14901063821868946	0.0
0.14902063821868947	0.0
0.14903063821868948	0.0
0.14904063821868946	0.0
0.15139004558119715	0.0
0.15140004558119713	0.0
0.15141004558119714	0.0
0.15142004558119715	0.0
0.15143004558119713	0.0
0.15377382213116153	0.0
0.1537838221311615	0.0
0.15379382213116152	0.0
0.15380382213116153	0.0
0.15381382213116152	0.0
0.15615205862736442	0.0
0.1561620586273644	0.0
0.1561720586273644	0.0
0.15618205862736442	0.0
0.1561920586273644	0.0
0.15852506253875498	0.0
0.15853506253875496	0.0
0.15854506253875497	0.0
0.15855506253875498	0.0
0.15856506253875496	0.0
0.16089313135646852	0.0
0.1609031313564685	0.0
0.1609131313564685	0.0
0.16092313135646852	0.0
0.1609331313564685	0.0
0.16325655287243984	0.0
0.16326655287243982	0.0
0.16327655287243983	0.0
0.16328655287243984	0.0
0.16329655287243983	0.0
0.16561490207192053	0.0
0.16562490207192052	0.0
0.16563490207192053	0.0
0.16564490207192054	0.0
0.16565490207192052	0.0
0.1679682426808886	0.0
0.1679782426808886	0.0
0.1679882426808886	0.0
0.16799824268088862	0.0
0.1680082426808886	0.0
0.17031686297855098	0.0
0.17032686297855096	0.0
0.17033686297855097	0.0
0.17034686297855098	0.0
0.17035686297855096	0.0
0.17266104168372717	0.0
0.17267104168372716	0.0
0.17268104168372717	0.0
0.17269104168372718	0.0
0.17270104168372716	0.0
0.1750010482402666	0.0
0.1750110482402666	0.0
0.1750210482402666	0.0
0.1750310482402666	0.0
0.1750410482402666	0.0
0.177336566932771	0.0
0.17734656693277098	0.0
0.177356566932771	0.0
0.177366566932771	0.0
0.17737656693277098	0.0
0.17966763112592096	0.0
0.17967763112592094	0.0
0.17968763112592095	0.0
0.17969763112592096	0.0
0.17970763112592095	0.0
0.18199450904607828	0.0
0.18200450904607826	0.0
0.18201450904607827	0.0
0.18202450904607828	0.0
0.18203450904607826	0.0
0.18431745984946513	0.0
0.1843274598494651	0.0
0.18433745984946512	0.0
0.18434745984946513	0.0
0.1843574598494651	0.0
0.186636447310461	0.0
0.18664644731046098	0.0
0.186656447310461	0.0
0.186666447310461	0.0
0.18667644731046099	0.0
0.1889514359973014	0.0
0.1889614359973014	0.0
0.1889714359973014	0.0
0.1889814359973014	0.0
0.1889914359973014	0.0
0.19126267754160656	0.0
0.19127267754160654	0.0
0.19128267754160655	0.0
0.19129267754160656	0.0
0.19130267754160654	0.0
0.1935701873954004	0.0
0.1935801873954004	0.0
0.1935901873954004	0.0
0.1936001873954004	0.0
0.1936101873954004	0.0
0.19587411868268043	0.0
0.1958841186826804	0.0
0.19589411868268042	0.0
0.19590411868268043	0.0
0.1959141186826804	0.0
0.1981745154729847	0.0
0.19818451547298468	0.0
0.1981945154729847	0.0
0.1982045154729847	0.0
0.1982145154729847	0.0
0.20047161238665526	0.0
0.20048161238665524	0.0
0.20049161238665525	0.0
0.20050161238665526	0.0
0.20051161238665524	0.0
0.20276531679253343	0.0
0.2027753167925334	0.0
0.20278531679253342	0.0
0.20279531679253343	0.0
0.2028053167925334	0.0
0.20505563830134405	0.0
0.20506563830134403	0.0
0.20507563830134404	0.0
0.20508563830134405	0.0
0.20509563830134403	0.0
0.2073428051548042	0.0
0.20735280515480417	0.0
0.20736280515480418	0.0
0.2073728051548042	0.0
0.20738280515480417	0.0
0.2096270376144954	0.0
0.20963703761449537	0.0
0.20964703761449538	0.0
0.2096570376144954	0.0
0.20966703761449537	0.0
0.211908357257104	0.0
0.21191835725710398	0.0
0.211928357257104	0.0
0.211938357257104	0.0
0.21194835725710398	0.0
0.21418645914500337	0.0
0.21419645914500335	0.0
0.21420645914500336	0.0
0.21421645914500337	0.0
0.21422645914500335	0.0
0.2164615643035569	0.0
0.21647156430355688	0.0
0.2164815643035569	0.0
0.2164915643035569	0.0
0.21650156430355688	0.0
0.2187338859258024	0.0
0.21874388592580238	0.0
0.2187538859258024	0.0
0.2187638859258024	0.0
0.21877388592580238	0.0
0.2210036296636316	0.0
0.22101362966363158	0.0
0.2210236296636316	0.0
0.2210336296636316	0.0
0.22104362966363159	0.0
0.22327099390980476	0.0
0.22328099390980474	0.0
0.22329099390980475	0.0
0.22330099390980476	0.0
0.22331099390980474	0.0
0.22553543820046032	0.0
0.2255454382004603	0.0
0.2255554382004603	0.0
0.22556543820046032	0.0
0.2255754382004603	0.0
0.22779716541234343	0.0
0.22780716541234342	0.0
0.22781716541234343	0.0
0.22782716541234344	0.0
0.22783716541234342	0.0
0.23005637720663843	0.0
0.23006637720663842	0.0
0.23007637720663843	0.0
0.23008637720663844	0.0
0.23009637720663842	0.0
0.2323132680279216	0.0
0.23232326802792158	0.0
0.2323332680279216	0.0
0.2323432680279216	0.0
0.23235326802792158	0.0
0.2345680253849619	0.0
0.2345780253849619	0.0
0.2345880253849619	0.0
0.2345980253849619	0.0
0.2346080253849619	0.0
0.2368204057605096	0.0
0.2368304057605096	0.0
0.2368404057605096	0.0
0.2368504057605096	0.0
0.2368604057605096	0.0
0.23907038042209308	0.0
0.23908038042209306	0.0
0.23909038042209307	0.0
0.23910038042209308	0.0
0.23911038042209307	0.0
0.2413181384040076	0.0
0.24132813840400757	0.0
0.24133813840400758	0.0
0.2413481384040076	0.0
0.24135813840400758	0.0
0.24356386192505555	0.0
0.24357386192505553	0.0
0.24358386192505554	0.0
0.24359386192505555	0.0
0.24360386192505554	0.0
0.2458076364999561	0.0
0.24581763649995608	0.0
0.2458276364999561	0.0
0.2458376364999561	0.0
0.24584763649995608	0.0
0.24804927400334206	0.0
0.24805927400334205	0.0
0.24806927400334206	0.0
0.24807927400334207	0.0
0.24808927400334205	0.0
0.25028895268832085	0.0
0.25029895268832086	0.0
0.2503089526883208	0.0
0.25031895268832083	0.0
0.25032895268832084	0.0
0.25252675820923715	0.0
0.25253675820923716	0.0
0.2525467582092371	0.0
0.2525567582092371	0.0
0.25256675820923713	0.0
0.25476274413779615	0.0
0.25477274413779616	0.0
0.2547827441377961	0.0
0.2547927441377961	0.0
0.25480274413779613	0.0
0.25699694430579867	0.0
0.2570069443057987	0.0
0.25701694430579863	0.0
0.25702694430579864	0.0
0.25703694430579865	0.0
0.2592294580524195	0.0
0.2592394580524195	0.0
0.25924945805241945	0.0
0.25925945805241946	0.0
0.25926945805241947	0.0
0.2614604463237528	0.0
0.2614704463237528	0.0
0.2614804463237528	0.0
0.2614904463237528	0.0
0.2615004463237528	0.0
0.2636897102042984	0.0
0.2636997102042984	0.0
0.26370971020429834	0.0
0.26371971020429835	0.0
0.26372971020429836	0.0
0.2659173444805735	0.0
0.26592734448057354	0.0
0.2659373444805735	0.0
0.2659473444805735	0.0
0.2659573444805735	0.0
0.2681435069049251	0.0
0.2681535069049251	0.0
0.2681635069049251	0.0
0.2681735069049251	0.0
0.2681835069049251	0.0
0.2703683495378022	0.0
0.2703783495378022	0.0
0.27038834953780216	0.0
0.2703983495378022	0.0
0.2704083495378022	0.0
0.2725919041334477	0.0
0.2726019041334477	0.0
0.27261190413344766	0.0
0.27262190413344767	0.0
0.2726319041334477	0.0
0.27481388066471735	0.0
0.27482388066471736	0.0
0.2748338806647173	0.0
0.2748438806647173	0.0
0.27485388066471733	0.0
0.277034433505923	0.0
0.277044433505923	0.0
0.27705443350592296	0.0
0.27706443350592297	0.0
0.277074433505923	0.0
0.27925371141911415	0.0
0.27926371141911416	0.0
0.2792737114191141	0.0
0.2792837114191141	0.0
0.27929371141911413	0.0
0.2814718577966922	0.0
0.2814818577966922	0.0
0.28149185779669217	0.0
0.2815018577966922	0.0
0.2815118577966922	0.0
0.2836890108924366	0.0
0.2836990108924366	0.0
0.28370901089243655	0.0
0.28371901089243656	0.0
0.2837290108924366	0.0
0.28590500643494593	0.0
0.28591500643494594	0.0
0.2859250064349459	0.0
0.2859350064349459	0.0
0.2859450064349459	0.0
0.2881197097299909	0.0
0.2881297097299909	0.0
0.28813970972999087	0.0
0.2881497097299909	0.0
0.2881597097299909	0.0
0.2903332631204989	0.0
0.2903432631204989	0.0
0.29035326312049886	0.0
0.29036326312049887	0.0
0.2903732631204989	0.0
0.2925458037985909	0.0
0.2925558037985909	0.0
0.2925658037985909	0.0
0.2925758037985909	0.0
0.2925858037985909	0.0
0.2947574640312434	0.0
0.29476746403124343	0.0
0.2947774640312434	0.0
0.2947874640312434	0.0
0.2947974640312434	0.0
0.29696837137473175	0.0
0.29697837137473176	0.0
0.2969883713747317	0.0
0.29699837137473173	0.0
0.29700837137473174	0.0
0.29917829027430715	0.0
0.29918829027430716	0.0
0.2991982902743071	0.0
0.2992082902743071	0.0
0.29921829027430713	0.0
0.3013872162742659	0.0
0.3013972162742659	0.0
0.30140721627426587	0.0
0.3014172162742659	0.0
0.3014272162742659	0.0
0.303595279400284	0.0
0.30360527940028403	0.0
0.303615279400284	0.0
0.303625279400284	0.0
0.303635279400284	0.0
0.3058026050230451	0.0
0.30581260502304514	0.0
0.3058226050230451	0.0
0.3058326050230451	0.0
0.3058426050230451	0.0
0.3080093140630521	0.0
0.3080193140630521	0.0
0.30802931406305206	0.0
0.30803931406305207	0.0
0.3080493140630521	0.0
0.3102152314900655	0.0
0.31022523149006553	0.0
0.3102352314900655	0.0
0.3102452314900655	0.0
0.3102552314900655	0.0
0.3124204260383067	0.0
0.31243042603830673	0.0
0.3124404260383067	0.0
0.3124504260383067	0.0013980122257718967
0.3124604260383067	0.0034604337840059168
0.31462501699375384	0.00406615815218053
0.31463501699375385	0.006598786492980038
0.3146450169937538	0.014510487571769324
0.3146550169937538	0.12961977246836345
0.3146650169937538	0.11074509679858292
0.31682899748524923	0.1324149747201157
0.31683899748524924	0.13255578388387781
0.3168489974852492	0.13190532553990553
0.3168589974852492	0.11674074502168172
0.3168689974852492	0.1453603695824806
0.31903245099689986	0.17046166153401496
0.3190424509968999	0.1996758854287587
0.31905245099689983	0.22495222413495275
0.31906245099689984	0.17227525011825318
0.31907245099689985	0.28483356181392516
0.321235361238225	0.26227889317173536
0.321245361238225	0.2432824335751156
0.32125536123822496	0.19352969734619208
0.32126536123822497	0.21295253037626583
0.321275361238225	0.18570972837423183
0.3234378178223563	0.13472946693705656
0.3234478178223563	0.11719749329091675
0.3234578178223563	0.11177685790503464
0.3234678178223563	0.10274577283277761
0.3234778178223563	0.054938478609411034
0.3256399295747527	0.06546730905557789
0.3256499295747527	0.056562528890543716
0.32565992957475265	0.0845318817297794
0.32566992957475266	0.014477077751297841
0.32567992957475267	0.0043249753690067245
0.3278415727945511	0.004536733426133326
0.3278515727945511	0.0026811796438281177
0.3278615727945511	0.001048914509724115
0.3278715727945511	0.0
0.3278815727945511	0.0
0.33004276562524176	0.0
0.3300527656252418	0.0
0.3300627656252417	0.0013698106688530103
0.33007276562524174	0.0052056944080050545
0.33008276562524175	0.14022930365737887
0.3322436157073176	0.13962002467808518
0.3322536157073176	0.11441536080672964
0.33226361570731755	0.41766929376414635
0.33227361570731756	0.358425587701856
0.33228361570731757	0.5
0.3344442269468006	0.5
0.3344542269468006	0.5
0.33446422694680056	0.5
0.33447422694680057	0.5
0.3344842269468006	0.5
0.33664469967860755	0.5
0.33665469967860756	0.5
0.3366646996786075	0.5
0.3366746996786075	0.5
0.33668469967860754	0.5
0.338844905712105	0.5
0.338854905712105	0.5
0.338864905712105	0.5
0.338874905712105	0.5
0.338884905712105	0.5
0.3410447556891268	0.5
0.3410547556891268	0.5
0.34106475568912675	0.5
0.34107475568912676	0.5
0.3410847556891268	0.5
0.34324435256983427	0.5
0.3432543525698343	0.5
0.34326435256983423	0.5
0.34327435256983424	0.5
0.34328435256983425	0.43358767034703405
0.3454437957651381	0.4072758061920082
0.3454537957651381	0.2926281185065137
0.3454637957651381	0.19391259124205354
0.3454737957651381	0.0762804062762837
0.3454837957651381	0.06357671539901143
0.34764318129243776	0.08073426810031518
0.3476531812924378	0.0812141442303393
0.34766318129243773	0.008898420700573666
0.34767318129243774	0.0041249740105113635
0.34768318129243775	0.001004038359349018
0.34984260192312217	0.0010384145560653048
0.3498526019231222	0.0
0.34986260192312213	0.0
0.34987260192312214	0.0013057235266665365
0.34988260192312215	0.003068854555480321
0.3520420942265999	0.0033567206291513193
0.3520520942265999	0.004922508806605292
0.35206209422659984	0.008517653967460483
0.35207209422659985	0.01470749296954491
0.35208209422659986	0.14441323946407375
0.354241372178993	0.1443738044707507
0.354251372178993	0.14400238258580708
0.35426137217899295	0.1433517229958413
0.35427137217899296	0.1424480071359376
0.35428137217899297	0.14106727726624269
0.3564405324090962	0.14086059312516216
0.3564505324090962	0.14013808952870543
0.35646053240909614	0.13901592725761922
0.35647053240909615	0.1377341508374656
0.35648053240909616	0.15032960469171477
0.3586396682573746	0.16948158656091436
0.3586496682573746	0.27977489948179735
0.35865966825737455	0.3635820538563431
0.35866966825737456	0.47168102152830016
0.3586796682573746	0.37343903347304536
0.3608388699198285	0.4604106396539925
0.3608488699198285	0.47520183878915323
0.36085886991982846	0.47464917526840955
0.36086886991982847	0.5
0.3608788699198285	0.5
0.36303822458420704	0.5
0.36304822458420705	0.5
0.363058224584207	0.5
0.363068224584207	0.5
0.363078224584207	0.5
0.36523781655904314	0.5
0.36524781655904315	0.5
0.3652578165590431	0.5
0.3652678165590431	0.5
0.3652778165590431	0.5
0.3674375393281119	0.5
0.3674475393281119	0.5
0.36745753932811187	0.5
0.3674675393281119	0.5
0.3674775393281119	0.5
0.3696372989913353	0.5
0.3696472989913353	0.5
0.36965729899133526	0.5
0.36966729899133527	0.5
0.3696772989913353	0.5
0.3718371824590833	0.5
0.3718471824590833	0.5
0.3718571824590833	0.5
0.3718671824590833	0.5
0.3718771824590833	0.5
0.37403727376577045	0.5
0.37404727376577046	0.5
0.3740572737657704	0.5
0.3740672737657704	0.5
0.37407727376577043	0.5
0.37623765419326566	0.5
0.37624765419326567	0.5
0.3762576541932656	0.5
0.37626765419326563	0.5
0.37627765419326564	0.5
0.3784384023878234	0.5
0.3784484023878234	0.5
0.37845840238782336	0.5
0.37846840238782337	0.5
0.3784784023878234	0.5
0.3806393726485549	0.5
0.3806493726485549	0.5
0.3806593726485549	0.5
0.3806693726485549	0.5
0.3806793726485549	0.5
0.3828406128116302	0.5
0.3828506128116302	0.5
0.38286061281163014	0.5
0.38287061281163015	0.5819216155147656
0.38288061281163016	0.7693858727645337
0.38504220130851446	0.7624904095260859
0.3850522013085145	0.6111413605116279
0.38506220130851443	0.5
0.38507220130851444	0.5
0.38508220130851445	0.5
0.3872441788345478	0.4724980217646119
0.3872541788345478	0.07680078531915302
0.3872641788345478	0.07818459017423333
0.3872741788345478	0.5
0.3872841788345478	0.5
0.3894465427780797	0.008599195113727804
0.38945654277807973	0.13663016412403628
0.3894665427780797	0.5
0.3894765427780797	0.5
0.3894865427780797	0.5
0.3916493648482956	0.5
0.3916593648482956	0.5
0.39166936484829556	0.5
0.3916793648482956	0.5
0.3916893648482956	0.5
0.3938526098416562	0.5
0.3938626098416562	0.5
0.3938726098416562	0.5
0.3938826098416562	0.5
0.3938926098416562	0.5
0.39605635059726535	0.5
0.39606635059726536	0.5
0.3960763505972653	0.5
0.3960863505972653	0.5
0.39609635059726533	0.5
0.39826065766789837	0.5
0.3982706576678984	0.5
0.39828065766789833	0.5
0.39829065766789834	0.5
0.39830065766789835	0.5
0.4004655264968234	0.5
0.4004755264968234	0.5
0.40048552649682334	0.5
0.40049552649682335	0.6565170446417271
0.40050552649682336	0.7463535610255667
0.40267086685555187	0.7430827244619436
0.4026808668555519	0.5800480736501132
0.40269086685555183	0.5
0.40270086685555184	0.5
0.40271086685555185	0.5
0.40487674933625895	0.5
0.40488674933625896	0.5
0.4048967493362589	0.1598527008970717
0.4049067493362589	0.10960377564922202
0.40491674933625893	0.0
0.40708324233789034	0.0011841635536767603
0.40709324233789035	0.0032033785803567898
0.4071032423378903	0.1451152984886499
0.4071132423378903	0.1966493132268757
0.4071232423378903	0.5
0.40929041215621886	0.5
0.4093004121562189	0.5
0.40931041215621883	0.5
0.40932041215621884	0.5
0.40933041215621885	0.5
0.4114983230693928	0.5
0.41150832306939283	0.5
0.4115183230693928	0.5
0.4115283230693928	0.5
0.4115383230693928	0.5
0.4137070083776475	0.5
0.4137170083776475	0.5
0.4137270083776475	0.5
0.4137370083776475	0.5
0.4137470083776475	0.5
0.41591626152637273	0.5
0.41592626152637274	0.5
0.4159362615263727	0.5
0.4159462615263727	0.5
0.4159562615263727	0.5
0.41812614928021524	0.5
0.41813614928021525	0.5
0.4181461492802152	0.5
0.4181561492802152	0.5
0.4181661492802152	0.5
0.420336736369925	0.5
0.42034673636992503	0.5
0.420356736369925	0.5
0.420366736369925	0.5
0.420376736369925	0.5
0.4225480855748013	0.5
0.4225580855748013	0.5
0.42256808557480124	0.5
0.42257808557480125	0.5
0.42258808557480126	0.5
0.42476025780097687	0.5
0.4247702578009769	0.5
0.42478025780097683	0.20243733066264058
0.42479025780097684	0.38886436725058215
0.42480025780097685	0.08094814584801173
0.42697331215579293	0.39503715319701593
0.42698331215579294	0.5
0.4269933121557929	0.5
0.4270033121557929	0.5
0.4270133121557929	0.5
0.4291873060185036	0.5
0.4291973060185036	0.5
0.42920730601850354	0.5
0.42921730601850355	0.5
0.42922730601850356	0.5
0.4314022254435271	0.5
0.4314122254435271	0.5
0.43142222544352704	0.5
0.43143222544352705	0.5
0.43144222544352706	0.5
0.43361789606462436	0.5
0.4336278960646244	0.5
0.43363789606462433	0.5
0.43364789606462434	0.5
0.43365789606462435	0.5
0.4358343783687105	0.5
0.4358443783687105	0.5
0.43585437836871044	0.5
0.43586437836871045	0.5
0.43587437836871046	0.5
0.4380517310713084	0.5
0.4380617310713084	0.5
0.43807173107130837	0.5
0.4380817310713084	0.5
0.4380917310713084	0.5
0.4402700111871874	0.5
0.4402800111871874	0.5
0.44029001118718736	0.5
0.44030001118718737	0.5
0.4403100111871874	0.5
0.44248927409751476	0.5
0.44249927409751477	0.5
0.4425092740975147	0.5
0.44251927409751474	0.5
0.44252927409751475	0.5
0.44470957361372276	0.5
0.4447195736137228	0.5
0.44472957361372273	0.5
0.44473957361372274	0.5
0.44474957361372275	0.5
0.44693096203827576	0.5
0.44694096203827577	0.5
0.4469509620382757	0.5
0.44696096203827573	0.5
0.44697096203827574	0.5
0.44915349022250906	0.5
0.44916349022250907	0.5
0.449173490222509	0.5
0.44918349022250903	0.5
0.44919349022250904	0.5
0.4513769965069404	0.5
0.4513869965069404	0.5
0.4513969965069404	0.5
0.4514069965069404	0.5
0.4514169965069404	0.5
0.4536014953597886	0.5
0.4536114953597886	0.5
0.4536214953597886	0.5
0.4536314953597886	0.5
0.4536414953597886	0.5
0.4558270397681675	0.5
0.45583703976816753	0.5
0.4558470397681675	0.5
0.4558570397681675	0.5
0.4558670397681675	0.5
0.45805368123373236	0.5
0.45806368123373237	0.701591154151748
0.4580736812337323	0.7415757776414522
0.45808368123373233	0.80109231245705
0.45809368123373234	0.5
0.46028146982899165	0.14471916559656722
0.46029146982899166	0.14486589781723905
0.4603014698289916	0.5
0.4603114698289916	0.5
0.46032146982899164	0.0016039495610814516
0.4625104542512208	0.5
0.4625204542512208	0.5
0.46253045425122075	0.5
0.46254045425122076	0.5
0.46255045425122077	0.5
0.4647406818742361	0.5
0.4647506818742361	0.5
0.4647606818742361	0.5
0.4647706818742361	0.5
0.4647806818742361	0.5
0.46697207502775445	0.5
0.46698207502775446	0.5
0.4669920750277544	0.5
0.4670020750277544	0.5
0.46701207502775444	0.5
0.4692046343719371	0.5
0.4692146343719371	0.5
0.46922463437193707	0.5
0.4692346343719371	0.5
0.4692446343719371	0.5
0.47143840807959975	0.5
0.47144840807959976	0.5
0.4714584080795997	0.5
0.4714684080795997	0.5
0.47147840807959973	0.5
0.4736734430762766	0.5
0.47368344307627663	0.5
0.4736934430762766	0.5
0.4737034430762766	0.7033025081417347
0.4737134430762766	0.8046525106987591
0.47590978508630505	0.8062449029527845
0.47591978508630506	0.7815920652125253
0.475929785086305	0.5
0.475939785086305	0.5
0.47594978508630503	0.5
0.47814742665415716	0.5
0.47815742665415717	0.4635380986629726
0.4781674266541571	0.13766839034041886
0.47817742665415713	0.13667437108241712
0.47818742665415714	0.011858922810365276
0.48038638994905386	0.011659624409957997
0.48039638994905387	0.1450215353243555
0.4804063899490538	0.18198843523967392
0.48041638994905383	0.5
0.48042638994905384	0.5
0.4826267205797787	0.5
0.4826367205797787	0.5
0.48264672057977864	0.5
0.48265672057977865	0.5
0.48266672057977866	0.5
0.484868463226703	0.5
0.484878463226703	0.5
0.484888463226703	0.5
0.484898463226703	0.5
0.484908463226703	0.5
0.48711163904379295	0.5
0.48712163904379296	0.5
0.4871316390437929	0.5
0.48714163904379293	0.5
0.48715163904379294	0.5
0.4893562448789176	0.5
0.4893662448789176	0.5
0.48937624487891757	0.5
0.4893862448789176	0.5
0.4893962448789176	0.5
0.4916023213843474	0.5
0.4916123213843474	0.5
0.49162232138434736	0.5
0.49163232138434737	0.5
0.4916423213843474	0.5
0.4938499081708697	0.5
0.4938599081708697	0.5
0.4938699081708697	0.5
0.4938799081708697	0.5
0.4938899081708697	0.5
0.49609901418984526	0.5
0.49610901418984527	0.5
0.4961190141898452	0.5
0.49612901418984523	0.3268805961279664
0.49613901418984524	0.2121784726649455
0.4983495675471807	0.31986636433149973
0.4983595675471807	0.5
0.49836956754718065	0.5
0.49837956754718066	0.5
0.49838956754718067	0.5
0.5006016099367873	0.5
0.5006116099367873	0.5
0.5006216099367873	0.5
0.5006316099367873	0.5
0.5006416099367873	0.5
0.502855182136135	0.5
0.5028651821361351	0.5
0.502875182136135	0.5
0.5028851821361351	0.5
0.502895182136135	0.5
0.5051103240537275	0.5
0.5051203240537275	0.5
0.5051303240537275	0.5
0.5051403240537276	0.5
0.5051503240537275	0.5
0.5073670747667554	0.5
0.5073770747667554	0.5
0.5073870747667554	0.5
0.5073970747667554	0.5
0.5074070747667554	0.5
0.5096254725473517	0.5
0.5096354725473518	0.5
0.5096454725473517	0.5
0.5096554725473518	0.5
0.5096654725473517	0.5
0.5118855548766875	0.5
0.5118955548766876	0.5
0.5119055548766875	0.5
0.5119155548766876	0.5
0.5119255548766876	0.5
0.5141473584470396	0.5
0.5141573584470397	0.5
0.5141673584470396	0.5
0.5141773584470397	0.5
0.5141873584470397	0.5
0.5164109191528563	0.5
0.5164209191528564	0.5
0.5164309191528563	0.5
0.5164409191528564	0.5
0.5164509191528563	0.5
0.5186762720726568	0.5
0.5186862720726568	0.5
0.5186962720726568	0.5
0.5187062720726568	0.5
0.5187162720726568	0.5
0.5209433356988709	0.5
0.5209533356988709	0.5
0.5209633356988709	0.5
0.5209733356988709	0.5
0.5209833356988709	0.5
0.5232120842641498	0.5
0.5232220842641498	0.5
0.5232320842641498	0.5
0.5232420842641499	0.5
0.5232520842641498	0.5
0.5254825531752809	0.5
0.525492553175281	0.5
0.5255025531752809	0.5
0.525512553175281	0.5
0.525522553175281	0.5
0.5277547772754891	0.5651716075782005
0.5277647772754892	0.7319162694124435
0.5277747772754892	0.5
0.5277847772754892	0.805920649278197
0.5277947772754892	0.5
0.5300287909245486	0.5
0.5300387909245486	0.5
0.5300487909245486	0.5
0.5300587909245487	0.5
0.5300687909245486	0.5
0.5323046280687882	0.5
0.5323146280687883	0.5
0.5323246280687882	0.5
0.5323346280687883	0.5
0.5323446280687882	0.5
0.5345823222984254	0.5
0.5345923222984255	0.5
0.5346023222984254	0.5
0.5346123222984255	0.5
0.5346223222984254	0.5
0.5368619068901966	0.5
0.5368719068901967	0.5
0.5368819068901967	0.5
0.5368919068901967	0.5
0.5369019068901967	0.5
0.5391434148337627	0.5
0.5391534148337628	0.5
0.5391634148337627	0.5
0.5391734148337628	0.5
0.5391834148337628	0.5
0.5414268788409294	0.5
0.5414368788409295	0.5
0.5414468788409295	0.5
0.5414568788409295	0.5
0.5414668788409295	0.5
0.5437123313373736	0.5995302360333947
0.5437223313373737	0.7211654873455418
0.5437323313373736	0.7838991456342977
0.5437423313373737	0.781625337441127
0.5437523313373737	0.5
0.5459998044372473	0.5
0.5460098044372473	0.5
0.5460198044372473	0.5
0.5460298044372474	0.5
0.5460398044372473	0.10177291199626867
0.548289329901712	0.01344258163423909
0.548299329901712	0.0030839576766149243
0.548309329901712	0.0
0.5483193299017121	0.0033944185427812732
0.548329329901712	0.1446892541855392
0.5505809390830784	0.14432741948698283
0.5505909390830784	0.14294601836799503
0.5506009390830784	0.3276084924460491
0.5506109390830785	0.405092097249468
0.5506209390830784	0.5
0.5528746333866905	0.5
0.5528846333866906	0.5
0.5528946333866905	0.5
0.5529046333866906	0.5
0.5529146333866906	0.5
0.5551703120070421	0.5
0.5551803120070422	0.5
0.5551903120070422	0.5
0.5552003120070422	0.5
0.5552103120070422	0.5
0.5574680025750808	0.5
0.5574780025750808	0.5
0.5574880025750808	0.5
0.5574980025750809	0.5
0.5575080025750808	0.5
0.5597677323995269	0.5
0.559777732399527	0.5
0.559787732399527	0.5
0.559797732399527	0.5
0.559807732399527	0.5
0.562069528636026	0.5
0.5620795286360261	0.5
0.562089528636026	0.5
0.5620995286360261	0.5
0.562109528636026	0.307890859652796
0.564373418457703	0.2777758619882224
0.564383418457703	0.16758093161875232
0.564393418457703	0.07804161456787878
0.564403418457703	0.07780174095158816
0.564413418457703	0.008280923178215155
0.5666794292230823	0.0071807999827072574
0.5666894292230824	0.004217187207924893
0.5666994292230824	0.0019656740430524736
0.5667094292230824	0.0
0.5667194292230824	0.0
0.568987588637078	0.0
0.5689975886370781	0.0
0.569007588637078	0.0019272320097331811
0.5690175886370781	0.010357689131765383
0.569027588637078	0.15312789373576274
0.5712979249005088	0.24770848543022647
0.5713079249005089	0.5
0.5713179249005088	0.5
0.5713279249005089	0.5
0.5713379249005088	0.5
0.5736104668434782	0.5
0.5736204668434782	0.5
0.5736304668434782	0.5
0.5736404668434782	0.5
0.5736504668434782	0.5
0.575925244038311	0.5
0.5759352440383111	0.5
0.575945244038311	0.5
0.5759552440383111	0.5
0.5759652440383111	0.5
0.5782422868877751	0.5
0.5782522868877752	0.5
0.5782622868877751	0.5
0.5782722868877752	0.5
0.5782822868877752	0.5
0.5805616266843546	0.5
0.5805716266843547	0.5
0.5805816266843546	0.5
0.5805916266843547	0.5
0.5806016266843547	0.5
0.5828832956366653	0.5
0.5828932956366654	0.5
0.5829032956366653	0.5
0.5829132956366654	0.5
0.5829232956366653	0.5
0.5852073268596614	0.5
0.5852173268596614	0.5
0.5852273268596614	0.5
0.5852373268596615	0.5
0.5852473268596614	0.5
0.587533754326025	0.5
0.587543754326025	0.5
0.587553754326025	0.5
0.587563754326025	0.5
0.587573754326025	0.5
0.5898626127769817	0.5
0.5898726127769818	0.5
0.5898826127769817	0.5
0.5898926127769818	0.5
0.5899026127769817	0.5
0.5921939375917181	0.5
0.5922039375917182	0.5
0.5922139375917181	0.5
0.5922239375917182	0.5
0.5922339375917182	0.5
0.5945277642652206	0.5
0.5945377642652206	0.5
0.5945477642652206	0.5
0.5945577642652207	0.5
0.5945677642652206	0.5
0.5968640658741584	0.5
0.5968740658741585	0.6329357705745002
0.5968840658741584	0.8249061893726433
0.5968940658741585	0.5
0.5969040658741585	0.5
0.5992029494982467	0.5
0.5992129494982468	0.5
0.5992229494982467	0.5
0.5992329494982468	0.5
0.5992429494982467	0.5
0.6015444993467576	0.5
0.6015544993467576	0.5
0.6015644993467576	0.5
0.6015744993467577	0.5
0.6015844993467576	0.5
0.60388869466376	0.5
0.6038986946637601	0.5
0.6039086946637601	0.5
0.6039186946637601	0.5
0.6039286946637601	0.5
0.6062352933170848	0.5
0.6062452933170849	0.5
0.6062552933170848	0.5
0.6062652933170849	0.5
0.6062752933170849	0.5
0.6085842039162834	0.5
0.6085942039162835	0.5
0.6086042039162834	0.5
0.6086142039162835	0.5
0.6086242039162835	0.5
0.6109354941617026	0.5
0.6109454941617026	0.5
0.6109554941617026	0.5759721569789894
0.6109654941617026	0.7413555179897093
0.6109754941617026	0.7986053047296352
0.6132892379430572	0.7881732719068101
0.6132992379430573	0.7415498643323741
0.6133092379430573	0.5
0.6133192379430573	0.5
0.6133292379430573	0.5
0.6156455148388099	0.5
0.61565551483881	0.5
0.6156655148388099	0.5
0.61567551483881	0.5
0.61568551483881	0.5
0.618004409454605	0.5
0.6180144094546051	0.5
0.618024409454605	0.5
0.6180344094546051	0.39814809228193576
0.618044409454605	0.2713610306166104
0.6203660106049543	0.25872121356626576
0.6203760106049544	0.21378360875923968
0.6203860106049544	0.5
0.6203960106049544	0.5
0.6204060106049544	0.5
0.622730410348745	0.5
0.622740410348745	0.5
0.622750410348745	0.5
0.6227604103487451	0.5
0.622770410348745	0.5
0.625097702891452	0.5
0.625107702891452	0.5
0.625117702891452	0.5
0.625127702891452	0.5
0.625137702891452	0.5
0.6274679833700303	0.5
0.6274779833700304	0.5
0.6274879833700303	0.5
0.6274979833700304	0.5
0.6275079833700303	0.5
0.6298411535092274	0.5
0.6298511535092275	0.3473525813387486
0.6298611535092274	0.19115100841501295
0.6298711535092275	0.0842047885001211
0.6298811535092275	0.07725235639872098
0.6322169173311084	0.0762427609793166
0.6322269173311085	0.0122500331035581
0.6322369173311084	0.005272798505469232
0.6322469173311085	0.002009248414587782
0.6322569173311084	0.0
0.6345953115197739	0.0
0.634605311519774	0.0
0.6346153115197739	0.001318258486504659
0.634625311519774	0.0037895469608720143
0.6346353115197739	0.11676711906092926
0.6369763796231331	0.12291598661044081
0.6369863796231332	0.21903143931232635
0.6369963796231332	0.5
0.6370063796231332	0.5
0.6370163796231332	0.5
0.6393601721791332	0.5
0.6393701721791333	0.5
0.6393801721791332	0.5
0.6393901721791333	0.5
0.6394001721791333	0.5
0.6417467466623554	0.5
0.6417567466623555	0.5
0.6417667466623554	0.5
0.6417767466623555	0.5
0.6417867466623555	0.5
0.6441361672401045	0.5
0.6441461672401045	0.5
0.6441561672401045	0.5
0.6441661672401046	0.5
0.6441761672401045	0.5
0.646528504332855	0.5
0.6465385043328551	0.5
0.646548504332855	0.5
0.6465585043328551	0.5
0.6465685043328551	0.5
0.6489238339802401	0.5
0.6489338339802402	0.5
0.6489438339802401	0.5
0.6489538339802402	0.5
0.6489638339802402	0.5
0.6513222370203942	0.5
0.6513322370203942	0.5
0.6513422370203942	0.5
0.6513522370203942	0.5
0.6513622370203942	0.5
0.6537237980970764	0.5
0.6537337980970764	0.5
0.6537437980970764	0.5
0.6537537980970765	0.5
0.6537637980970764	0.5
0.6561286045152757	0.5
0.6561386045152757	0.5
0.6561486045152757	0.5
0.6561586045152757	0.5
0.6561686045152757	0.5
0.6585367449720987	0.5
0.6585467449720988	0.5
0.6585567449720987	0.5
0.6585667449720988	0.5
0.6585767449720987	0.5
0.6609483081944022	0.5
0.6609583081944023	0.5
0.6609683081944022	0.5
0.6609783081944023	0.5
0.6609883081944022	0.5
0.6633633815170694	0.5
0.6633733815170695	0.5
0.6633833815170694	0.7903813646384572
0.6633933815170695	0.5
0.6634033815170695	0.5
0.6657818136663565	0.5
0.6657918136663565	0.5
0.6658018136663565	0.5
0.6658118136663566	0.5
0.6658218136663565	0.5
0.6682032119404506	0.5
0.6682132119404507	0.5
0.6682232119404506	0.5
0.6682332119404507	0.5
0.6682432119404507	0.5
0.6706276168404905	0.5
0.6706376168404906	0.5
0.6706476168404906	0.5
0.6706576168404906	0.5
0.6706676168404906	0.5
0.673055076879087	0.5
0.6730650768790871	0.5
0.6730750768790871	0.5
0.6730850768790871	0.5
0.6730950768790871	0.5
0.6754856484888979	0.5
0.675495648488898	0.5
0.6755056484888979	0.5
0.675515648488898	0.5
0.675525648488898	0.5
0.6779193956954951	0.5
0.6779293956954952	0.6649159537127186
0.6779393956954951	0.7669690927861272
0.6779493956954952	0.7991646130038871
0.6779593956954951	0.5
0.6803563895545456	0.5
0.6803663895545456	0.5
0.6803763895545456	0.5
0.6803863895545457	0.5
0.6803963895545456	0.5
0.6827967073616295	0.5
0.6828067073616295	0.5
0.6828167073616295	0.5
0.6828267073616295	0.5
0.6828367073616295	0.5
0.6852404316510997	0.5
0.6852504316510998	0.5
0.6852604316510997	0.5
0.6852704316510998	0.5
0.6852804316510998	0.5
0.6876876490078873	0.5
0.6876976490078873	0.5
0.6877076490078873	0.5
0.6877176490078873	0.5
0.6877276490078873	0.5
0.6901384487227964	0.5
0.6901484487227965	0.5
0.6901584487227964	0.5
0.6901684487227965	0.5
0.6901784487227964	0.5
0.6925929213274026	0.5
0.6926029213274026	0.5
0.6926129213274026	0.5
0.6926229213274027	0.5
0.6926329213274026	0.5
0.695051157048953	0.5
0.6950611570489531	0.5
0.6950711570489531	0.5
0.6950811570489531	0.5
0.6950911570489531	0.5
0.6975132442285412	0.5
0.6975232442285413	0.5
0.6975332442285412	0.5
0.6975432442285413	0.5
0.6975532442285413	0.5
0.6999792677475094	0.5
0.6999892677475095	0.5
0.6999992677475094	0.5
0.7000092677475095	0.5
0.7000192677475094	0.5
0.7024493075066831	0.5
0.7024593075066832	0.5
0.7024693075066831	0.5
0.7024793075066832	0.5
0.7024893075066831	0.5
0.7049228933889443	0.5
0.7049328933889444	0.5
0.7049428933889443	0.5
0.7049528933889444	0.5
0.7049628933889444	0.5
0.7073998009194193	0.5
0.7074098009194194	0.5
0.7074198009194194	0.5
0.7074298009194194	0.5
0.7074398009194194	0.5
0.7098800985488788	0.5
0.7098900985488789	0.5
0.7099000985488788	0.5
0.7099100985488789	0.5
0.7099200985488788	0.5
0.7123638637626193	0.5
0.7123738637626194	0.5
0.7123838637626193	0.5
0.7123938637626194	0.5
0.7124038637626193	0.5
0.714851182038825	0.5
0.7148611820388251	0.5
0.714871182038825	0.5
0.7148811820388251	0.5
0.7148911820388251	0.5
0.7173421455301157	0.5
0.7173521455301157	0.5
0.7173621455301157	0.5
0.7173721455301157	0.5
0.7173821455301157	0.5
0.7198368515060213	0.5
0.7198468515060213	0.5
0.7198568515060213	0.5
0.7198668515060214	0.5
0.7198768515060213	0.5
0.7223354006023217	0.5
0.7223454006023218	0.5
0.7223554006023217	0.5
0.7223654006023218	0.5
0.7223754006023217	0.5
0.7248378949293093	0.5
0.7248478949293093	0.5
0.7248578949293093	0.5
0.7248678949293094	0.5
0.7248778949293093	0.5
0.7273444360950185	0.5
0.7273544360950186	0.5
0.7273644360950186	0.5
0.7273744360950186	0.7745437799822602
0.7273844360950186	0.5
0.7298551232013618	0.5
0.7298651232013619	0.5
0.7298751232013618	0.5
0.7298851232013619	0.5
0.7298951232013619	0.5
0.7323700508710587	0.5
0.7323800508710587	0.5
0.7323900508710587	0.5
0.7324000508710587	0.5
0.7324100508710587	0.5
0.7348874407275444	0.5
0.7348974407275445	0.5
0.7349074407275444	0.5
0.7349174407275445	0.5
0.7349274407275445	0.5
0.7374068370311702	0.5
0.7374168370311702	0.5
0.7374268370311702	0.5
0.7374368370311702	0.5
0.7374468370311702	0.5
0.7399283382997323	0.5
0.7399383382997323	0.5
0.7399483382997323	0.5
0.7399583382997323	0.5
0.7399683382997323	0.5
0.7424520487860781	0.5
0.7424620487860781	0.5
0.7424720487860781	0.6786539436792496
0.7424820487860782	0.7921080086437182
0.7424920487860781	0.8005404695124212
0.7449780770586978	0.7200264062074961
0.7449880770586979	0.5
0.7449980770586978	0.5
0.7450080770586979	0.5
0.7450180770586978	0.5
0.7475065344347145	0.5
0.7475165344347146	0.5
0.7475265344347145	0.5
0.7475365344347146	0.5
0.7475465344347145	0.5
0.7500375333073378	0.5
0.7500475333073379	0.5
0.7500575333073378	0.5
0.7500675333073379	0.5
0.7500775333073378	0.5
0.752570916831943	0.5
0.7525809168319431	0.5
0.752590916831943	0.5
0.7526009168319431	0.5
0.752610916831943	0.5
0.755106425833172	0.5
0.7551164258331721	0.5
0.755126425833172	0.5
0.7551364258331721	0.5
0.755146425833172	0.5
0.7576440997824314	0.5
0.7576540997824315	0.5
0.7576640997824314	0.5
0.7576740997824315	0.5
0.7576840997824315	0.5
0.7601839868384994	0.5
0.7601939868384995	0.5
0.7602039868384994	0.5
0.7602139868384995	0.5
0.7602239868384995	0.5
0.7627261440251628	0.5
0.7627361440251629	0.5
0.7627461440251628	0.5
0.7627561440251629	0.5
0.7627661440251629	0.5
0.7652706371727236	0.5
0.7652806371727237	0.5
0.7652906371727236	0.5
0.7653006371727237	0.5
0.7653106371727236	0.5
0.7678175406028898	0.5
0.7678275406028898	0.5
0.7678375406028898	0.5
0.7678475406028898	0.5
0.7678575406028898	0.5
0.7703669365436524	0.5
0.7703769365436525	0.5
0.7703869365436524	0.5
0.7703969365436525	0.5
0.7704069365436524	0.5
0.7729186081039022	0.5
0.7729286081039023	0.5
0.7729386081039022	0.5
0.7729486081039023	0.5
0.7729586081039023	0.5
0.7754712791895938	0.5
0.7754812791895939	0.5
0.7754912791895938	0.5
0.7755012791895939	0.5
0.7755112791895938	0.5
0.7780248606107549	0.5
0.778034860610755	0.5
0.778044860610755	0.5
0.778054860610755	0.5
0.778064860610755	0.5
0.7805793994619014	0.5
0.7805893994619014	0.5
0.7805993994619014	0.5
0.7806093994619014	0.5
0.7806193994619014	0.5
0.7831349430593527	0.5
0.7831449430593528	0.5
0.7831549430593527	0.5
0.7831649430593528	0.5
0.7831749430593528	0.5
0.7856915388628817	0.5
0.7857015388628817	0.5
0.7857115388628817	0.5
0.7857215388628818	0.5
0.7857315388628817	0.5
0.7882492344114643	0.5
0.7882592344114644	0.5
0.7882692344114643	0.5
0.7882792344114644	0.5
0.7882892344114644	0.5
0.7908080772723673	0.5
0.7908180772723674	0.5
0.7908280772723674	0.5
0.7908380772723674	0.5
0.7908480772723674	0.5
0.7933681150038474	0.5
0.7933781150038475	0.5
0.7933881150038474	0.6391342201787564
0.7933981150038475	0.5
0.7934081150038474	0.7835346455413753
0.7959291804043271	0.5
0.7959391804043272	0.5
0.7959491804043272	0.5
0.7959591804043272	0.5
0.7959691804043272	0.5
0.7984913155119729	0.5
0.798501315511973	0.5
0.798511315511973	0.5
0.798521315511973	0.5
0.798531315511973	0.5
0.8010545886875148	0.5
0.8010645886875148	0.5
0.8010745886875148	0.5
0.8010845886875149	0.5
0.8010945886875148	0.5
0.8036190712902321	0.5
0.8036290712902322	0.5
0.8036390712902322	0.5
0.8036490712902322	0.5
0.8036590712902322	0.5
0.8061848367597719	0.5
0.806194836759772	0.5
0.806204836759772	0.5
0.806214836759772	0.5
0.806224836759772	0.5
0.808751959698385	0.5
0.808761959698385	0.6380506891625208
0.808771959698385	0.7610480826619218
0.8087819596983851	0.8040133995391868
0.808791959698385	0.5
0.8113205149798114	0.5
0.8113305149798115	0.5
0.8113405149798114	0.5
0.8113505149798115	0.5
0.8113605149798114	0.5
0.8138905769065156	0.5
0.8139005769065156	0.5
0.8139105769065156	0.5
0.8139205769065156	0.5
0.8139305769065156	0.5
0.8164622184316497	0.5
0.8164722184316497	0.5
0.8164822184316497	0.5
0.8164922184316498	0.5
0.8165022184316497	0.5
0.8190355104571131	0.5
0.8190455104571132	0.5
0.8190555104571131	0.5
0.8190655104571132	0.5
0.8190755104571131	0.5
0.8216105212151659	0.5
0.8216205212151659	0.5
0.8216305212151659	0.5
0.821640521215166	0.5
0.8216505212151659	0.5
0.8241873157384503	0.5
0.8241973157384503	0.5
0.8242073157384503	0.5
0.8242173157384504	0.5
0.8242273157384503	0.5
0.8267659554215561	0.5
0.8267759554215561	0.5
0.8267859554215561	0.5
0.8267959554215562	0.5
0.8268059554215561	0.5
0.8293464976769218	0.5
0.8293564976769219	0.5
0.8293664976769218	0.5
0.8293764976769219	0.5
0.8293864976769219	0.5
0.8319289956884443	0.5
0.8319389956884443	0.5
0.8319489956884443	0.5
0.8319589956884443	0.5
0.8319689956884443	0.5
0.8345134982660907	0.5
0.8345234982660907	0.5
0.8345334982660907	0.5
0.8345434982660908	0.5
0.8345534982660907	0.5
0.8370999276856202	0.5
0.8371099276856203	0.5
0.8371199276856203	0.5
0.8371299276856203	0.5
0.8371399276856203	0.5
0.8396881413308451	0.5
0.8396981413308452	0.5
0.8397081413308451	0.5
0.8397181413308452	0.5
0.8397281413308452	0.5
0.8422781499886092	0.5
0.8422881499886092	0.5
0.8422981499886092	0.5
0.8423081499886093	0.5
0.8423181499886092	0.5
0.8448700111198827	0.5
0.8448800111198828	0.5
0.8448900111198827	0.5
0.8449000111198828	0.5
0.8449100111198827	0.5
0.8474637834070625	0.5
0.8474737834070626	0.5
0.8474837834070625	0.5
0.8474937834070626	0.5
0.8475037834070626	0.5
0.8500595263406454	0.5
0.8500695263406455	0.5
0.8500795263406454	0.5
0.8500895263406455	0.5
0.8500995263406455	0.5
0.8526572998466488	0.5
0.8526672998466489	0.5
0.8526772998466489	0.5
0.8526872998466489	0.5
0.8526972998466489	0.5
0.8552571639491857	0.5
0.8552671639491858	0.5
0.8552771639491857	0.5
0.8552871639491858	0.5
0.8552971639491858	0.5
0.8578591784561215	0.5
0.8578691784561215	0.5
0.8578791784561215	0.5
0.8578891784561216	0.5
0.8578991784561215	0.5
0.8604634026515032	0.5
0.8604734026515033	0.7346476027742354
0.8604834026515032	0.5
0.8604934026515033	0.751856227162592
0.8605034026515033	0.5
0.863069894977108	0.5
0.863079894977108	0.5
0.863089894977108	0.5
0.863099894977108	0.5
0.863109894977108	0.5
0.8656787126874628	0.5
0.8656887126874628	0.5
0.8656987126874628	0.5
0.8657087126874629	0.5
0.8657187126874628	0.5
0.8682899114679933	0.5
0.8682999114679933	0.5
0.8683099114679933	0.5
0.8683199114679934	0.5
0.8683299114679933	0.5
0.8709035450138493	0.5
0.8709135450138493	0.5
0.8709235450138493	0.5
0.8709335450138493	0.5
0.8709435450138493	0.5
0.873519143670252	0.5
0.873529143670252	0.5
0.873539143670252	0.5
0.873549143670252	0.5
0.873559143670252	0.7195727537555219
0.8761355458022884	0.7473281433884774
0.8761455458022884	0.791002140650736
0.8761555458022884	0.781346484105131
0.8761655458022884	0.5
0.8761755458022884	0.5
0.8787527961857052	0.5
0.8787627961857053	0.5
0.8787727961857053	0.5
0.8787827961857053	0.5
0.8787927961857053	0.5
0.8813709393555487	0.5
0.8813809393555487	0.5
0.8813909393555487	0.5
0.8814009393555488	0.5
0.8814109393555487	0.5
0.8839900196308675	0.5
0.8840000196308676	0.5
0.8840100196308676	0.5
0.8840200196308676	0.5
0.8840300196308676	0.5
0.8866100810964318	0.5
0.8866200810964319	0.5
0.8866300810964318	0.5
0.8866400810964319	0.5
0.8866500810964318	0.5
0.8892311675464564	0.5
0.8892411675464564	0.5
0.8892511675464564	0.5
0.8892611675464565	0.5
0.8892711675464564	0.5
0.8918533224007436	0.5
0.8918633224007436	0.5
0.8918733224007436	0.5
0.8918833224007436	0.5
0.8918933224007436	0.5
0.8944765886079704	0.5
0.8944865886079705	0.5
0.8944965886079704	0.5
0.8945065886079705	0.5
0.8945165886079705	0.5
0.89710100855361	0.5
0.89711100855361	0.5
0.89712100855361	0.5
0.89713100855361	0.5
0.89714100855361	0.5
0.8997266239906822	0.5
0.8997366239906822	0.5
0.8997466239906822	0.5
0.8997566239906822	0.5
0.8997666239906822	0.5
0.9023534760097246	0.5
0.9023634760097247	0.5
0.9023734760097246	0.5
0.9023834760097247	0.5
0.9023934760097246	0.5
0.9049816050600492	0.5
0.9049916050600493	0.5
0.9050016050600492	0.5
0.9050116050600493	0.5
0.9050216050600493	0.5
0.9076109894986969	0.5
0.907620989498697	0.5
0.9076309894986969	0.5
0.907640989498697	0.5
0.9076509894986969	0.5
0.9102416017775178	0.5
0.9102516017775178	0.5
0.9102616017775178	0.5
0.9102716017775179	0.5
0.9102816017775178	0.5
0.912873472680328	0.5
0.9128834726803281	0.5
0.912893472680328	0.5
0.9129034726803281	0.5
0.9129134726803281	0.5
0.9155066336772553	0.5
0.9155166336772553	0.5
0.9155266336772553	0.5
0.9155366336772554	0.5
0.9155466336772553	0.5
0.9181411170723599	0.5
0.91815111707236	0.5
0.9181611170723599	0.5
0.91817111707236	0.5
0.9181811170723599	0.5
0.9207769560878322	0.5
0.9207869560878322	0.5
0.9207969560878322	0.5
0.9208069560878323	0.5
0.9208169560878322	0.5
0.9234141848776634	0.5
0.9234241848776634	0.5
0.9234341848776634	0.5
0.9234441848776634	0.5
0.9234541848776634	0.5
0.9260528384734286	0.5
0.9260628384734286	0.5
0.9260728384734286	0.5
0.9260828384734286	0.5
0.9260928384734286	0.8292164384048273
0.9286929526742597	0.5
0.9287029526742597	0.5
0.9287129526742597	0.5
0.9287229526742597	0.5
0.9287329526742597	0.5
0.9313345639008512	0.5
0.9313445639008513	0.5
0.9313545639008513	0.5
0.9313645639008513	0.5
0.9313745639008513	0.5
0.9339777090382754	0.5
0.9339877090382754	0.5
0.9339977090382754	0.5
0.9340077090382755	0.5
0.9340177090382754	0.5
0.9366224252936498	0.5
0.9366324252936499	0.5
0.9366424252936498	0.5
0.9366524252936499	0.5
0.9366624252936498	0.5
0.9392687500922873	0.5
0.9392787500922873	0.5
0.9392887500922873	0.5
0.9392987500922874	0.5
0.9393087500922873	0.5
0.9419167210300372	0.5
0.9419267210300373	0.5
0.9419367210300372	0.5
0.9419467210300373	0.7385980602890818
0.9419567210300372	0.7743411169335508
0.9445663758904906	0.7851176888198874
0.9445763758904907	0.5
0.9445863758904907	0.5
0.9445963758904907	0.5
0.9446063758904907	0.5
0.9472177527252896	0.5
0.9472277527252897	0.5
0.9472377527252897	0.5
0.9472477527252897	0.5
0.9472577527252897	0.5
0.9498708899852746	0.5
0.9498808899852746	0.5
0.9498908899852746	0.5
0.9499008899852747	0.5
0.9499108899852746	0.5
0.9525258266809302	0.5
0.9525358266809303	0.5
0.9525458266809302	0.5
0.9525558266809303	0.5
0.9525658266809303	0.5
0.9551826025440004	0.5
0.9551926025440005	0.5
0.9552026025440005	0.5
0.9552126025440005	0.5
0.9552226025440005	0.5
0.9578412581592815	0.5
0.9578512581592815	0.5
0.9578612581592815	0.5
0.9578712581592815	0.5
0.9578812581592815	0.5
0.9605018350370459	0.5
0.960511835037046	0.5
0.9605218350370459	0.5
0.960531835037046	0.5
0.9605418350370459	0.5
0.963164297895188	0.5
0.963174297895188	0.5
0.963184297895188	0.5
0.9631942978951881	0.5
0.963204297895188	0.5
0.9658286471061155	0.5
0.9658386471061156	0.5
0.9658486471061155	0.5
0.9658586471061156	0.5
0.9658686471061155	0.5
0.9684949238419631	0.5
0.9685049238419632	0.5
0.9685149238419631	0.5
0.9685249238419632	0.5
0.9685349238419632	0.5
0.9711631702714012	0.5
0.9711731702714013	0.5
0.9711831702714012	0.5
0.9711931702714013	0.5
0.9712031702714012	0.5
0.9738334293216356	0.5
0.9738434293216357	0.5
0.9738534293216357	0.5
0.9738634293216357	0.5
0.9738734293216357	0.5
0.976505744424398	0.5
0.976515744424398	0.5
0.976525744424398	0.5
0.9765357444243981	0.5
0.976545744424398	0.5
0.9791801592739692	0.5
0.9791901592739692	0.5
0.9792001592739692	0.5
0.9792101592739693	0.5
0.9792201592739692	0.5
0.9818567176188547	0.5
0.9818667176188548	0.5
0.9818767176188548	0.5
0.9818867176188548	0.5
0.9818967176188548	0.5
0.9845354112654117	0.5
0.9845454112654117	0.5
0.9845554112654117	0.5
0.9845654112654117	0.5
0.9845754112654117	0.5
0.9872162132401239	0.5
0.9872262132401239	0.5
0.9872362132401239	0.5
0.987246213240124	0.5
0.9872562132401239	0.5
0.9898991647026099	0.5
0.9899091647026099	0.5
0.9899191647026099	0.5
0.9899291647026099	0.5
0.9899391647026099	0.5
0.992583105766575	0.5
0.9925931057665751	0.5
0.9926031057665751	0.5
0.9926131057665751	0.5
0.9926231057665751	0.5
0.995267853167396	0.5
0.995277853167396	0.5470375813114711
0.995287853167396	0.8279399725466066
0.995297853167396	0.5
0.995307853167396	0.7309096993770807
0.997953450371167	0.5
0.9979634503711671	0.5
0.997973450371167	0.5
0.9979834503711671	0.5
0.997993450371167	0.5
1.0006399402443926	0.5
1.0006499402443925	0.5
1.0006599402443925	0.5
1.0006699402443926	0.5
1.0006799402443927	0.5
1.00332736491807	0.5
1.00333736491807	0.5
1.00334736491807	0.5
1.00335736491807	0.5
1.00336736491807	0.5
1.0060157657075122	0.5
1.006025765707512	0.5
1.006035765707512	0.5
1.0060457657075121	0.5
1.0060557657075122	0.5
1.008705183099821	0.5
1.008715183099821	0.5
1.008725183099821	0.5
1.008735183099821	0.5
1.008745183099821	0.6619356874312575
1.0113956568099016	0.6926420714119335
1.0114056568099015	0.7694199139984823
1.0114156568099015	0.8131375944547262
1.0114256568099016	0.6764100382487469
1.0114356568099017	0.5
1.0140872258951654	0.5
1.0140972258951653	0.5
1.0141072258951653	0.5
1.0141172258951654	0.5
1.0141272258951655	0.5
1.0167799289100643	0.5
1.0167899289100641	0.5
1.0167999289100642	0.5
1.0168099289100643	0.5
1.0168199289100643	0.5
1.019473804075579	0.5
1.019483804075579	0.5
1.019493804075579	0.5
1.019503804075579	0.5
1.0195138040755791	0.5
1.022168889436551	0.5
1.0221788894365509	0.5
1.022188889436551	0.5
1.022198889436551	0.5
1.022208889436551	0.5
1.0248652229816526	0.5
1.0248752229816525	0.5
1.0248852229816525	0.5
1.0248952229816526	0.5
1.0249052229816527	0.5
1.0275628427068162	0.5
1.027572842706816	0.5
1.027582842706816	0.5
1.0275928427068162	0.5
1.0276028427068162	0.5
1.030261696505281	0.5
1.030271696505281	0.5
1.030281696505281	0.5
1.030291696505281	0.5
1.0303016965052811	0.5
1.0329616709256608	0.5
1.0329716709256607	0.5
1.0329816709256607	0.5
1.0329916709256608	0.5
1.0330016709256609	0.5
1.035662798294245	0.5
1.0356727982942449	0.5
1.035682798294245	0.5
1.035692798294245	0.5
1.035702798294245	0.5
1.0383651111173735	0.5
1.0383751111173734	0.5
1.0383851111173734	0.5
1.0383951111173735	0.5
1.0384051111173735	0.5
1.0410686420421078	0.5
1.0410786420421076	0.5
1.0410886420421077	0.5
1.0410986420421078	0.5
1.0411086420421078	0.5
1.0437734238838865	0.5
1.0437834238838863	0.5
1.0437934238838864	0.5
1.0438034238838865	0.5
1.0438134238838865	0.5
1.0464794897109935	0.5
1.0464894897109933	0.5
1.0464994897109934	0.5
1.0465094897109934	0.5
1.0465194897109935	0.5
1.0491868729640905	0.5
1.0491968729640904	0.5
1.0492068729640904	0.5
1.0492168729640905	0.5
1.0492268729640906	0.5
1.0518956075814114	0.5
1.0519056075814113	0.5
1.0519156075814113	0.5
1.0519256075814114	0.5
1.0519356075814115	0.5
1.05460572809812	0.5
1.0546157280981199	0.5
1.05462572809812	0.5
1.05463572809812	0.5
1.05464572809812	0.5
1.0573172696924213	0.5
1.0573272696924212	0.5
1.0573372696924213	0.5
1.0573472696924213	0.5
1.0573572696924214	0.5
1.0600302681607228	0.5
1.0600402681607226	0.5
1.0600502681607227	0.5
1.0600602681607227	0.5
1.0600702681607228	0.5
1.0627447598177444	0.5
1.0627547598177443	0.5
1.0627647598177443	0.5
1.0627747598177444	0.7264532976829646
1.0627847598177445	0.5
1.065460781332405	0.5
1.065470781332405	0.5
1.065480781332405	0.5
1.065490781332405	0.5
1.0655007813324051	0.8048673508785219
1.0681783695236877	0.5
1.0681883695236876	0.5
1.0681983695236876	0.5
1.0682083695236877	0.5
1.0682183695236878	0.5
1.070897561149746	0.5
1.0709075611497458	0.5
1.070917561149746	0.5
1.070927561149746	0.5
1.070937561149746	0.5
1.073618392726319	0.5
1.0736283927263188	0.5
1.073638392726319	0.5
1.073648392726319	0.5
1.073658392726319	0.5
1.0763409004066768	0.5
1.0763509004066767	0.5
1.0763609004066768	0.5
1.0763709004066768	0.5
1.0763809004066769	0.5
1.0790651199451418	0.5
1.0790751199451416	0.5
1.0790851199451417	0.6668540993645575
1.0790951199451417	0.7934939460319668
1.0791051199451418	0.8119310269144631
1.0817910867514235	0.7328256351574857
1.0818010867514234	0.5
1.0818110867514235	0.5
1.0818210867514235	0.5
1.0818310867514236	0.5
1.0845188360265448	0.5
1.0845288360265446	0.5
1.0845388360265447	0.5
1.0845488360265447	0.5
1.0845588360265448	0.5
1.0872484029559981	0.5
1.087258402955998	0.5
1.087268402955998	0.5
1.087278402955998	0.5
1.0872884029559982	0.5
1.0899798229247448	0.5
1.0899898229247447	0.5
1.0899998229247447	0.5
1.0900098229247448	0.5
1.0900198229247449	0.5
1.0927131317138499	0.5
1.0927231317138497	0.5
1.0927331317138498	0.5
1.0927431317138498	0.5
1.09275313171385	0.5
1.095448365641067	0.5
1.0954583656410668	0.5
1.0954683656410669	0.5
1.095478365641067	0.5
1.095488365641067	0.5
1.0981855616173724	0.5
1.0981955616173722	0.5
1.0982055616173723	0.5
1.0982155616173723	0.5
1.0982255616173724	0.5
