1.0e-5	0.0
2.0e-5	0.0
3.0000000000000004e-5	0.0
4.0e-5	0.0
5.0e-5	0.0
0.002834795751176951	0.0
0.002844795751176951	0.0
0.002854795751176951	0.0
0.002864795751176951	0.0
0.0028747957511769512	0.0
0.005659169773631071	0.0
0.0056691697736310715	0.0
0.005679169773631071	0.0
0.0056891697736310715	0.0
0.005699169773631071	0.0
0.00848199390865886	0.0
0.00849199390865886	0.0
0.008501993908658861	0.0
0.00851199390865886	0.0
0.00852199390865886	0.0
0.01130288331585442	0.0
0.01131288331585442	0.0
0.011322883315854421	0.0
0.011332883315854421	0.0
0.01134288331585442	0.0
0.014119904093890684	0.0
0.014129904093890684	0.0
0.014139904093890685	0.0
0.014149904093890685	0.0
0.014159904093890684	0.0
0.016933208012975383	0.0
0.016943208012975382	0.0
0.016953208012975382	0.0
0.01696320801297538	0.0
0.016973208012975385	0.0
0.019740941998342653	0.0
0.019750941998342653	0.0
0.019760941998342652	0.0
0.019770941998342652	0.0
0.019780941998342655	0.0
0.022543113646537417	0.0
0.022553113646537417	0.0
0.022563113646537417	0.0
0.022573113646537416	0.0
0.02258311364653742	0.0
0.025338546658454426	0.0
0.025348546658454426	0.0
0.025358546658454426	0.0
0.025368546658454425	0.0
0.025378546658454428	0.0
0.02812692926147128	0.0
0.02813692926147128	0.0
0.02814692926147128	0.0
0.02815692926147128	0.0
0.028166929261471282	0.0
0.030907465891796975	0.0
0.030917465891796975	0.0
0.030927465891796974	0.0
0.030937465891796974	0.0
0.030947465891796977	0.0
0.03367982447809004	0.0
0.03368982447809003	0.0
0.033699824478090036	0.0
0.03370982447809003	0.0
0.033719824478090035	0.0
0.03644360488528743	0.0
0.03645360488528743	0.0
0.03646360488528743	0.0
0.036473604885287426	0.0
0.03648360488528743	0.0
0.03919854054324945	0.0
0.039208540543249445	0.0
0.03921854054324945	0.0
0.039228540543249445	0.0
0.03923854054324945	0.0
0.041944121738198954	0.0
0.04195412173819895	0.0
0.04196412173819895	0.0
0.04197412173819895	0.0
0.04198412173819895	0.0
0.04468070267670688	0.0
0.04469070267670688	0.0
0.04470070267670688	0.0
0.044710702676706876	0.0
0.04472070267670688	0.0
0.04740711147537237	0.0
0.047417111475372364	0.0
0.04742711147537237	0.0
0.047437111475372364	0.0
0.04744711147537237	0.0
0.05012367030684422	0.0
0.050133670306844215	0.0
0.05014367030684422	0.0
0.050153670306844214	0.0
0.05016367030684422	0.0
0.0528307709479708	0.0
0.052840770947970794	0.0
0.0528507709479708	0.0
0.052860770947970794	0.0
0.0528707709479708	0.0
0.055527452783897036	0.0
0.05553745278389703	0.0
0.055547452783897035	0.0
0.05555745278389703	0.0
0.055567452783897034	0.0
0.05821386352839095	0.0
0.05822386352839094	0.0
0.058233863528390946	0.0
0.05824386352839094	0.0
0.058253863528390945	0.0
0.06089042577098488	0.0
0.060900425770984874	0.0
0.06091042577098488	0.0
0.06092042577098487	0.0
0.060930425770984876	0.0
0.06355700700521505	0.0
0.06356700700521506	0.0
0.06357700700521506	0.0
0.06358700700521505	0.0
0.06359700700521505	0.0
0.06621320446936987	0.0
0.06622320446936988	0.0
0.06623320446936988	0.0
0.06624320446936988	0.0
0.06625320446936987	0.0
0.06885945772530516	0.0
0.06886945772530517	0.0
0.06887945772530517	0.0
0.06888945772530516	0.0
0.06889945772530516	0.0
0.07149588747783506	0.0
0.07150588747783507	0.0
0.07151588747783506	0.0
0.07152588747783506	0.0
0.07153588747783506	0.0
0.07412228488996243	0.0
0.07413228488996244	0.0
0.07414228488996244	0.0
0.07415228488996244	0.0
0.07416228488996243	0.0
0.0767389486253191	0.0
0.07674894862531911	0.0
0.07675894862531911	0.0
0.0767689486253191	0.0
0.0767789486253191	0.0
0.07934601460422194	0.0
0.07935601460422195	0.0
0.07936601460422195	0.0
0.07937601460422194	0.0
0.07938601460422194	0.0
0.08194351972540326	0.0
0.08195351972540327	0.0
0.08196351972540326	0.0
0.08197351972540326	0.0
0.08198351972540326	0.0
0.08453189547542234	0.0
0.08454189547542235	0.0
0.08455189547542234	0.0
0.08456189547542234	0.0
0.08457189547542233	0.0
0.08711075205459332	0.0
0.08712075205459333	0.0
0.08713075205459332	0.0
0.08714075205459332	0.0
0.08715075205459331	0.0
0.08968046260376632	0.0
0.08969046260376633	0.0
0.08970046260376632	0.0
0.08971046260376632	0.0
0.08972046260376632	0.0
0.0922414499825967	0.0
0.09225144998259671	0.0
0.09226144998259671	0.0
0.0922714499825967	0.0
0.0922814499825967	0.0
0.09479369534287176	0.0
0.09480369534287177	0.0
0.09481369534287176	0.0
0.09482369534287176	0.0
0.09483369534287175	0.0
0.09733691031696715	0.0
0.09734691031696716	0.0
0.09735691031696715	0.0
0.09736691031696715	0.0
0.09737691031696714	0.0
0.0998715153619098	0.0
0.09988151536190981	0.0
0.09989151536190981	0.0
0.0999015153619098	0.0
0.0999115153619098	0.0
0.10239791937453621	0.0
0.10240791937453622	0.0
0.10241791937453622	0.0
0.10242791937453621	0.0
0.10243791937453621	0.0
0.10491651986314923	0.0
0.10492651986314924	0.0
0.10493651986314924	0.0
0.10494651986314923	0.0
0.10495651986314923	0.0
0.1074266459622141	0.0
0.10743664596221411	0.0
0.10744664596221411	0.0
0.1074566459622141	0.0
0.1074666459622141	0.0
0.10992858584632954	0.0
0.10993858584632955	0.0
0.10994858584632955	0.0
0.10995858584632955	0.0
0.10996858584632954	0.0
0.11242273545809117	0.0
0.11243273545809118	0.0
0.11244273545809118	0.0
0.11245273545809117	0.0
0.11246273545809117	0.0
0.11490947926328716	0.0
0.11491947926328717	0.0
0.11492947926328717	0.0
0.11493947926328717	0.0
0.11494947926328716	0.0
0.11738891760171782	0.0
0.11739891760171783	0.0
0.11740891760171783	0.0
0.11741891760171783	0.0
0.11742891760171782	0.0
0.11986067362537144	0.0
0.11987067362537145	0.0
0.11988067362537144	0.0
0.11989067362537144	0.0
0.11990067362537143	0.0
0.12232512700116717	0.0
0.12233512700116718	0.0
0.12234512700116718	0.0
0.12235512700116717	0.0
0.12236512700116717	0.0
0.12478264605386855	0.0
0.12479264605386856	0.0
0.12480264605386855	0.0
0.12481264605386855	0.0
0.12482264605386854	0.0
0.12723334131288686	0.0
0.12724334131288684	0.0
0.12725334131288685	0.0
0.12726334131288686	0.0
0.12727334131288684	0.0
0.12967709505079686	0.0
0.12968709505079684	0.0
0.12969709505079685	0.0
0.12970709505079686	0.0
0.12971709505079684	0.0
0.1321142632742496	0.0
0.1321242632742496	0.0
0.1321342632742496	0.0
0.1321442632742496	0.0
0.1321542632742496	0.0
0.13454490522454637	0.0
0.13455490522454636	0.0
0.13456490522454637	0.0
0.13457490522454638	0.0
0.13458490522454636	0.0
0.13696922163748634	0.0
0.13697922163748633	0.0
0.13698922163748634	0.0
0.13699922163748635	0.0
0.13700922163748633	0.0
0.1393873388662642	0.0
0.13939733886626418	0.0
0.1394073388662642	0.0
0.1394173388662642	0.0
0.13942733886626418	0.0
0.14179958862545147	0.0
0.14180958862545145	0.0
0.14181958862545146	0.0
0.14182958862545147	0.0
0.14183958862545146	0.0
0.1442057252613173	0.0
0.1442157252613173	0.0
0.1442257252613173	0.0
0.1442357252613173	0.0
0.1442457252613173	0.0
0.14660596824930947	0.0
0.14661596824930945	0.0
0.14662596824930946	0.0
0.14663596824930947	0.0
0.14664596824930945	0.0
0.14900063821868947	0.0
0.14901063821868946	0.0
0.14902063821868947	0.0
0.14903063821868948	0.0
0.14904063821868946	0.0
0.15139004558119715	0.0
0.15140004558119713	0.0
0.15141004558119714	0.0
0.15142004558119715	0.0
0.15143004558119713	0.0
0.15377382213116153	0.0
0.1537838221311615	0.0
0.15379382213116152	0.0
0.15380382213116153	0.0
0.15381382213116152	0.0
0.15615205862736442	0.0
0.1561620586273644	0.0
0.1561720586273644	0.0
0.15618205862736442	0.0
0.1561920586273644	0.0
0.15852506253875498	0.0
0.15853506253875496	0.0
0.15854506253875497	0.0
0.15855506253875498	0.0
0.15856506253875496	0.0
0.16089313135646852	0.0
0.1609031313564685	0.0
0.1609131313564685	0.0
0.16092313135646852	0.0
0.1609331313564685	0.0
0.16325655287243984	0.0
0.16326655287243982	0.0
0.16327655287243983	0.0
0.16328655287243984	0.0
0.16329655287243983	0.0
0.16561490207192053	0.0
0.16562490207192052	0.0
0.16563490207192053	0.0
0.16564490207192054	0.0
0.16565490207192052	0.0
0.1679682426808886	0.0
0.1679782426808886	0.0
0.1679882426808886	0.0
0.16799824268088862	0.0
0.1680082426808886	0.0
0.17031686297855098	0.0
0.17032686297855096	0.0
0.17033686297855097	0.0
0.17034686297855098	0.0
0.17035686297855096	0.0
0.17266104168372717	0.0
0.17267104168372716	0.0
0.17268104168372717	0.0
0.17269104168372718	0.0
0.17270104168372716	0.0
0.1750010482402666	0.0
0.1750110482402666	0.0
0.1750210482402666	0.0
0.1750310482402666	0.0
0.1750410482402666	0.0
0.177336566932771	0.0
0.17734656693277098	0.0
0.177356566932771	0.0
0.177366566932771	0.0
0.17737656693277098	0.0
0.17966763112592096	0.0
0.17967763112592094	0.0
0.17968763112592095	0.0
0.17969763112592096	0.0
0.17970763112592095	0.0
0.18199450904607828	0.0
0.18200450904607826	0.0
0.18201450904607827	0.0
0.18202450904607828	0.0
0.18203450904607826	0.0
0.18431745984946513	0.0
0.1843274598494651	0.0
0.18433745984946512	0.0
0.18434745984946513	0.0
0.1843574598494651	0.0
0.186636447310461	0.0
0.18664644731046098	0.0
0.186656447310461	0.0
0.186666447310461	0.0
0.18667644731046099	0.0
0.1889514359973014	0.0
0.1889614359973014	0.0
0.1889714359973014	0.0
0.1889814359973014	0.0
0.1889914359973014	0.0
0.19126267754160656	0.0
0.19127267754160654	0.0
0.19128267754160655	0.0
0.19129267754160656	0.0
0.19130267754160654	0.0
0.1935701873954004	0.0
0.1935801873954004	0.0
0.1935901873954004	0.0
0.1936001873954004	0.0
0.1936101873954004	0.0
0.19587411868268043	0.0
0.1958841186826804	0.0
0.19589411868268042	0.0
0.19590411868268043	0.0
0.1959141186826804	0.0
0.1981745154729847	0.0
0.19818451547298468	0.0
0.1981945154729847	0.0
0.1982045154729847	0.0
0.1982145154729847	0.0
0.20047161238665526	0.0
0.20048161238665524	0.0
0.20049161238665525	0.0
0.20050161238665526	0.0
0.20051161238665524	0.0
0.20276531679253343	0.0
0.2027753167925334	0.0
0.20278531679253342	0.0
0.20279531679253343	0.0
0.2028053167925334	0.0
0.20505563830134405	0.0
0.20506563830134403	0.0
0.20507563830134404	0.0
0.20508563830134405	0.0
0.20509563830134403	0.0
0.2073428051548042	0.0
0.20735280515480417	0.0
0.20736280515480418	0.0
0.2073728051548042	0.0
0.20738280515480417	0.0
0.2096270376144954	0.0
0.20963703761449537	0.0
0.20964703761449538	0.0
0.2096570376144954	0.0
0.20966703761449537	0.0
0.211908357257104	0.0
0.21191835725710398	0.0
0.211928357257104	0.0
0.211938357257104	0.0
0.21194835725710398	0.0
0.21418645914500337	0.0
0.21419645914500335	0.0
0.21420645914500336	0.0
0.21421645914500337	0.0
0.21422645914500335	0.0
0.2164615643035569	0.0
0.21647156430355688	0.0
0.2164815643035569	0.0
0.2164915643035569	0.0
0.21650156430355688	0.0
0.2187338859258024	0.0
0.21874388592580238	0.0
0.2187538859258024	0.0
0.2187638859258024	0.0
0.21877388592580238	0.0
0.2210036296636316	0.0
0.22101362966363158	0.0
0.2210236296636316	0.0
0.2210336296636316	0.0
0.22104362966363159	0.0
0.22327099390980476	0.0
0.22328099390980474	0.0
0.22329099390980475	0.0
0.22330099390980476	0.0
0.22331099390980474	0.0
0.22553543820046032	0.0
0.2255454382004603	0.0
0.2255554382004603	0.0
0.22556543820046032	0.0
0.2255754382004603	0.0
0.22779716541234343	0.0
0.22780716541234342	0.0
0.22781716541234343	0.0
0.22782716541234344	0.0
0.22783716541234342	0.0
0.23005637720663843	0.0
0.23006637720663842	0.0
0.23007637720663843	0.0
0.23008637720663844	0.0
0.23009637720663842	0.0
0.2323132680279216	0.0
0.23232326802792158	0.0
0.2323332680279216	0.0
0.2323432680279216	0.0
0.23235326802792158	0.0
0.2345680253849619	0.0
0.2345780253849619	0.0
0.2345880253849619	0.0
0.2345980253849619	0.0
0.2346080253849619	0.0
0.2368204057605096	0.0
0.2368304057605096	0.0
0.2368404057605096	0.0
0.2368504057605096	0.0
0.2368604057605096	0.0
0.23907038042209308	0.0
0.23908038042209306	0.0
0.23909038042209307	0.0
0.23910038042209308	0.0
0.23911038042209307	0.0
0.2413181384040076	0.0
0.24132813840400757	0.0
0.24133813840400758	0.0
0.2413481384040076	0.0
0.24135813840400758	0.0
0.24356386192505555	0.0
0.24357386192505553	0.0
0.24358386192505554	0.0
0.24359386192505555	0.0
0.24360386192505554	0.0
0.2458076364999561	0.0
0.24581763649995608	0.0
0.2458276364999561	0.0
0.2458376364999561	0.0
0.24584763649995608	0.0
0.24804927400334206	0.0
0.24805927400334205	0.0
0.24806927400334206	0.0
0.24807927400334207	0.0
0.24808927400334205	0.0
0.25028895268832085	0.0
0.25029895268832086	0.0
0.2503089526883208	0.0
0.25031895268832083	0.0
0.25032895268832084	0.0
0.25252675820923715	0.0
0.25253675820923716	0.0
0.2525467582092371	0.0
0.2525567582092371	0.0
0.25256675820923713	0.0
0.25476274413779615	0.0
0.25477274413779616	0.0
0.2547827441377961	0.0
0.2547927441377961	0.0
0.25480274413779613	0.0
0.25699694430579867	0.0
0.2570069443057987	0.0
0.25701694430579863	0.0
0.25702694430579864	0.0
0.25703694430579865	0.0
0.2592294580524195	0.0
0.2592394580524195	0.0
0.25924945805241945	0.0
0.25925945805241946	0.0
0.25926945805241947	0.0
0.2614604463237528	0.0
0.2614704463237528	0.0
0.2614804463237528	0.0
0.2614904463237528	0.0
0.2615004463237528	0.0
0.2636897102042984	0.0
0.2636997102042984	0.0
0.26370971020429834	0.0
0.26371971020429835	0.0
0.26372971020429836	0.0
0.2659173444805735	0.0
0.26592734448057354	0.0
0.2659373444805735	0.0
0.2659473444805735	0.0
0.2659573444805735	0.0
0.2681435069049251	0.0
0.2681535069049251	0.0
0.2681635069049251	0.0
0.2681735069049251	0.0
0.2681835069049251	0.0
0.2703683495378022	0.0
0.2703783495378022	0.0
0.27038834953780216	0.0
0.2703983495378022	0.0
0.2704083495378022	0.0
0.2725919041334477	0.0
0.2726019041334477	0.0
0.27261190413344766	0.0
0.27262190413344767	0.0
0.2726319041334477	0.0
0.27481388066471735	0.0
0.27482388066471736	0.0
0.2748338806647173	0.0
0.2748438806647173	0.0
0.27485388066471733	0.0
0.277034433505923	0.0
0.277044433505923	0.0
0.27705443350592296	0.0
0.27706443350592297	0.0
0.277074433505923	0.0
0.27925371141911415	0.0
0.27926371141911416	0.0
0.2792737114191141	0.0
0.2792837114191141	0.0
0.27929371141911413	0.0
0.2814718577966922	0.0
0.2814818577966922	0.0
0.28149185779669217	0.0
0.2815018577966922	0.0
0.2815118577966922	0.0
0.2836890108924366	0.0
0.2836990108924366	0.0
0.28370901089243655	0.0
0.28371901089243656	0.0
0.2837290108924366	0.0
0.28590500643494593	0.0
0.28591500643494594	0.0
0.2859250064349459	0.0
0.2859350064349459	0.0
0.2859450064349459	0.0
0.2881197097299909	0.0
0.2881297097299909	0.0
0.28813970972999087	0.0
0.2881497097299909	0.0
0.2881597097299909	0.0
0.2903332631204989	0.0
0.2903432631204989	0.0
0.29035326312049886	0.0
0.29036326312049887	0.0
0.2903732631204989	0.0
0.2925458037985909	0.0
0.2925558037985909	0.0
0.2925658037985909	0.0
0.2925758037985909	0.0
0.2925858037985909	0.0
0.2947574640312434	0.0
0.29476746403124343	0.0
0.2947774640312434	0.0
0.2947874640312434	0.0
0.2947974640312434	0.0
0.29696837137473175	0.0
0.29697837137473176	0.0
0.2969883713747317	0.0
0.29699837137473173	0.0
0.29700837137473174	0.0
0.29917829027430715	0.0
0.29918829027430716	0.0
0.2991982902743071	0.0
0.2992082902743071	0.0
0.29921829027430713	0.0
0.3013872162742659	0.0
0.3013972162742659	0.0
0.30140721627426587	0.0
0.3014172162742659	0.0
0.3014272162742659	0.0
0.303595279400284	0.0
0.30360527940028403	0.0
0.303615279400284	0.0
0.303625279400284	0.0
0.303635279400284	0.0
0.3058026050230451	0.0
0.30581260502304514	0.0
0.3058226050230451	0.0
0.3058326050230451	0.0
0.3058426050230451	0.0
0.3080093140630521	0.0
0.3080193140630521	0.0
0.30802931406305206	0.0
0.30803931406305207	0.0
0.3080493140630521	0.0
0.3102152314900655	0.0
0.31022523149006553	0.0
0.3102352314900655	0.0
0.3102452314900655	0.0
0.3102552314900655	0.0
0.3124204260383067	0.0
0.31243042603830673	0.0
0.3124404260383067	0.0
0.3124504260383067	8.737576411073944e-5
0.3124604260383067	0.00021627711150035486
0.31462501699375384	0.0002541348845112655
0.31463501699375385	0.0004124241558112208
0.3146450169937538	0.0009069054732341686
0.3146550169937538	0.0023472767226736207
0.3146650169937538	0.007112351680818349
0.31682899748524923	0.0077679512848180254
0.31683899748524924	0.01086103297328991
0.3168489974852492	0.013308492659374296
0.3168589974852492	0.007327296832384641
0.3168689974852492	0.019835676130724806
0.31903245099689986	0.01684348565224405
0.3190424509968999	0.014810844817783157
0.31905245099689983	0.010206115111784986
0.31906245099689984	0.014149419975697186
0.31907245099689985	0.013736318511814442
0.321235361238225	0.00788959047544751
0.321245361238225	0.006749049089875529
0.32125536123822496	0.007794150616189592
0.32126536123822497	0.011672574798487597
0.321275361238225	0.005219107729675921
0.3234378178223563	0.008429482580446745
0.3234478178223563	0.009622100056663507
0.3234578178223563	0.010371574843676075
0.3234678178223563	0.0064515320859061705
0.3234778178223563	0.008062992317157392
0.3256399295747527	0.006151533716455174
0.3256499295747527	0.004659028698647368
0.32565992957475265	0.0026698420531327373
0.32566992957475266	0.001183377915916045
0.32567992957475267	0.00033286220042780284
0.3278415727945511	0.00026366969530216427
0.3278515727945511	0.00014303309984031813
0.3278615727945511	0.0
0.3278715727945511	0.0
0.3278815727945511	0.0
0.33004276562524176	0.0
0.3300527656252418	0.0
0.3300627656252417	9.905355210223629e-5
0.33007276562524174	0.00038008868808674784
0.33008276562524175	0.0028114870474075554
0.3322436157073176	0.0037471210552502
0.3322536157073176	0.009459797372868443
0.33226361570731755	0.02790509305034586
0.33227361570731756	0.03125
0.33228361570731757	0.03125
0.3344442269468006	0.03125
0.3344542269468006	0.03125
0.33446422694680056	0.03125
0.33447422694680057	0.03125
0.3344842269468006	0.03125
0.33664469967860755	0.03125
0.33665469967860756	0.03125
0.3366646996786075	0.03125
0.3366746996786075	0.03125
0.33668469967860754	0.03125
0.338844905712105	0.03125
0.338854905712105	0.03125
0.338864905712105	0.03125
0.338874905712105	0.03125
0.338884905712105	0.03125
0.3410447556891268	0.03125
0.3410547556891268	0.03125
0.34106475568912675	0.03125
0.34107475568912676	0.03125
0.3410847556891268	0.03125
0.34324435256983427	0.03125
0.3432543525698343	0.03125
0.34326435256983423	0.03125
0.34327435256983424	0.03125
0.34328435256983425	0.02292382208303272
0.3454437957651381	0.0224634443502659
0.3454537957651381	0.01639274200942699
0.3454637957651381	0.010725406485173745
0.3454737957651381	0.004611654203910163
0.3454837957651381	0.0031236840797553784
0.34764318129243776	0.0019395525851530063
0.3476531812924378	0.0011807039700191036
0.34766318129243773	0.0005478945080475302
0.34767318129243774	0.00022726455970137254
0.34768318129243775	8.090047278481976e-5
0.34984260192312217	6.927708262700102e-5
0.3498526019231222	0.0
0.34986260192312213	0.0
0.34987260192312214	7.794948950765133e-5
0.34988260192312215	0.00018081346687414147
0.3520420942265999	0.00019735244643468612
0.3520520942265999	0.00028776370088687194
0.35206209422659984	0.0004941371966838736
0.35207209422659985	0.0008512384172640033
0.35208209422659986	0.0017297876727881947
0.354241372178993	0.0017732551888878971
0.354251372178993	0.002246335142302785
0.35426137217899295	0.0028728472767472904
0.35427137217899296	0.003140996752990603
0.35428137217899297	0.003463593915799281
0.3564405324090962	0.0031818057433751655
0.3564505324090962	0.0029498655037511878
0.35646053240909614	0.0023604450868164417
0.35647053240909615	0.006024723022312998
0.35648053240909616	0.01854130864435337
0.3586396682573746	0.017548992798696067
0.3586496682573746	0.023377000285891937
0.35865966825737455	0.025986230832826827
0.35866966825737456	0.03125
0.3586796682573746	0.022056206107232024
0.3608388699198285	0.03125
0.3608488699198285	0.03129967332620625
0.36085886991982846	0.03205605507750103
0.36086886991982847	0.046875
0.3608788699198285	0.04569490849497193
0.36303822458420704	0.04539828573495919
0.36304822458420705	0.044423202723621054
0.363058224584207	0.04287487223550973
0.363068224584207	0.04061667648163926
0.363078224584207	0.03797896797552594
0.36523781655904314	0.03734969639190089
0.36524781655904315	0.03589326510307389
0.3652578165590431	0.03466793904903058
0.3652678165590431	0.03338270214478666
0.3652778165590431	0.03253025867653293
0.3674375393281119	0.032302541201878254
0.3674475393281119	0.03197688514849074
0.36745753932811187	0.03163991905206816
0.3674675393281119	0.03142847685435063
0.3674775393281119	0.03131900660398558
0.3696372989913353	0.03130898365132577
0.3696472989913353	0.031288425974228255
0.36965729899133526	0.031270814968207855
0.36966729899133527	0.03125
0.3696772989913353	0.03125
0.3718371824590833	0.03125
0.3718471824590833	0.03125
0.3718571824590833	0.03125
0.3718671824590833	0.03125
0.3718771824590833	0.03125
0.37403727376577045	0.03125
0.37404727376577046	0.03125
0.3740572737657704	0.03125
0.3740672737657704	0.03125
0.37407727376577043	0.03125
0.37623765419326566	0.03125
0.37624765419326567	0.03125
0.3762576541932656	0.03125
0.37626765419326563	0.03125
0.37627765419326564	0.03125
0.3784384023878234	0.03125
0.3784484023878234	0.03125
0.37845840238782336	0.03125
0.37846840238782337	0.03125
0.3784784023878234	0.03126956352896407
0.3806393726485549	0.031269993410150396
0.3806493726485549	0.03127325509896516
0.3806593726485549	0.031278160803399804
0.3806693726485549	0.03128310333007066
0.3806793726485549	0.03129093415166679
0.3828406128116302	0.031290667879323726
0.3828506128116302	0.03129298347953255
0.38286061281163014	0.031294879718710214
0.38287061281163015	0.031294449741059105
0.38288061281163016	0.031293539185483346
0.3850422013085146	0.031292190696371895
0.3850522013085146	0.03129037813722269
0.38506220130851454	0.03128671281250277
0.38507220130851455	0.03128162277353615
0.38508220130851456	0.0008184485345660258
0.3872441788346116	0.003984850435734483
0.3872541788346116	0.00024927017943077206
0.38726417883461156	0.0
0.38727417883461157	0.03125
0.3872841788346116	0.03125
0.38944654277836455	0.03125
0.38945654277836456	0.03125
0.3894665427783645	0.03125
0.3894765427783645	0.03125
0.38948654277836453	0.03125
0.3916493648467632	0.03125
0.3916593648467632	0.03125
0.3916693648467632	0.03125
0.3916793648467632	0.03125
0.3916893648467632	0.03125
0.3938526098370383	0.03125
0.3938626098370383	0.03125
0.39387260983703826	0.03125
0.39388260983703827	0.03125
0.3938926098370383	0.03125
0.39605635058791683	0.03125
0.39606635058791684	0.03125
0.3960763505879168	0.03125
0.3960863505879168	0.03125
0.3960963505879168	0.03125
0.39826065765180196	0.03125
0.398270657651802	0.03125
0.39828065765180193	0.03125
0.39829065765180194	0.03125
0.39830065765180195	0.03125
0.4004655264881437	0.03125
0.4004755264881437	0.03125
0.4004855264881437	0.03125
0.4004955264881437	0.03125
0.4005055264881437	0.03125
0.40267086685662495	0.03125
0.40268086685662496	0.03125
0.4026908668566249	0.03125
0.40270086685662493	0.03125
0.40271086685662494	0.03125
0.40487674934976386	0.03125
0.4048867493497639	0.03125
0.40489674934976383	0.00848431027965494
0.40490674934976384	0.0016031127956589826
0.40491674934976385	0.00014035212994889046
0.4070832423668328	0.0002291543768516539
0.4070932423668328	0.0008885246998610427
0.40710324236683276	0.00966918772359143
0.4071132423668328	0.03125
0.4071232423668328	0.03125
0.40929041220389223	0.03125
0.40930041220389224	0.03125
0.4093104122038922	0.03125
0.4093204122038922	0.03125
0.4093304122038922	0.03125
0.4114983231393108	0.03125
0.4115083231393108	0.03125
0.41151832313931075	0.03126679973682393
0.41152832313931076	0.03127181901615744
0.41153832313931077	0.03128159523029372
0.41370700842143526	0.03128209447449378
0.4137170084214353	0.031286760042776834
0.4137270084214352	0.031293368118430545
0.41373700842143524	0.031299069170148304
0.41374700842143525	0.03130860587633408
0.4159162615397777	0.03130766071638495
0.4159262615397777	0.0313099238643478
0.41593626153977764	0.03131108486379652
0.41594626153977765	0.03130926978871508
0.41595626153977766	0.03130783689422473
0.4181261492589638	0.03130609675946215
0.4181361492589638	0.0313040220074855
0.41814614925896376	0.03130023198418446
0.41815614925896377	0.03129596772372477
0.4181661492589638	0.03129169878482313
0.42033673630989804	0.031291114148799634
0.42034673630989805	0.03128950355729551
0.420356736309898	0.031287868644875996
0.420366736309898	0.03128834286108271
0.420376736309898	0.031289937391968274
0.4225480854722347	0.031291645012607394
0.4225580854722347	0.031294531001093764
0.4225680854722347	0.031302811966791314
0.4225780854722347	0.03132710730831075
0.4225880854722347	0.03138692919065193
0.4247602576526792	0.031415548116146524
0.42477025765267923	0.031501894951615254
0.4247802576526792	0.017957080243019626
0.4247902576526792	0.016243023173716523
0.4248002576526792	0.009857017707786488
0.42697331195937116	0.023064660853000275
0.42698331195937117	0.03135213902927013
0.4269933119593711	0.03128814264306596
0.42700331195937113	0.03125
0.42701331195937114	0.03125
0.42918730577258635	0.03125
0.42919730577258636	0.03125
0.4292073057725863	0.03125
0.4292173057725863	0.03125
0.42922730577258633	0.03125
0.43140222526827177	0.03125
0.4314122252682718	0.03125
0.43142222526827173	0.03125
0.43143222526827174	0.03125
0.43144222526827175	0.03125
0.4336178959602596	0.03125
0.43362789596025964	0.03125
0.4336378959602596	0.03125
0.4336478959602596	0.031271182973359235
0.4336578959602596	0.03129793144984638
0.4358343783334682	0.03130084011384829
0.43584437833346823	0.03132075443049469
0.4358543783334682	0.03135918149006388
0.4358643783334682	0.031409177945040036
0.4358743783334682	0.03151091165047412
0.4380517311012107	0.03150816856720941
0.4380617311012107	0.031544302662962674
0.43807173110121067	0.03157569230853209
0.4380817311012107	0.03156549141934513
0.4380917311012107	0.03154433532245495
0.440270011275892	0.03152201823861364
0.440280011275892	0.03149158963597799
0.44029001127589196	0.031437775482998434
0.44030001127589197	0.031377225268081094
0.440310011275892	0.031326371581334445
0.44248927423622947	0.03131851252638379
0.4424992742362295	0.03130224593938942
0.44250927423622943	0.03128413658918916
0.44251927423622944	0.031270708981868456
0.44252927423622945	0.03125
0.444709573791196	0.03125
0.44471957379119603	0.03125
0.444729573791196	0.03125
0.444739573791196	0.03125
0.444749573791196	0.03125
0.4469309622408693	0.03125
0.4469409622408693	0.03125
0.4469509622408693	0.03125
0.4469609622408693	0.03125
0.4469709622408693	0.03125
0.4491534904343558	0.03125
0.4491634904343558	0.03125
0.4491734904343558	0.03125
0.4491834904343558	0.03125
0.4491934904343558	0.03125
0.45137699671931925	0.03125
0.45138699671931926	0.03125
0.4513969967193192	0.03125
0.4514069967193192	0.03125
0.45141699671931923	0.03125
0.45360149561387914	0.03125
0.45361149561387915	0.03125
0.4536214956138791	0.031268425807177015
0.4536314956138791	0.031273859606346176
0.4536414956138791	0.03128398115208993
0.4558270401094389	0.03128505807997893
0.45583704010943893	0.03129056252285273
0.4558470401094389	0.03129915503303264
0.4558570401094389	0.03130745608564155
0.4558670401094389	0.03132059716356706
0.45805368171124183	0.03131964258390753
0.45806368171124184	0.03132293012649431
0.4580736817112418	0.03132393295696257
0.4580836817112418	0.0313176015399452
0.4580936817112418	0.0002681856920659332
0.4602814704945246	0.0002596351733916857
0.4602914704945246	0.0022169199692962166
0.4603014704945246	0.031290901708323625
0.4603114704945246	0.03127192428169055
0.4603214704945246	0.004051524164817306
0.4625104551582792	0.03126593430101346
0.4625204551582792	0.03125
0.4625304551582792	0.03125
0.4625404551582792	0.03125
0.4625504551582792	0.03125
0.4647406830768856	0.03125
0.4647506830768856	0.03125
0.46476068307688556	0.03125
0.46477068307688557	0.03125
0.4647806830768856	0.03125
0.46697207636987514	0.03125
0.46698207636987515	0.03125
0.4669920763698751	0.03125
0.4670020763698751	0.03125
0.46701207636987513	0.03125
0.469204635680625	0.03125
0.469214635680625	0.03125
0.46922463568062495	0.03125
0.46923463568062496	0.03127038162593406
0.46924463568062497	0.031300430209016926
0.47143840917298546	0.031305153577836836
0.47144840917298547	0.03133309495525827
0.4714584091729854	0.03140014661087258
0.47146840917298544	0.03152748648577694
0.47147840917298545	0.0319077794064227
0.4736734437667833	0.03194086938992254
0.4736834437667833	0.032207276468505415
0.47369344376678324	0.03269037188802425
0.47370344376678325	0.03325595764784269
0.47371344376678326	0.03434937068855192
0.47590978518429794	0.03429973208158638
0.47591978518429795	0.03465987239933628
0.4759297851842979	0.034973700028521154
0.4759397851842979	0.03490481972870991
0.4759497851842979	0.0348626365054237
0.47814742769847585	0.03462354497179651
0.47815742769847586	0.03436977541299606
0.4781674276984758	0.010701244365859234
0.4781774276984758	0.007989146463241649
0.47818742769847583	0.012080163613669953
0.4803863922224312	0.014143696251886669
0.4803963922224312	0.031852881061676656
0.48040639222243114	0.03157967629049216
0.48041639222243115	0.03144371838484045
0.48042639222243116	0.03131078672402916
0.48262672415539665	0.03131086532781848
0.48263672415539666	0.03129252741921088
0.4826467241553966	0.03127542075598748
0.4826567241553966	0.03125
0.48266672415539663	0.03125
0.4848684680215208	0.03125
0.4848784680215208	0.03125
0.48488846802152075	0.03125
0.48489846802152076	0.03125
0.48490846802152077	0.03125
0.48711164576657	0.03125
0.48712164576657	0.03125
0.48713164576657	0.03125
0.48714164576657	0.03125
0.48715164576657	0.03125
0.4893562539736678	0.03125
0.4893662539736678	0.03125
0.48937625397366774	0.03125
0.48938625397366775	0.03125
0.48939625397366776	0.03125
0.4916023332698411	0.03125
0.4916123332698411	0.03125
0.49162233326984106	0.03125
0.49163233326984107	0.03125
0.4916423332698411	0.03125
0.4938499232199169	0.03125
0.4938599232199169	0.03125
0.49386992321991685	0.03125
0.49387992321991686	0.031265772684962626
0.49388992321991687	0.031293979556713945
0.49609902969889214	0.031305795132406423
0.49610902969889215	0.03135920180930386
0.4961190296988921	0.03165456914166711
0.4961290296988921	0.03486204146419364
0.4961390296988921	0.03430265669042423
0.498349583190843	0.03390330225727517
0.498359583190843	0.03263674151397922
0.49836958319084296	0.03177829558375538
0.49837958319084297	0.031441870523345974
0.498389583190843	0.03130088109524061
0.5006016254349768	0.031295994415044825
0.5006116254349768	0.031278337558683506
0.5006216254349768	0.03125
0.5006316254349769	0.03125
0.5006416254349768	0.03125
0.5028551972492782	0.03125
0.5028651972492783	0.03125
0.5028751972492782	0.03125
0.5028851972492783	0.03125
0.5028951972492782	0.03125
0.5051103385749102	0.03125
0.5051203385749102	0.03125
0.5051303385749102	0.03125
0.5051403385749103	0.03125
0.5051503385749102	0.03125
0.5073670885120811	0.03125
0.5073770885120812	0.03125
0.5073870885120811	0.03125
0.5073970885120812	0.03125
0.5074070885120812	0.03125
0.5096254853457357	0.03125
0.5096354853457358	0.03125
0.5096454853457357	0.03125
0.5096554853457358	0.03125
0.5096654853457357	0.03125
0.5118855665601534	0.03125
0.5118955665601534	0.03125
0.5119055665601534	0.03125
0.5119155665601535	0.03125
0.5119255665601534	0.03125
0.5141473688423729	0.03125
0.514157368842373	0.03125
0.5141673688423729	0.03125
0.514177368842373	0.03125
0.5141873688423729	0.03125
0.5164109280752247	0.03125
0.5164209280752248	0.03125
0.5164309280752247	0.03125
0.5164409280752248	0.03125
0.5164509280752247	0.03125
0.5186762793215581	0.03125
0.5186862793215582	0.03125
0.5186962793215582	0.03125
0.5187062793215582	0.03125
0.5187162793215582	0.03125
0.5209433400634329	0.03125
0.520953340063433	0.03126923691325086
0.5209633400634329	0.0312830335642903
0.520973340063433	0.03132024722381035
0.5209833400634329	0.03146218057074239
0.5232120859086965	0.031506973839983646
0.5232220859086966	0.03171283132327113
0.5232320859086965	0.03242861191966825
0.5232420859086966	0.03464777102838143
0.5232520859086965	0.04689253736235631
0.5254825523016503	0.04689263743942489
0.5254925523016504	0.04689339037165775
0.5255025523016503	0.04689430902521351
0.5255125523016504	0.04689496951518361
0.5255225523016503	0.046895765051125686
0.5277547741167887	0.046895651376622244
0.5277647741167888	0.046895725325140095
0.5277747741167887	0.046895562148285275
0.5277847741167888	0.03130992625542697
0.5277947741167888	0.03918344063227559
0.5300287857376978	0.04689271800013013
0.5300387857376979	0.046891828738951605
0.5300487857376979	0.04689069910024189
0.5300587857376979	0.046875
0.5300687857376979	0.046875
0.5323046211264492	0.046875
0.5323146211264492	0.046875
0.5323246211264492	0.046875
0.5323346211264492	0.046875
0.5323446211264492	0.046875
0.5345823138808603	0.046875
0.5345923138808604	0.046875
0.5346023138808603	0.03925716835556031
0.5346123138808604	0.03360233864947704
0.5346223138808603	0.0318474574730399
0.5368618972774991	0.03176627828004678
0.5368718972774992	0.031542721267468016
0.5368818972774991	0.031380666587021336
0.5368918972774992	0.0313060660853661
0.5369018972774992	0.03127099432677524
0.5391434042987985	0.031268749784719246
0.5391534042987985	0.03125
0.5391634042987985	0.03125
0.5391734042987986	0.03125
0.5391834042987985	0.03125
0.5414268676432159	0.03125
0.541436867643216	0.03125
0.5414468676432159	0.03125
0.541456867643216	0.03125
0.5414668676432159	0.03125
0.5437123197180244	0.03125
0.5437223197180244	0.03125
0.5437323197180244	0.03125
0.5437423197180244	0.03125
0.5437523197180244	0.03125
0.545999792615022	0.03125
0.546009792615022	0.03125
0.546019792615022	0.03125
0.546029792615022	0.020367502802722925
0.546039792615022	0.00021964003905610276
0.5482893180701408	0.00011415979839676614
0.5482993180701409	0.00017952797182972153
0.5483093180701408	0.001333129886565883
0.5483193180701409	0.016031058351360407
0.5483293180701408	0.03125
0.5505809274085783	0.03125
0.5505909274085784	0.03125
0.5506009274085784	0.03125
0.5506109274085784	0.03125
0.5506209274085784	0.03125
0.5528746214718046	0.03125
0.5528846214718046	0.03125
0.5528946214718046	0.03125
0.5529046214718046	0.03125
0.5529146214718046	0.03125
0.5551702998087915	0.03125
0.5551802998087916	0.03125
0.5551902998087915	0.03125
0.5552002998087916	0.03125
0.5552102998087916	0.03125
0.5574679900676011	0.03125
0.5574779900676011	0.03125
0.5574879900676011	0.03125
0.5574979900676011	0.03125
0.5575079900676011	0.03125
0.559767719572531	0.03125
0.5597777195725311	0.03125
0.559787719572531	0.03125
0.5597977195725311	0.03125
0.5598077195725311	0.03125
0.5620695154933115	0.03125
0.5620795154933116	0.03125
0.5620895154933115	0.03125
0.5620995154933116	0.03125
0.5621095154933116	0.03125
0.5643734050156628	0.03125
0.5643834050156629	0.02759844901532303
0.5643934050156628	0.01273830439883148
0.5644034050156629	0.005855584879827137
0.5644134050156628	0.0013982784003706123
0.5666794155091232	0.0011241999177891832
0.5666894155091232	0.0006504577491872868
0.5666994155091232	0.0005798343655578188
0.5667094155091232	0.003685405407051273
0.5667194155091232	0.03125
0.5689875746878101	0.03125
0.5689975746878102	0.03125
0.5690075746878102	0.03125
0.5690175746878102	0.03125
0.5690275746878102	0.03125
0.5712979107595396	0.03125
0.5713079107595397	0.03125
0.5713179107595396	0.03125
0.5713279107595397	0.03125
0.5713379107595397	0.03125
0.5736104525586341	0.03125
0.5736204525586341	0.03125
0.5736304525586341	0.03125
0.5736404525586342	0.03125
0.5736504525586341	0.03125
0.5759252296581135	0.03125
0.5759352296581136	0.03125
0.5759452296581136	0.03125
0.5759552296581136	0.03125
0.5759652296581136	0.03125
0.5782422724569979	0.03125
0.578252272456998	0.03125
0.5782622724569979	0.03125
0.578272272456998	0.03125
0.5782822724569979	0.03125
0.5805616122385094	0.03125
0.5805716122385095	0.03125
0.5805816122385095	0.03125
0.5805916122385095	0.03125
0.5806016122385095	0.03125
0.5828832811952923	0.03125
0.5828932811952924	0.03125
0.5829032811952923	0.03125
0.5829132811952924	0.03125
0.5829232811952924	0.03125
0.5852073124183351	0.03125
0.5852173124183352	0.03125
0.5852273124183351	0.03125
0.5852373124183352	0.03125
0.5852473124183352	0.03125
0.5875337398470273	0.03125
0.5875437398470273	0.03125
0.5875537398470273	0.03125
0.5875637398470274	0.03125
0.5875737398470273	0.03125
0.5898625981786355	0.03126702837099134
0.5898725981786356	0.031278250837095845
0.5898825981786355	0.03132346295160422
0.5898925981786356	0.031571381109223896
0.5899025981786356	0.03395042261750846
0.5921939227364221	0.03518214259937312
0.5922039227364222	0.046875
0.5922139227364221	0.04689085314649638
0.5922239227364222	0.046891713065473434
0.5922339227364222	0.04689286560114861
0.5945277485674987	0.04689273665462208
0.5945377485674987	0.04689292625197626
0.5945477485674987	0.04689289231281185
0.5945577485674988	0.04689239779228785
0.5945677485674987	0.04689169750523579
0.5968640555747958	0.046891417320621784
0.5968740555747959	0.04689088835847227
0.5968840555747958	0.0313504058525599
0.5968940555747959	0.046875
0.5969040555747959	0.046875
0.5992029508499173	0.046875
0.5992129508499173	0.046875
0.5992229508499173	0.046875
0.5992329508499173	0.046875
0.5992429508499173	0.046875
0.6015444990749619	0.046875
0.601554499074962	0.046875
0.6015644990749619	0.046875
0.601574499074962	0.046875
0.6015844990749619	0.046875
0.6038886921368282	0.046875
0.6038986921368282	0.046875
0.6039086921368282	0.046875
0.6039186921368283	0.046875
0.6039286921368282	0.046875
0.6062352654616403	0.046875
0.6062452654616404	0.046875
0.6062552654616403	0.046875
0.6062652654616404	0.046875
0.6062752654616403	0.046875
0.6085841552149286	0.046875
0.6085941552149287	0.046875
0.6086041552149286	0.046875
0.6086141552149287	0.046875
0.6086241552149286	0.046875
0.6109354294962029	0.046875
0.610945429496203	0.046875
0.610955429496203	0.046875
0.610965429496203	0.046875
0.610975429496203	0.046875
0.6132891625231532	0.046875
0.6132991625231533	0.046875
0.6133091625231533	0.046875
0.6133191625231533	0.046875
0.6133291625231533	0.03059026000050028
0.6156454341145366	0.029905377272936535
0.6156554341145367	0.02588427918557002
0.6156654341145367	0.021794094933097703
0.6156754341145367	0.01988641497835634
0.6156854341145367	0.019904531687070723
0.6180043290131322	0.022403727434677022
0.6180143290131322	0.03203797283245412
0.6180243290131322	0.03667539483746819
0.6180343290131323	0.0366222320480614
0.6180443290131322	0.038028707373300524
0.6203659360539207	0.037734513192952006
0.6203759360539207	0.037891466109449906
0.6203859360539207	0.037961331643402846
0.6203959360539207	0.03745378614595454
0.6204059360539207	0.036867237997728626
0.622730347188813	0.03652257709268304
0.6227403471888131	0.03595829568943866
0.6227503471888131	0.03505811861521911
0.6227603471888131	0.034520906773162885
0.6227703471888131	0.03392740726419703
0.6250976563813525	0.0338027453271338
0.6251076563813526	0.0335257576908263
0.6251176563813525	0.03313503060346176
0.6251276563813526	0.03275476650255277
0.6251376563813525	0.03239080089539462
0.627467958387899	0.03235181773478166
0.6274779583878991	0.03222968005749427
0.6274879583878991	0.03209461202402279
0.6274979583878991	0.03203732242458361
0.6275079583878991	0.032028207172965506
0.6298410940313129	0.03208752540877095
0.629851094031313	0.026530620372710687
0.629861094031313	0.014502298426839415
0.629871094031313	0.013394360730268645
0.629881094031313	0.014868825853981724
0.6322168259510755	0.0209837076930098
0.6322268259510756	0.029693486835810377
0.6322368259510756	0.03132932120119956
0.6322468259510756	0.03128320285452045
0.6322568259510756	0.03125
0.6345951913471181	0.03125
0.6346051913471181	0.03125
0.6346151913471181	0.03125
0.6346251913471181	0.03125
0.6346351913471181	0.03125
0.6369762342463644	0.03125
0.6369862342463645	0.03125
0.6369962342463644	0.03125
0.6370062342463645	0.03125
0.6370162342463644	0.03125
0.6393600056124213	0.03125
0.6393700056124214	0.03125
0.6393800056124214	0.03125
0.6393900056124214	0.03125
0.6394000056124214	0.03125
0.6417465632761153	0.03125
0.6417565632761154	0.03125
0.6417665632761154	0.03125
0.6417765632761154	0.03125
0.6417865632761154	0.03125
0.644135971676666	0.03125
0.6441459716766661	0.03125
0.644155971676666	0.03125
0.6441659716766661	0.03125
0.6441759716766661	0.03125
0.6465283014089968	0.03125
0.6465383014089968	0.03125
0.6465483014089968	0.03125
0.6465583014089968	0.03125
0.6465683014089968	0.03125
0.648923628578938	0.03125
0.6489336285789381	0.03125
0.6489436285789381	0.03125
0.6489536285789381	0.03125
0.6489636285789381	0.03125
0.6513220339746049	0.03125
0.6513320339746049	0.03125
0.6513420339746049	0.03125
0.651352033974605	0.03125
0.6513620339746049	0.03125
0.6537236020687067	0.03125
0.6537336020687068	0.03125
0.6537436020687067	0.03125
0.6537536020687068	0.03125
0.6537636020687068	0.03125
0.6561284198726784	0.03126603436882392
0.6561384198726785	0.031280955689877786
0.6561484198726785	0.03136881467522537
0.6561584198726785	0.032417872975611745
0.6561684198726785	0.046875
0.6585365756695098	0.046875
0.6585465756695099	0.046875
0.6585565756695099	0.046875
0.6585665756695099	0.046875
0.6585765756695099	0.046875
0.6609481576564487	0.046875
0.6609581576564487	0.046875
0.6609681576564487	0.046875
0.6609781576564487	0.046875
0.6609881576564487	0.046875
0.6633632525312411	0.046875
0.6633732525312411	0.03129648436554178
0.6633832525312411	0.046875
0.6633932525312412	0.046875
0.6634032525312411	0.046875
0.6657816515211125	0.046875
0.6657916515211125	0.046875
0.6658016515211125	0.046875
0.6658116515211125	0.046875
0.6658216515211125	0.046875
0.6682030195100677	0.046875
0.6682130195100677	0.046875
0.6682230195100677	0.046875
0.6682330195100677	0.046875
0.6682430195100677	0.046875
0.6706273974985186	0.046875
0.6706373974985187	0.046875
0.6706473974985186	0.046875
0.6706573974985187	0.046875
0.6706673974985187	0.046875
0.6730548344343374	0.046875
0.6730648344343375	0.046875
0.6730748344343375	0.046875
0.6730848344343375	0.046875
0.6730948344343375	0.046875
0.675485387106196	0.046875
0.675495387106196	0.046875
0.675505387106196	0.046875
0.6755153871061961	0.046875
0.675525387106196	0.046875
0.677919119803179	0.046875
0.677929119803179	0.046875
0.677939119803179	0.046875
0.6779491198031791	0.046875
0.677959119803179	0.046875
0.6803561037411339	0.046875
0.6803661037411339	0.04124735764124168
0.6803761037411339	0.0314313676230616
0.680386103741134	0.03127755096998014
0.6803961037411339	0.03146550616780311
0.682796416264394	0.03157459530396106
0.6828064162643941	0.03225690618163402
0.682816416264394	0.036193276887621015
0.6828264162643941	0.046875
0.6828364162643941	0.046875
0.6852401398394385	0.046875
0.6852501398394386	0.046875
0.6852601398394386	0.046875
0.6852701398394386	0.046875
0.6852801398394386	0.046875
0.6876873608643919	0.046875
0.6876973608643919	0.046875
0.6877073608643919	0.046875
0.687717360864392	0.046875
0.6877273608643919	0.046875
0.6901381683247578	0.046875
0.6901481683247579	0.046875
0.6901581683247578	0.046875
0.6901681683247579	0.046875
0.6901781683247579	0.046875
0.6925926523312075	0.046875
0.6926026523312075	0.046875
0.6926126523312075	0.046875
0.6926226523312076	0.046875
0.6926326523312075	0.046875
0.6950509025794148	0.046875
0.6950609025794149	0.046875
0.6950709025794148	0.04458267893176475
0.6950809025794149	0.034474647822658175
0.6950909025794149	0.03221134798043493
0.6975130067747254	0.03199998546003459
0.6975230067747255	0.031646321841964954
0.6975330067747254	0.031403521594839764
0.6975430067747255	0.03130476203523044
0.6975530067747254	0.031267225217763525
0.6999790490660975	0.03125
0.6999890490660976	0.03125
0.6999990490660976	0.03125
0.7000090490660976	0.03125
0.7000190490660976	0.03125
0.7024491085333421	0.03125
0.7024591085333421	0.03125
0.7024691085333421	0.03125
0.7024791085333422	0.03125
0.7024891085333421	0.03125
0.7049226668771315	0.03125
0.7049326668771315	0.03125
0.7049426668771315	0.03125
0.7049526668771315	0.03125
0.7049626668771315	0.03125
0.707399551062862	0.03125
0.7074095510628621	0.03125
0.707419551062862	0.03125
0.7074295510628621	0.03125
0.707439551062862	0.03125
0.7098798298934702	0.03125
0.7098898298934703	0.03125
0.7098998298934702	0.03125
0.7099098298934703	0.03125
0.7099198298934702	0.03125
0.7123635810963663	0.03125
0.7123735810963664	0.03125
0.7123835810963663	0.03125
0.7123935810963664	0.03125
0.7124035810963664	0.03125
0.7148508902734776	0.03125
0.7148608902734777	0.03125
0.7148708902734776	0.03125
0.7148808902734777	0.03125
0.7148908902734776	0.03125
0.7173418495772138	0.03125
0.7173518495772139	0.03125
0.7173618495772138	0.03125
0.7173718495772139	0.03125
0.7173818495772138	0.03125
0.7198365561497557	0.03125
0.7198465561497558	0.03125
0.7198565561497557	0.03125
0.7198665561497558	0.03125
0.7198765561497558	0.0312718530857737
0.7223351103711244	0.031281471836689105
0.7223451103711245	0.031332347239712344
0.7223551103711244	0.031848475991693256
0.7223651103711245	0.046875
0.7223751103711245	0.046875
0.7248376139675359	0.046875
0.7248476139675359	0.046875
0.7248576139675359	0.046875
0.724867613967536	0.046875
0.7248776139675359	0.046875
0.7273441680355285	0.046875
0.7273541680355285	0.046875
0.7273641680355285	0.046875
0.7273741680355286	0.046875
0.7273841680355285	0.03312413805936991
0.7298548710393148	0.04034658870576349
0.7298648710393149	0.046875
0.7298748710393148	0.046875
0.7298848710393149	0.046875
0.7298948710393148	0.046875
0.7323698168388881	0.046875
0.7323798168388882	0.046875
0.7323898168388882	0.046875
0.7323998168388882	0.046875
0.7324098168388882	0.046875
0.7348867029156823	0.046875
0.7348967029156823	0.046875
0.7349067029156823	0.046875
0.7349167029156823	0.046875
0.7349267029156823	0.046875
0.7374055584910183	0.046875
0.7374155584910184	0.046875
0.7374255584910183	0.046875
0.7374355584910184	0.046875
0.7374455584910183	0.046875
0.7399264893996279	0.046875
0.739936489399628	0.046875
0.7399464893996279	0.046875
0.739956489399628	0.046875
0.739966489399628	0.046875
0.7424496081139568	0.046875
0.7424596081139568	0.046875
0.7424696081139568	0.046875
0.7424796081139569	0.046875
0.7424896081139568	0.046875
0.7449750322229122	0.046875
0.7449850322229122	0.046875
0.7449950322229122	0.046875
0.7450050322229123	0.03281305801998722
0.7450150322229122	0.031280081319710974
0.7475028827503479	0.03129094787663545
0.747512882750348	0.031394578943267436
0.747522882750348	0.03232106695553632
0.747532882750348	0.042519497382960805
0.747542882750348	0.046875
0.7500332823573648	0.046875
0.7500432823573648	0.046875
0.7500532823573648	0.046875
0.7500632823573649	0.046875
0.7500732823573648	0.046875
0.7525663534690544	0.046875
0.7525763534690545	0.046875
0.7525863534690544	0.046875
0.7525963534690545	0.046875
0.7526063534690545	0.046875
0.7551016226901553	0.046875
0.7551116226901554	0.046875
0.7551216226901554	0.046875
0.7551316226901554	0.046875
0.7551416226901554	0.046875
0.7576390074435282	0.046875
0.7576490074435283	0.046875
0.7576590074435282	0.046875
0.7576690074435283	0.046875
0.7576790074435282	0.046875
0.7601785573555142	0.046875
0.7601885573555143	0.046875
0.7601985573555142	0.046875
0.7602085573555143	0.04686663512752384
0.7602185573555142	0.03323312215212043
0.7627203321016601	0.0330445192158425
0.7627303321016602	0.03219763081901396
0.7627403321016601	0.0315941368723663
0.7627503321016602	0.031358065126263754
0.7627603321016602	0.031278617811632436
0.7652644013770841	0.031274119796115774
0.7652744013770841	0.03125
0.7652844013770841	0.03125
0.7652944013770842	0.03125
0.7653044013770841	0.03125
0.7678108445835927	0.03125
0.7678208445835928	0.03125
0.7678308445835927	0.03125
0.7678408445835928	0.03125
0.7678508445835928	0.03125
0.7703597502200868	0.03125
0.7703697502200869	0.03125
0.7703797502200869	0.03125
0.7703897502200869	0.03125
0.7703997502200869	0.03125
0.7729112149725728	0.03125
0.7729212149725728	0.03125
0.7729312149725728	0.03125
0.7729412149725728	0.03125
0.7729512149725728	0.03125
0.7754636530365537	0.03125
0.7754736530365538	0.03125
0.7754836530365538	0.03125
0.7754936530365538	0.03125
0.7755036530365538	0.03125
0.7780169268853587	0.03125
0.7780269268853588	0.03125
0.7780369268853587	0.03125
0.7780469268853588	0.03125
0.7780569268853588	0.03125
0.7805710853920383	0.03125
0.7805810853920384	0.03125
0.7805910853920384	0.03125
0.7806010853920384	0.03125
0.7806110853920384	0.03125
0.7831261778211845	0.03125
0.7831361778211846	0.03125
0.7831461778211846	0.03125
0.7831561778211846	0.03125
0.7831661778211846	0.03125
0.7856822536647927	0.03125
0.7856922536647928	0.03125
0.7857022536647927	0.03125
0.7857122536647928	0.03125
0.7857222536647928	0.03125
0.7882393625120969	0.03126856145649445
0.788249362512097	0.031293470527890686
0.7882593625120969	0.03151994609346078
0.788269362512097	0.04008727233402961
0.788279362512097	0.046875
0.7907975539540009	0.046875
0.7908075539540009	0.046875
0.7908175539540009	0.046875
0.790827553954001	0.046875
0.7908375539540009	0.046875
0.7933568775234778	0.046875
0.7933668775234779	0.046875
0.7933768775234779	0.046875
0.7933868775234779	0.046875
0.7933968775234779	0.039373379474165984
0.7959173826672574	0.046875
0.7959273826672575	0.046875
0.7959373826672574	0.046875
0.7959473826672575	0.046875
0.7959573826672575	0.046875
0.7984790591677117	0.046875
0.7984890591677117	0.046875
0.7984990591677117	0.046875
0.7985090591677118	0.046875
0.7985190591677117	0.046875
0.8010417510465627	0.046875
0.8010517510465628	0.046875
0.8010617510465627	0.046875
0.8010717510465628	0.046875
0.8010817510465628	0.046875
0.8036055386707792	0.046875
0.8036155386707793	0.046875
0.8036255386707792	0.046875
0.8036355386707793	0.046875
0.8036455386707793	0.046875
0.8061705054449579	0.046875
0.806180505444958	0.046875
0.806190505444958	0.046875
0.806200505444958	0.046875
0.806210505444958	0.046875
0.8087367366274909	0.046875
0.808746736627491	0.046875
0.8087567366274909	0.046875
0.808766736627491	0.046875
0.8087767366274909	0.046875
0.8113043181696898	0.046875
0.8113143181696899	0.046875
0.8113243181696899	0.046875
0.8113343181696899	0.03144361009072426
0.8113443181696899	0.03133886054572063
0.8138733356053324	0.03137459964205759
0.8138833356053324	0.031760675179212605
0.8138933356053324	0.035045530224753645
0.8139033356053325	0.046875
0.8139133356053324	0.046875
0.8164438730128516	0.046875
0.8164538730128517	0.046875
0.8164638730128516	0.046875
0.8164738730128517	0.046875
0.8164838730128516	0.046875
0.8190160120674024	0.046875
0.8190260120674024	0.046875
0.8190360120674024	0.046875
0.8190460120674025	0.046875
0.8190560120674024	0.046875
0.8215898311961519	0.046875
0.821599831196152	0.046875
0.8216098311961519	0.046875
0.821619831196152	0.046875
0.821629831196152	0.046875
0.8241654048475188	0.046875
0.8241754048475188	0.046875
0.8241854048475188	0.046875
0.8241954048475189	0.046875
0.8242054048475188	0.046875
0.82674280288305	0.046875
0.8267528028830501	0.046875
0.82676280288305	0.046875
0.8267728028830501	0.03844133283423656
0.8267828028830501	0.032845203219391154
0.829322090099842	0.032382117372261335
0.8293320900998421	0.031792027845257864
0.829342090099842	0.031428463978328304
0.8293520900998421	0.031303907861699176
0.8293620900998421	0.03125
0.831903325890909	0.03125
0.831913325890909	0.03125
0.831923325890909	0.03125
0.8319333258909091	0.03125
0.831943325890909	0.03125
0.8344865640501082	0.03125
0.8344965640501083	0.03125
0.8345065640501083	0.03125
0.8345165640501083	0.03125
0.8345265640501083	0.03125
0.8370717280465588	0.03125
0.8370817280465589	0.03125
0.8370917280465588	0.03125
0.8371017280465589	0.03125
0.8371117280465589	0.03125
0.8396587968482132	0.03125
0.8396687968482133	0.03125
0.8396787968482132	0.03125
0.8396887968482133	0.03125
0.8396987968482132	0.03125
0.8422476973326315	0.03125
0.8422576973326316	0.03125
0.8422676973326315	0.03125
0.8422776973326316	0.03125
0.8422876973326315	0.03125
0.8448383657667211	0.03125
0.8448483657667212	0.03125
0.8448583657667211	0.03125
0.8448683657667212	0.03125
0.8448783657667212	0.03125
0.8474308683086149	0.03125
0.847440868308615	0.03125
0.8474508683086149	0.03125
0.847460868308615	0.03125
0.847470868308615	0.03125
0.8500252724205511	0.03125
0.8500352724205512	0.03125
0.8500452724205512	0.03125
0.8500552724205512	0.03125
0.8500652724205512	0.03125
0.8526216463821767	0.03125
0.8526316463821768	0.03125
0.8526416463821768	0.03125
0.8526516463821768	0.03125
0.8526616463821768	0.03127342439648331
0.8552200588411499	0.03128548580246575
0.85523005884115	0.03135215896061455
0.85524005884115	0.032188570758051135
0.85525005884115	0.046875
0.85526005884115	0.046875
0.8578205783892155	0.046875
0.8578305783892156	0.046875
0.8578405783892156	0.046875
0.8578505783892156	0.046875
0.8578605783892156	0.046875
0.8604232731477747	0.046875
0.8604332731477747	0.046875
0.8604432731477747	0.046875
0.8604532731477748	0.031278828994321356
0.8604632731477747	0.046875
0.8630282103457891	0.046875
0.8630382103457892	0.046875
0.8630482103457892	0.046875
0.8630582103457892	0.046875
0.8630682103457892	0.046875
0.8656354558750277	0.046875
0.8656454558750277	0.046875
0.8656554558750277	0.046875
0.8656654558750277	0.046875
0.8656754558750277	0.046875
0.8682450738131483	0.046875
0.8682550738131484	0.046875
0.8682650738131483	0.046875
0.8682750738131484	0.046875
0.8682850738131483	0.046875
0.8708571259131875	0.046875
0.8708671259131876	0.046875
0.8708771259131876	0.046875
0.8708871259131876	0.046875
0.8708971259131876	0.046875
0.8734716710680902	0.046875
0.8734816710680903	0.046875
0.8734916710680902	0.046875
0.8735016710680903	0.046875
0.8735116710680902	0.046875
0.8760879585181316	0.046875
0.8760979585181317	0.046875
0.8761079585181316	0.046875
0.8761179585181317	0.046875
0.8761279585181316	0.046875
0.8787050118714199	0.046875
0.87871501187142	0.04441779891224672
0.8787250118714199	0.0313702901380325
0.87873501187142	0.031360247514989815
0.87874501187142	0.034233393240649175
0.8813228725749416	0.034871312786069454
0.8813328725749416	0.046875
0.8813428725749416	0.046875
0.8813528725749417	0.046875
0.8813628725749416	0.046875
0.8839415822046286	0.046875
0.8839515822046287	0.046875
0.8839615822046286	0.046875
0.8839715822046287	0.046875
0.8839815822046286	0.046875
0.8865611824130064	0.046875
0.8865711824130065	0.046875
0.8865811824130064	0.046875
0.8865911824130065	0.046875
0.8866011824130065	0.046875
0.889181714829644	0.046875
0.8891917148296441	0.046875
0.889201714829644	0.046875
0.8892117148296441	0.046875
0.8892217148296441	0.046875
0.8918032209287333	0.046875
0.8918132209287334	0.046875
0.8918232209287333	0.046875
0.8918332209287334	0.046875
0.8918432209287334	0.046875
0.8944257418824408	0.046875
0.8944357418824409	0.046875
0.8944457418824409	0.03639156135052757
0.8944557418824409	0.03360023845844044
0.8944657418824409	0.031427243137009495
0.8970493184210783	0.03143253062001006
0.8970593184210783	0.03134054327601254
0.8970693184210783	0.03128460717238645
0.8970793184210784	0.03125
0.8970893184210783	0.03125
0.8996739907212832	0.03125
0.8996839907212832	0.03125
0.8996939907212832	0.03125
0.8997039907212833	0.03125
0.8997139907212832	0.03125
0.9022997983407735	0.03125
0.9023097983407735	0.03125
0.9023197983407735	0.03125
0.9023297983407735	0.03125
0.9023397983407735	0.03125
0.9049267802130898	0.03125
0.9049367802130899	0.03125
0.9049467802130898	0.03125
0.9049567802130899	0.03125
0.9049667802130898	0.03125
0.9075549747086072	0.03125
0.9075649747086073	0.03125
0.9075749747086073	0.03125
0.9075849747086073	0.03125
0.9075949747086073	0.03125
0.9101844197595957	0.03125
0.9101944197595958	0.03125
0.9102044197595958	0.03125
0.9102144197595958	0.03125
0.9102244197595958	0.03125
0.9128151530382891	0.03125
0.9128251530382891	0.03125
0.9128351530382891	0.03125
0.9128451530382892	0.03125
0.9128551530382891	0.03125
0.9154472121690086	0.03125
0.9154572121690087	0.03125
0.9154672121690086	0.03125
0.9154772121690087	0.03125
0.9154872121690086	0.03125
0.9180806349496066	0.03125
0.9180906349496066	0.03125
0.9181006349496066	0.03125
0.9181106349496067	0.03125
0.9181206349496066	0.03125
0.920715459554829	0.03125
0.9207254595548291	0.03125
0.920735459554829	0.03125
0.9207454595548291	0.03128828275451346
0.9207554595548291	0.03175631916106524
0.9233517246951969	0.03228830858619374
0.923361724695197	0.039365910468486955
0.9233717246951969	0.046875
0.923381724695197	0.046875
0.9233917246951969	0.046875
0.9259894697096973	0.046875
0.9259994697096974	0.046875
0.9260094697096973	0.046875
0.9260194697096974	0.046875
0.9260294697096974	0.046875
0.9286287345784296	0.046875
0.9286387345784297	0.03224320989406626
0.9286487345784297	0.03266429382565621
0.9286587345784297	0.046875
0.9286687345784297	0.046875
0.931269559851343	0.046875
0.931279559851343	0.046875
0.931289559851343	0.046875
0.931299559851343	0.046875
0.931309559851343	0.046875
0.9339119864999038	0.046875
0.9339219864999039	0.046875
0.9339319864999038	0.046875
0.9339419864999039	0.046875
0.9339519864999039	0.046875
0.9365560557084063	0.046875
0.9365660557084063	0.046875
0.9365760557084063	0.046875
0.9365860557084064	0.046875
0.9365960557084063	0.046875
0.9392016499402032	0.046875
0.9392116499402032	0.046875
0.9392216499402032	0.046875
0.9392316499402033	0.046875
0.9392416499402032	0.046875
0.9418487654610636	0.046875
0.9418587654610636	0.046875
0.9418687654610636	0.046875
0.9418787654610636	0.046875
0.9418887654610636	0.046875
0.9444974361238536	0.046875
0.9445074361238537	0.046875
0.9445174361238536	0.046875
0.9445274361238537	0.046875
0.9445374361238537	0.03132391544443165
0.9471476962552704	0.031289332119576276
0.9471576962552705	0.031305645893830114
0.9471676962552704	0.031738759773864963
0.9471776962552705	0.03791425236518742
0.9471876962552704	0.046875
0.9497995808264101	0.046875
0.9498095808264102	0.046875
0.9498195808264102	0.046875
0.9498295808264102	0.046875
0.9498395808264102	0.046875
0.9524531256547799	0.046875
0.95246312565478	0.046875
0.9524731256547799	0.046875
0.95248312565478	0.046875
0.95249312565478	0.046875
0.9551083676063046	0.046875
0.9551183676063046	0.046875
0.9551283676063046	0.046875
0.9551383676063047	0.046875
0.9551483676063046	0.046875
0.957765344763243	0.046875
0.9577753447632431	0.046875
0.9577853447632431	0.046875
0.9577953447632431	0.046875
0.9578053447632431	0.046875
0.9604240965260898	0.046875
0.9604340965260899	0.046875
0.9604440965260899	0.046875
0.9604540965260899	0.046875
0.9604640965260899	0.03632947593329887
0.9630846636243149	0.03510260889290657
0.963094663624315	0.03319448553790253
0.9631046636243149	0.03185258654752143
0.963114663624315	0.03140915881812088
0.9631246636243149	0.031281172755989115
0.965747088021424	0.031276725959167306
0.965757088021424	0.03125
0.965767088021424	0.03125
0.965777088021424	0.03125
0.965787088021424	0.03125
0.9684114127130006	0.03125
0.9684214127130006	0.03125
0.9684314127130006	0.03125
0.9684414127130007	0.03125
0.9684514127130006	0.03125
0.9710776814303278	0.03125
0.9710876814303279	0.03125
0.9710976814303278	0.03125
0.9711076814303279	0.03125
0.9711176814303278	0.03125
0.9737459382748225	0.03125
0.9737559382748225	0.03125
0.9737659382748225	0.03125
0.9737759382748226	0.03125
0.9737859382748225	0.03125
0.9764162273177619	0.03125
0.976426227317762	0.03125
0.9764362273177619	0.03125
0.976446227317762	0.03125
0.9764562273177619	0.03125
0.9790885922039378	0.03125
0.9790985922039379	0.03125
0.9791085922039379	0.03125
0.9791185922039379	0.03125
0.9791285922039379	0.03125
0.9817629732536006	0.03125
0.9817729732536007	0.03125
0.9817829732536006	0.03125
0.9817929732536007	0.03125
0.9818029732536007	0.03125
0.9844393817055149	0.03125
0.984449381705515	0.03125
0.984459381705515	0.03125
0.984469381705515	0.03125
0.984479381705515	0.03125
0.9871178598695136	0.03125
0.9871278598695137	0.03125
0.9871378598695136	0.03125
0.9871478598695137	0.03125
0.9871578598695137	0.03125
0.9897984502465275	0.03125
0.9898084502465275	0.031274553894408065
0.9898184502465275	0.03137072914105218
0.9898284502465275	0.033489438266801515
0.9898384502465275	0.046875
0.9924811955266775	0.046875
0.9924911955266775	0.046875
0.9925011955266775	0.046875
0.9925111955266775	0.046875
0.9925211955266775	0.046875
0.9951661071958802	0.046875
0.9951761071958802	0.046875
0.9951861071958802	0.046875
0.9951961071958803	0.046875
0.9952061071958802	0.046875
0.9978522755101933	0.046875
0.9978622755101934	0.046875
0.9978722755101933	0.046875
0.9978822755101934	0.046875
0.9978922755101933	0.046875
1.000539298770616	0.046875
1.000549298770616	0.046875
1.000559298770616	0.046875
1.000569298770616	0.046875
1.0005792987706161	0.046875
1.0032272149657404	0.046875
1.0032372149657403	0.046875
1.0032472149657403	0.046875
1.0032572149657404	0.046875
1.0032672149657405	0.046875
1.005916061373307	0.046875
1.0059260613733068	0.046875
1.0059360613733068	0.046875
1.0059460613733069	0.046875
1.005956061373307	0.046875
1.0086058745689788	0.046875
1.0086158745689786	0.046875
1.0086258745689787	0.046875
1.0086358745689787	0.046875
1.0086458745689788	0.046875
1.0112966905014251	0.046875
1.011306690501425	0.046875
1.011316690501425	0.046875
1.011326690501425	0.046875
1.0113366905014252	0.046875
1.0139885446222057	0.046875
1.0139985446222055	0.046875
1.0140085446222056	0.03153830743456589
1.0140185446222056	0.03131674316697208
1.0140285446222057	0.0344236255160561
1.0166814720493682	0.03402462276277082
1.016691472049368	0.046875
1.0167014720493681	0.046875
1.0167114720493682	0.046875
1.0167214720493682	0.046875
1.019375507737473	0.046875
1.019385507737473	0.046875
1.019395507737473	0.046875
1.019405507737473	0.046875
1.0194155077374731	0.046875
1.0220706866249156	0.046875
1.0220806866249155	0.046875
1.0220906866249155	0.046875
1.0221006866249156	0.046875
1.0221106866249157	0.046875
1.0247670437322596	0.046875
1.0247770437322594	0.046875
1.0247870437322595	0.046875
1.0247970437322595	0.046875
1.0248070437322596	0.046875
1.0274646141924557	0.046875
1.0274746141924556	0.046875
1.0274846141924556	0.046875
1.0274946141924557	0.046875
1.0275046141924558	0.046875
1.030163433204476	0.046875
1.0301734332044759	0.046706893744602435
1.030183433204476	0.034246828157416864
1.030193433204476	0.03277145257296922
1.030203433204476	0.031372702398351854
1.0328635359144152	0.03136716457764153
1.032873535914415	0.03130853171447736
1.032883535914415	0.031273093275477046
1.0328935359144151	0.03125
1.0329035359144152	0.03125
1.0355649572404908	0.03125
1.0355749572404906	0.03125
1.0355849572404907	0.03125
1.0355949572404908	0.03125
1.0356049572404908	0.03125
1.0382677316687041	0.03125
1.038277731668704	0.03125
1.038287731668704	0.03125
1.038297731668704	0.03125
1.0383077316687042	0.03125
1.0409718930523537	0.03125
1.0409818930523536	0.03125
1.0409918930523536	0.03125
1.0410018930523537	0.03125
1.0410118930523538	0.03125
1.043677457159693	0.03125
1.0436874571596928	0.03125
1.0436974571596929	0.03125
1.043707457159693	0.03125
1.043717457159693	0.03125
1.0463842992126413	0.03125
1.0463942992126412	0.03125
1.0464042992126412	0.03125
1.0464142992126413	0.03125
1.0464242992126414	0.03125
1.0490924470457248	0.03125
1.0491024470457246	0.03125
1.0491124470457247	0.03125
1.0491224470457248	0.03125
1.0491324470457248	0.03125
1.0518019288681695	0.03125
1.0518119288681693	0.03125
1.0518219288681694	0.03125
1.0518319288681695	0.03125
1.0518419288681695	0.03125
1.0545127734078048	0.03125
1.0545227734078046	0.03125
1.0545327734078047	0.03125
1.0545427734078048	0.03125
1.0545527734078048	0.03125
1.0572250099917277	0.03125
1.0572350099917276	0.03125
1.0572450099917277	0.03125
1.0572550099917277	0.03128660199895756
1.0572650099917278	0.03171114938696857
1.05993866854407	0.03218165065921036
1.0599486685440698	0.03769880796962165
1.0599586685440698	0.046875
1.05996866854407	0.046875
1.05997866854407	0.046875
1.0626537794966762	0.046875
1.062663779496676	0.046875
1.062673779496676	0.046875
1.0626837794966761	0.046875
1.0626937794966762	0.046875
1.0653703736251925	0.046875
1.0653803736251923	0.03128670319930429
1.0653903736251924	0.046875
1.0654003736251925	0.05041219918016143
1.0654103736251925	0.046875
1.0680884818377696	0.046875
1.0680984818377695	0.046875
1.0681084818377695	0.046875
1.0681184818377696	0.046875
1.0681284818377696	0.046875
1.0708081349534242	0.046875
1.070818134953424	0.046875
1.070828134953424	0.046875
1.0708381349534242	0.046875
1.0708481349534242	0.046875
1.0735293635100471	0.046875
1.073539363510047	0.046875
1.073549363510047	0.046875
1.073559363510047	0.046875
1.0735693635100472	0.046875
1.076252197637331	0.046875
1.0762621976373308	0.046875
1.0762721976373308	0.046875
1.076282197637331	0.046875
1.076292197637331	0.046875
1.0789766670185121	0.046875
1.078986667018512	0.046875
1.078996667018512	0.046875
1.0790066670185121	0.046875
1.0790166670185122	0.046875
1.081702800948721	0.046875
1.081712800948721	0.046875
1.081722800948721	0.046875
1.081732800948721	0.046875
1.081742800948721	0.03129441906901703
1.08443062847977	0.03127514222676327
1.0844406284797699	0.03130993876384608
1.08445062847977	0.03174619917221327
1.08446062847977	0.03680077165678929
1.08447062847977	0.046875
1.08716017862494	0.046875
1.08717017862494	0.046875
1.08718017862494	0.046875
1.08719017862494	0.046875
1.0872001786249401	0.046875
1.0898914805858364	0.046875
1.0899014805858362	0.046875
1.0899114805858363	0.046875
1.0899214805858364	0.046875
1.0899314805858364	0.046875
1.0926245639588705	0.046875
1.0926345639588704	0.046875
1.0926445639588704	0.046875
1.0926545639588705	0.046875
1.0926645639588706	0.046875
1.0953594588824516	0.046875
1.0953694588824514	0.046875
1.0953794588824515	0.046875
1.0953894588824515	0.046875
1.0953994588824516	0.046875
1.0980961960971283	0.046875
1.0981061960971281	0.046875
1.0981161960971282	0.046875
1.0981261960971282	0.046875
1.0981361960971283	0.04396266793674247
