x	y1
0.0008296865709749866	0.171875
0.006265307548189364	0.21875
0.011058414997067986	0.21875
0.015685190517738232	0.21875
0.02025520347248896	0.203125
0.02481142420378033	0.203125
0.029372720894326982	0.203125
0.03394404159318331	0.203125
0.03851717103991492	0.21875
0.043054911812046646	0.234375
0.04754452573902762	0.265625
0.05200304375582303	0.28125
0.05643797522386567	0.28125
0.06085348377777927	0.28125
0.065252288837405	0.265625
0.06963558964134638	0.15625
0.07399821231017008	0.15625
0.07832949224074669	0.125
0.08263335424142469	0.171875
0.08691583593194221	0.171875
0.091182071180504	0.171875
0.09543633613128767	0.28125
0.0996821367312522	0.28125
0.1039223056618784	0.234375
0.10815903572823979	0.234375
0.11239396554704824	0.234375
0.11662826904492521	0.1875
0.12086273511665487	0.21875
0.12509784727309284	0.21875
0.12933382235352756	0.21875
0.1335704100854368	0.21875
0.13780694097025373	0.21875
0.14204346261894032	0.21875
0.14627997724603906	0.21875
0.1505164419521413	0.21875
0.15475278840578263	0.21875
0.15898835832704383	0.21875
0.1632193709616598	0.21875
0.16744668914044253	0.265625
0.17167131391993767	0.265625
0.1758940698359296	0.3125
0.18011561150087152	0.3125
0.18433642770876496	0.3125
0.18855646960413103	0.34375
0.1927732761262188	0.296875
0.19698433639548982	0.25
0.20119098999780383	0.1875
0.20539444546911886	0.1875
0.2095957639349858	0.1875
0.21379584842719646	0.1875
0.21799543715650047	0.1875
0.22219509657195835	0.1875
0.22639523550941593	0.1875
0.23059612271408	0.1875
0.23479774833406522	0.1875
0.23899897961025635	0.1875
0.2431980035110097	0.1875
0.2473946654173803	0.1875
0.25158991612280485	0.1875
0.25578458763621603	0.21875
0.25997925646818226	0.21875
0.26417423607672896	0.21875
0.26836963008829584	0.21875
0.2725653844298034	0.21875
0.2767612829463287	0.21875
0.2809569175284751	0.21875
0.28515189416274306	0.15625
0.28934529588632873	0.1875
0.2935357851400983	0.1875
0.2977230707248578	0.1875
0.301906974360543	0.1875
0.306087202830859	0.1875
0.3102632458382744	0.1875
0.314435463464349	0.1875
0.3186047924052636	0.1875
0.32277285221837987	0.21875
0.3269419375158629	0.21875
0.33111438444556807	0.21875
0.33529110889373404	0.21875
0.33947456904745515	0.21875
0.3436672720337647	0.21875
0.3478706576136578	0.21875
0.35207981037304886	0.21875
0.35629105642836567	0.21875
0.36050149415795685	0.21875
0.3647077387620303	0.21875
0.36891207156836986	0.21875
0.3731164879656411	0.21875
0.37732237054710194	0.21875
0.38153207138831546	0.1875
0.3857481220628513	0.15625
0.3899723661769321	0.21875
0.3942009673292418	0.21875
0.398424450535717	0.21875
0.40264720847583474	0.21875
0.4068736402163621	0.21875
0.4111079931629901	0.21875
0.4153531643898907	0.21875
0.4196061035436836	0.21875
0.42386518789737576	0.21875
0.42813478370962144	0.21875
0.4324185789691121	0.21875
0.4367183542559605	0.21875
0.4410281103401676	0.21875
0.4453451010134077	0.21875
0.44967328067584955	0.21875
0.454016142129329	0.21875
0.4583767114192615	0.21875
0.46275755766780835	0.25
0.4671608719246954	0.25
0.4715859865675535	0.25
0.47602002543363325	0.25
0.4804632443354848	0.21875
0.4849189038269639	0.21875
0.48938994792592894	0.21875
0.4938784669438221	0.21875
0.4983860439422856	0.21875
0.5029141620620994	0.21875
0.5074633644994295	0.21875
0.5120298720738992	0.21875
0.5166131995222792	0.21875
0.521214612367432	0.21875
0.5258351312762207	0.21875
0.5304755538002983	0.25
0.5351351231608409	0.25
0.5398063539339718	0.25
0.5444892068983102	0.25
0.5491844296338639	0.25
0.5538927600785994	0.25
0.5586151069484396	0.25
0.5633521689401567	0.25
0.5681037240494732	0.25
0.5728688787115925	0.25
0.5776447310094356	0.25
0.5824220562103912	0.25
0.5872000838487919	0.25
0.5919779474468511	0.25
0.5967529041348907	0.21875
0.6015251163463441	0.25
0.6062950114319952	0.25
0.6110608346916284	0.25
0.6158238147465595	0.25
0.6205836009069088	0.25
0.6253414006522983	0.25
0.6300976570161342	0.25
0.6348476729247335	0.25
0.6395910002010662	0.25
0.6443297326293396	0.25
0.6490657707787446	0.25
0.6538006614276355	0.25
0.6585355039173331	0.25
0.6632709296299373	0.25
0.6680071469181655	0.28125
0.6727440244786258	0.265625
0.6774809557539779	0.265625
0.6822163391425266	0.265625
0.6869502027861316	0.265625
0.69168244791529	0.25
0.6964129399218609	0.25
0.7011414615677264	0.21875
0.7058672886331268	0.234375
0.7105902898149288	0.234375
0.7153107342545322	0.25
0.720028988760667	0.25
0.7247455012739215	0.25
0.7294607612526541	0.25
0.7341752479254817	0.25
0.7388891679429807	0.28125
0.7436010845146707	0.28125
0.7483082264649233	0.28125
0.7530116538190812	0.265625
0.7577123094406613	0.25
0.7624109885981317	0.25
0.7671083231377289	0.25
0.771804780496349	0.265625
0.7765006761034681	0.265625
0.7811961960888372	0.265625
0.7858912813263771	0.265625
0.7905850909412465	0.25
0.7952774623893949	0.25
0.7999684853785852	0.25
0.8046569671286102	0.25
0.8093423981283615	0.28125
0.8140255293536761	0.28125
0.8187070179136178	0.28125
0.8233874390373267	0.265625
0.8280672913480644	0.25
0.832746996913646	0.28125
0.837426898233555	0.28125
0.8421072545602437	0.28125
0.8467878588612738	0.28125
0.8514663246720091	0.28125
0.8561410270014858	0.28125
0.8608128036323192	0.28125
0.8654823929170697	0.28125
0.8701504303408282	0.28125
0.8748174491173373	0.28125
0.8794838847037721	0.28125
0.8841500828317627	0.3125
0.8888162118759293	0.3125
0.8934815896590882	0.25
0.8981445915966045	0.25
0.9028057092424399	0.25
0.907465102653743	0.25
0.9121229460818374	0.25
0.9167796881420002	0.25
0.9214357318993077	0.25
0.9260914245318125	0.25
0.93074704484651	0.25
0.9354027906870903	0.25
0.940058769106186	0.28125
0.9447149927206734	0.28125
0.9493713856680521	0.28125
0.9540278018359032	0.296875
0.9586840564772959	0.3125
0.9633399424571913	0.28125
0.9679951010606522	0.28125
0.9726490941156487	0.28125
0.9773021973980158	0.28125
0.9819545821806278	0.28125
0.9866063466820113	0.28125
0.9912572162541115	0.265625
0.9959053118879097	0.25
1.0005506584184234	0.25
1.0051936132067145	0.25
1.0098345843465946	0.25
1.014474080122949	0.25
1.0191127457873201	0.25
1.0237513825680227	0.25
1.0283909468447165	0.265625
1.0330325305665307	0.28125
1.037676979487723	0.28125
1.0423234693109	0.28125
1.0469725713150508	0.28125
1.051623891741037	0.28125
1.0562731275604773	0.28125
1.0609218888241132	0.28125
1.065571806036617	0.28125
1.0702244979872333	0.28125
1.0748806980748615	0.28125
1.07953710302647	0.28125
1.0841950232590705	0.265625
1.08885630736251	0.25
1.0935226358982673	0.25
1.098194987542429	0.25
1.1028714516975153	0.25
1.1075518367640584	0.28125
1.1122379903428916	0.25
1.116931542940594	0.25
1.1216339089151854	0.25
1.1263457756170412	0.25
1.1310642711430685	0.25
1.1357851384642557	0.265625
1.1405103030757449	0.28125
1.145241467010217	0.28125
1.1499801206161573	0.28125
1.1547275583844197	0.28125
1.15948423037476	0.28125
1.1642470317995457	0.28125
1.1690153363186528	0.28125
1.1737906193410041	0.28125
1.1785741740190627	0.28125
1.1833671221072661	0.28125
1.1881702586069895	0.28125
1.192982783456867	0.265625
1.1978017375611318	0.25
1.2026283938924853	0.25
1.2074639055326837	0.25
1.2123093077593725	0.25
1.2171655231847964	0.25
1.2220333666123344	0.25
1.2269125696805416	0.25
1.2317978933754754	0.265625
1.2366883762210827	0.28125
1.2415853024692631	0.28125
1.24648985171641	0.28125
1.251403097847046	0.28125
1.2563260098433562	0.28125
1.2612593381556465	0.28125
1.266202400666966	0.28125
1.2711514115839677	0.28125
1.2761072145028007	0.28125
1.2810708376738458	0.28125
1.2860432179355603	0.28125
1.291025209337615	0.265625
1.2960175880023617	0.25
1.3010208141210353	0.25
1.3060336919517297	0.25
1.3110542609491898	0.265625
1.3160834475124596	0.28125
1.3211221047559982	0.28125
1.326171012700955	0.28125
1.3312308785802542	0.28125
1.3363023379377024	0.28125
1.341384802218728	0.265625
1.3464722610839452	0.28125
1.3515655326747937	0.28125
1.356665633666905	0.28125
1.3617735035296983	0.28125
1.3668900044834278	0.28125
1.3720159225503143	0.28125
1.37715122683737	0.28125
1.382292213834976	0.25
1.3874387870412659	0.25
1.3925917294920982	0.25
1.397751932507175	0.25
1.4029203582840661	0.25
1.4080979093610095	0.25
1.4132854201377718	0.25
1.4184836531736817	0.265625
1.4236931051437052	0.28125
1.4289127208134098	0.28125
1.4341398183096197	0.28125
1.4393751150384604	0.28125
1.4446193670678724	0.28125
1.4498732805093133	0.265625
1.4551375114336051	0.25
1.4604126660673677	0.25
1.4656988957661452	0.25
1.4709937880550439	0.25
1.476294321564357	0.25
1.4816011589441096	0.25
1.4869150002716454	0.25
1.4922365783903995	0.25
1.4975665806848824	0.25
1.5029053328066815	0.25
1.5082512590656942	0.25
1.5136028451624326	0.25
1.518960917747439	0.203125
1.524326045257688	0.15625
1.5296989792936924	0.15625
1.535080474772868	0.15625
1.5404712389344812	0.15625
1.5458719379252195	0.25
1.5512830765434116	0.25
1.5567039907450089	0.25
1.5621318846945138	0.25
1.567567460676339	0.25
1.5730112671024101	0.25
1.5784639139392609	0.25
1.583926028496158	0.234375
1.5893982001190092	0.21875
1.594880979972398	0.21875
1.6003748087534606	0.21875
1.6058788565114763	0.21875
1.611388525467162	0.171875
1.616904524342041	0.125
1.6224275008256437	0.125
1.6279579456465745	0.125
1.6334964607547486	0.125
1.6390436337328584	0.125
1.6445995944970162	0.125
1.650162292938211	0.125
1.6557313372329343	0.125
1.6613074073042837	0.125
1.666890949744553	0.109375
1.672482623118742	0.09375
1.6780830662896573	0.09375
1.6836928840010306	0.09375
1.6893126464161878	0.09375
1.6949426623349646	0.09375
1.700581737798891	0.09375
1.7062280504125205	0.09375
1.711882214267329	0.09375
1.7175447962616757	0.09375
1.723216238636641	0.09375
1.7288970218372148	0.09375
1.7345876564430813	0.09375
1.7402886237384074	0.09375
1.7460003754754416	0.09375
1.7517230506131065	0.078125
1.7574548645193409	0.0625
1.7631929839633296	0.0625
1.7689379601506103	0.0625
1.774690319454429	0.0625
1.7804505640078716	0.0625
1.7862191557767007	0.0625
1.7919964537217719	0.0625
1.7977825997480414	0.0625
1.8035762520509941	0.0625
1.8093768078751529	0.0625
1.8151848221228533	0.0625
1.8210007185417596	0.0625
1.8268249299917123	0.0625
1.8326579673076369	0.078125
1.8385003164622125	0.09375
1.8443524384689989	0.09375
1.850214587865174	0.09375
1.8560857683428182	0.09375
1.8619642491330575	0.09375
1.8678505359005169	0.09375
1.873745110557415	0.09375
1.8796484257520667	0.09375
1.885560867367524	0.09375
1.891482739763441	0.09375
1.8974144388077456	0.09375
1.9033563363581474	0.09375
1.9093087805722435	0.09375
1.9152720521589433	0.09375
1.9212454801417496	0.09375
1.9272252693015801	0.09375
1.933211857342651	0.09375
1.939205667522631	0.09375
1.9452071089527114	0.09375
1.9512165768526661	0.09375
1.9572344527668406	0.09375
1.9632610992528021	0.09375
1.9692968255728989	0.09375
1.9753416316596726	0.09375
1.9813942936914626	0.09375
1.9874547196003074	0.09375
1.9935231994155564	0.09375
1.9996000904074263	0.109375
2.0056857049017704	0.125
2.0117803920454604	0.125
2.0178845097790936	0.125
2.0239983200961156	0.125
2.0301213265076483	0.125
2.0362516372350554	0.125
2.042389623068722	0.125
2.048535636359447	0.125
2.054690011599582	0.125
2.060853066125135	0.125
2.0670250826997942	0.125
2.0732062414595163	0.125
2.0793968038964907	0.125
2.0855970355502484	0.125
2.091807189237114	0.125
2.098027505767799	0.125
2.1042576204526156	0.125
2.110494343489973	0.125
2.1167377206652565	0.125
2.1229881041837952	0.125
2.129245838524489	0.140625
2.135511260267681	0.15625
2.1417846978376214	0.15625
2.1480664711491118	0.15625
2.15435689115216	0.15625
2.1606562438324515	0.15625
2.1669647307959607	0.15625
2.173282622746823	0.15625
2.1796098276396196	0.15625
2.185944489310292	0.15625
2.1922867140859914	0.15625
2.198636745575225	0.15625
2.204994828296629	0.15625
2.211361209783567	0.15625
2.2177361424760877	0.171875
2.2241198854264392	0.171875
2.2305127057583207	0.15625
2.23691487903029	0.15625
2.2433263171977997	0.15625
2.2497452008913776	0.15625
2.256171791110412	0.15625
2.262606438708671	0.15625
2.269049422814766	0.15625
2.275501002955184	0.15625
2.281961426003875	0.15625
2.288430895163085	0.171875
2.294908986688833	0.1875
2.301392292121447	0.1875
2.3078798987489733	0.1875
2.3143725025041526	0.15625
2.320871891690561	0.125
2.3273792032180425	0.125
2.3338948878996435	0.125
2.34042026410067	0.125
2.3469576394900704	0.125
2.353510557474951	0.15625
2.360083506117772	0.15625
2.366659960824543	0.15625
2.3731203992331715	0.15625
2.379389161083151	0.15625
2.385543173212685	0.15625
2.3916265207185905	0.15625
2.397634493464544	0.140625
2.403509660513214	0.125
2.409297616885052	0.140625
2.415027547419825	0.15625
2.4207064502874736	0.15625
2.426293339199805	0.15625
2.431760084694433	0.15625
2.4371521457251433	0.15625
2.4424990438244856	0.15625
2.4478136910095087	0.15625
2.453071583998892	0.15625
2.4582563880350574	0.171875
2.463386324499746	0.15625
2.4684740313489524	0.125
2.473536680472703	0.125
2.478580609160522	0.125
2.483591786492849	0.125
2.4885532003891484	0.125
2.49345855371219	0.109375
2.498322250309541	0.125
2.50316766093147	0.109375
2.507985669146966	0.109375
2.5127512388263455	0.125
2.5174778746415134	0.125
2.522180130395522	0.125
2.5268678524473964	0.125
2.5315448817149657	0.125
2.53621812471872	0.125
2.540885171106061	0.125
2.5455248387149427	0.125
2.5501442575626547	0.125
2.55474982447639	0.125
2.559334003135245	0.15625
2.5639020535821224	0.15625
2.568450675553955	0.171875
2.5729816901867912	0.1875
2.5775041144294946	0.1875
2.5820223564561386	0.125
2.5865425497273122	0.125
2.5910681553078225	0.125
2.595589783620261	0.125
2.6001008622378006	0.125
2.6046083951124737	0.140625
2.6091133900983503	0.15625
2.6136125457897097	0.15625
2.6180955266839456	0.15625
2.6225725977098007	0.203125
2.627048878254949	0.21875
2.631530641780543	0.21875
2.636023062576138	0.21875
2.6405258724986	0.21875
2.645022262235021	0.21875
2.649517151832859	0.21875
2.6540109594240135	0.234375
2.6585001693198405	0.25
2.6629741030817993	0.25
2.667443077301072	0.25
2.671913170229533	0.234375
2.6763910722815205	0.21875
2.6808825722459493	0.21875
2.685387158738621	0.21875
2.689886124047463	0.21875
2.694384351331017	0.21875
2.6988811009197957	0.234375
2.7033752552531674	0.203125
2.707854450639542	0.15625
2.712328141134025	0.15625
2.716801275381797	0.15625
2.721282826305132	0.140625
2.72577923202329	0.125
2.730290221353866	0.125
2.7347969735340625	0.125
2.7392999893981584	0.125
2.743800305025914	0.125
2.748296452004309	0.140625
2.75278443723293	0.15625
2.7572607471976887	0.15625
2.761736970915871	0.15625
2.7662183010556096	0.140625
2.77071322391775	0.125
2.7752228876903793	0.125
2.7797302273178452	0.125
2.7842331029902674	0.125
2.788731319655935	0.125
2.7932254963595486	0.140625
2.797715050433178	0.15625
2.8021909290977165	0.15625
2.806666085900257	0.15625
2.811143735616011	0.15625
2.8156336026345876	0.125
2.8201386055970796	0.125
2.824646173212076	0.125
2.829148302195115	0.125
2.8336456480405814	0.125
2.8381383860969867	0.140625
2.842629527954685	0.15625
2.847104317174695	0.15625
2.8515737219251607	0.15625
2.856045979677423	0.15625
2.860530773815839	0.125
2.865031654477782	0.125
2.869538391147078	0.125
2.8740379622586256	0.125
2.878535107941901	0.125
2.883025366349274	0.140625
2.8875144062797076	0.15625
2.8919885992289567	0.15625
2.896456220655397	0.15625
2.9009262831520872	0.15625
2.9054078034247173	0.140625
2.9099057991009962	0.125
2.9144137204961664	0.125
2.9189142292331463	0.125
2.923412187407431	0.125
2.927904409741621	0.125
2.9323945007979746	0.15625
2.9368710241554536	0.15625
2.9413414882505378	0.15625
2.9458133967958706	0.15625
2.9502952454303135	0.140625
2.954793501055309	0.125
2.959305614970394	0.125
2.9638099951422707	0.125
2.9683113295173644	0.125
2.972809059391591	0.125
2.977303104090112	0.15625
2.981785325752564	0.15625
2.9862615507393704	0.15625
2.99073989061517	0.15625
2.9952266624314365	0.140625
2.999729316409106	0.125
3.004247129844085	0.125
3.0087576220115455	0.125
3.0132660076023785	0.125
3.01776940850797	0.125
3.0222711465394765	0.15625
3.0267650195350453	0.15625
3.0312487949862734	0.15625
3.0357343128849763	0.15625
3.0402276888766564	0.140625
3.0447365634441454	0.125
3.049260868917991	0.125
3.0537804365440873	0.125
3.0582983633326903	0.125
3.062813732140172	0.125
3.06732684345082	0.140625
3.0718295172826573	0.15625
3.076323941016115	0.15625
3.080820716232197	0.15625
3.085325107755023	0.140625
3.0898447782938097	0.125
3.0943798547469763	0.125
3.098911117486418	0.125
3.1034410383248523	0.125
3.1079683940750877	0.125
3.1124945132168937	0.140625
3.11701581937448	0.15625
3.121523668850994	0.15625
3.126028307680025	0.15625
3.1305407018988727	0.140625
3.1350688299756606	0.125
3.1396138509510267	0.125
3.1441597373073678	0.125
3.148702468591207	0.125
3.1532444894549476	0.125
3.1577833863391644	0.140625
3.162319571556265	0.15625
3.166841880313798	0.15625
3.171363436730114	0.15625
3.1758910158263736	0.140625
3.1804330308891493	0.125
3.1849913119753044	0.125
3.1895517693899764	0.125
3.1941100249000267	0.125
3.1986680018248257	0.125
3.2032233143045707	0.140625
3.2077753548314423	0.15625
3.2123125198920257	0.15625
3.216848660856616	0.15625
3.221390911990198	0.140625
3.2259473648688033	0.125
3.230519419757221	0.125
3.2350924785818838	0.125
3.2396633078972736	0.125
3.24423266301123	0.125
3.248799953750705	0.140625
3.2533636163171216	0.15625
3.2579119615644774	0.15625
3.2624597898959893	0.15625
3.267012386570229	0.140625
3.2715779642253784	0.125
3.276158722002353	0.125
3.280741762882067	0.125
3.285321878139446	0.125
3.2898994803620303	0.125
3.29447409233731	0.140625
3.2990443600665458	0.15625
3.303599350130002	0.15625
3.3081536070829323	0.15625
3.3127125002909223	0.140625
3.317283545357489	0.125
3.321869107265691	0.125
3.326456535147905	0.125
3.3310408175039425	0.125
3.3356228919840416	0.125
3.340200829111319	0.15625
3.34477069802067	0.15625
3.349328435698028	0.15625
3.3538855258607563	0.15625
3.3584477924428855	0.140625
3.363021771064381	0.125
3.367609577691157	0.125
3.372197467512734	0.125
3.3767818219524006	0.125
3.3813625954337443	0.125
3.385939018200526	0.15625
3.3905075260705235	0.15625
3.3950643078385165	0.15625
3.399620303788769	0.15625
3.4041816083087473	0.140625
3.4087544039995805	0.125
3.413340689167904	0.125
3.4179265478497407	0.125
3.4225087789137687	0.125
3.427087455052009	0.125
3.4316615616245314	0.15625
3.4362281508081716	0.15625
3.440785185385875	0.15625
3.445339707052896	0.15625
3.4498985927593164	0.140625
3.4544688966454773	0.125
3.4590521613638074	0.125
3.463633088588652	0.125
3.468209981868541	0.125
3.4727831017866784	0.140625
3.4773512955408585	0.15625
3.481911809154919	0.15625
3.486461498704798	0.15625
3.4910105961986884	0.15625
3.495564955317684	0.140625
3.500131664735888	0.125
3.5047109326728556	0.125
3.509285038047873	0.125
3.5138560003751205	0.125
3.5184221547485857	0.125
3.5229840847620273	0.125
3.5275361203581626	0.125
3.5320784611105323	0.125
3.536621420452568	0.125
3.541169576224751	0.109375
3.5457295653268086	0.09375
3.5503016317087694	0.09375
3.554867416878425	0.09375
3.5594306715647788	0.09375
3.563988164573238	0.09375
3.5685419967232193	0.09375
3.573084321509341	0.09375
3.5776178564218006	0.09375
3.582153430340261	0.09375
3.5866952267776386	0.0625
3.5912495728578158	0.0625
3.5958166807061085	0.0625
3.600381588206798	0.0625
3.6049497428890978	0.0625
3.6095259294647777	0.0625
3.6141132557228244	0.0625
3.6187145435703654	0.078125
3.62333083056593	0.09375
3.6279625993544182	0.09375
3.6326101998564733	0.09375
3.637269242148732	0.09375
3.6419349666166414	0.09375
3.6466090976928593	0.09375
3.6512955653025307	0.09375
3.6559968551247795	0.09375
3.660714252436674	0.09375
3.665441986474073	0.09375
3.6701769123206636	0.09375
3.674919627748705	0.09375
3.6796711499974877	0.09375
3.6844327049602854	0.09375
3.6892057644958833	0.125
3.6939914052601015	0.125
3.698786940522065	0.125
3.7035896140298448	0.125
3.7083998826376887	0.125
3.7132188368094625	0.125
3.718049840135868	0.125
3.7228960494739938	0.125
3.727756843163802	0.09375
3.7326258661491596	0.109375
3.737502062117489	0.125
3.7423863978142333	0.125
3.7472800640084616	0.125
3.7521845049779414	0.140625
3.757101338083729	0.15625
3.7620306047262813	0.15625
3.766966817575533	0.15625
3.771910568868255	0.15625
3.7768626206855767	0.140625
3.781824382727538	0.125
3.78679987908474	0.125
3.791791992816436	0.125
3.796796139193944	0.09375
3.801807385467468	0.109375
3.8068267194528143	0.125
3.811855407486517	0.125
3.8168950040326295	0.125
3.821947394922013	0.140625
3.827013369500918	0.15625
3.832086796775351	0.15625
3.837168167446604	0.15625
3.842258341986437	0.15625
3.847358629019235	0.125
3.8524722342138626	0.125
3.8576035143024234	0.125
3.8627473382232766	0.109375
3.8678986390967816	0.125
3.8730585461568148	0.125
3.878228540118577	0.125
3.8834104639578992	0.125
3.888605876938901	0.15625
3.8938124347018572	0.15625
3.899026601305983	0.15625
3.904249223719119	0.15625
3.9094814147469408	0.140625
3.914725199313387	0.125
3.9199851833829324	0.125
3.925260515956741	0.109375
3.9305436746470153	0.109375
3.9358349758743283	0.125
3.94113597749695	0.125
3.946448671279632	0.125
3.951774424023792	0.15625
3.9571092134251233	0.15625
3.9624518942342712	0.15625
3.9678033680911535	0.15625
3.973164376456552	0.140625
3.978537189852361	0.125
3.983926279902142	0.125
3.9893273880825175	0.125
3.9947364646809103	0.125
4.000154529034434	0.125
4.005582984469502	0.125
4.011023942188846	0.140625
4.016477248788034	0.15625
4.021938205038909	0.15625
4.027407291036703	0.15625
4.032885648356578	0.15625
4.038375215146711	0.125
4.043879882498769	0.125
4.049402330270972	0.125
4.054933793914381	0.125
4.060474015921037	0.125
4.0660249803945865	0.125
4.07158929686145	0.125
4.077168521888799	0.15625
4.082756115641988	0.15625
4.088352465029343	0.15625
4.093959034429562	0.15625
4.0995779959149425	0.125
4.105213684100691	0.125
4.1108696051840665	0.109375
4.116536012937012	0.125
4.122212527923682	0.125
4.1279015304811315	0.125
4.133606144257765	0.140625
4.139328033962994	0.15625
4.145058788169874	0.15625
4.150799808008422	0.15625
4.156552977038261	0.140625
4.162321470095617	0.125
4.168109863796412	0.125
4.1739026099319165	0.125
4.179675483229369	0.125
4.185447964690692	0.125
4.191208913108584	0.140625
4.196952499608553	0.15625
4.202662684770356	0.15625
4.208362856736747	0.15625
4.214066396034759	0.140625
4.219779265589328	0.125
4.2255066525226175	0.109375
4.231231464354297	0.125
4.236936762829886	0.125
4.242639835666539	0.125
4.248330661834228	0.125
4.2540142883431695	0.15625
4.259660515543133	0.15625
4.265293660047618	0.15625
4.270929362207906	0.140625
4.276572424964588	0.125
4.282230041674389	0.109375
4.2878922456624835	0.125
4.293538358231658	0.125
4.299178771587679	0.125
4.304808083970881	0.140625
4.310431446271628	0.15625
4.316025449656925	0.15625
4.32160420727172	0.15625
4.3271840093848954	0.140625
4.33277070434902	0.125
4.338372709577117	0.109375
4.343987788523002	0.125
4.349585799283047	0.125
4.355178661214811	0.125
4.360767654933075	0.125
4.366351724000293	0.140625
4.371919400642618	0.15625
4.3774704353580685	0.15625
4.383021730886223	0.140625
4.388580210292711	0.125
4.394153921269801	0.125
4.399745081694698	0.125
4.405337532778719	0.125
4.410925659547699	0.125
4.416520070999554	0.125
4.422124188475048	0.125
4.427741928479484	0.140625
4.433364772673983	0.15625
4.4389870453696005	0.125
4.4446214330112035	0.125
4.450272529394325	0.125
4.45594350031159	0.125
4.461625682749942	0.125
4.46731249267184	0.125
4.473002749614355	0.125
4.478687384762437	0.125
4.484374224682189	0.125
4.490069313018068	0.125
4.4957687193360725	0.125
4.501475592769306	0.125
4.507190889886821	0.125
4.512914178454903	0.125
4.51864431437934	0.125
4.52438016036973	0.125
4.530121088942397	0.125
4.535867167456517	0.125
4.541619010165233	0.125
4.54737747016436	0.125
4.553143392266863	0.125
4.558917442214222	0.125
4.564700042736237	0.125
4.570491431082461	0.125
4.576291770739565	0.125
4.582101288913883	0.125
4.587920374278528	0.125
4.593749568560528	0.125
4.5995892904581135	0.125
4.605439908165335	0.125
4.611302293619164	0.125
4.617177311301082	0.125
4.623065731634107	0.125
4.628968172505042	0.125
4.634885077502108	0.125
4.640816727656223	0.125
4.64676162604777	0.125
4.652710096137041	0.125
4.658660158295465	0.125
4.664612076067209	0.125
4.670566359633504	0.140625
4.6765237407051	0.15625
4.6824852110072985	0.15625
4.688451926418206	0.140625
4.6944251248682605	0.140625
4.700406033139071	0.125
4.706395792418213	0.125
4.712395410344177	0.125
4.71840572402168	0.125
4.724427254662243	0.125
4.730460113185385	0.125
4.7365049131308865	0.125
4.742562170188357	0.125
4.748632343671785	0.125
4.754715873327332	0.125
4.76081320402424	0.125
4.766924793591002	0.140625
4.7730511027920635	0.140625
4.779192570369906	0.15625
4.785349579104001	0.15625
4.79152242150929	0.15625
4.797711273759911	0.15625
4.803915475633744	0.140625
4.81013069382754	0.140625
4.8163544256486395	0.125
4.822580591632573	0.125
4.828807941467878	0.125
4.835036598601686	0.125
4.841266782523804	0.125
4.8474987930725835	0.125
4.8537329902330555	0.125
4.859969773124716	0.125
4.866209561209721	0.125
4.8724527796700725	0.140625
4.878699849680142	0.15625
4.884951183167611	0.15625
4.891207180799875	0.15625
4.897468231481905	0.15625
4.903734711637889	0.15625
4.910006982920575	0.15625
4.916285387634896	0.15625
4.922570241928184	0.140625
4.928861827521222	0.125
4.935160383281128	0.125
4.941466098191783	0.125
4.94777910723687	0.125
4.954099491389033	0.125
4.960427282350755	0.125
4.9667624375598365	0.125
4.9731046811074835	0.125
4.979453715315102	0.234375
4.985809546993764	0.234375
4.992172212695257	0.25
4.998541804931717	0.25
5.00491842258104	0.25
5.011302206395603	0.25
5.017693336470023	0.265625
5.0240920254831165	0.265625
5.0304985083086695	0.28125
5.036912882469754	0.265625
5.043334020792043	0.265625
5.049758390952536	0.25
5.05618199731896	0.25
5.062604583063099	0.25
5.069026476665947	0.25
5.075448018432166	0.25
5.081869540842274	0.25
5.088291355718033	0.25
5.0947137428990175	0.25
5.101136941402476	0.25
5.107561143907912	0.25
5.1139864954240455	0.25
5.1204130970054615	0.25
5.126841014108835	0.25
5.133270288707431	0.25
5.1397009537505856	0.25
5.146133048456859	0.265625
5.152566632965922	0.265625
5.159001801037519	0.265625
5.1654386897484335	0.25
5.171877485477578	0.25
5.178318425857065	0.25
5.184761797763557	0.25
5.1912079317853355	0.25
5.197657193888764	0.265625
5.204109975207812	0.25
5.210566679287467	0.25
5.217027704627695	0.25
5.223493451233306	0.25
5.229964307994153	0.25
5.236440128051255	0.25
5.242917531635933	0.25
5.249392228436238	0.25
5.255864511931005	0.25
5.262334719466235	0.25
5.26880323657661	0.234375
5.275270499885831	0.171875
5.281736998043929	0.125
5.288203270310461	0.125
5.294669902610251	0.125
5.301137520425711	0.125
5.307606779555465	0.140625
5.3140781147125935	0.140625
5.320549906030466	0.15625
5.327017472284008	0.15625
5.333481241656629	0.15625
5.339941693241609	0.203125
5.3463993647916075	0.25
5.352854886239049	0.25
5.35930892485116	0.25
5.365762140178882	0.25
5.372215210312023	0.25
5.378668826264936	0.234375
5.385123683157665	0.171875
5.391580462125179	0.171875
5.398039783463648	0.171875
5.404502251185897	0.125
5.410968495004409	0.125
5.417439119071839	0.140625
5.423914695274483	0.15625
5.430395764531005	0.15625
5.436882842722892	0.15625
5.443376349633444	0.15625
5.449876252976754	0.15625
5.456382629149688	0.15625
5.462896004269655	0.15625
5.469416914744785	0.15625
5.47594590867886	0.15625
5.482483544024016	0.15625
5.489030383695681	0.140625
5.495586988170206	0.125
5.502153906215132	0.125
5.508731664419651	0.125
5.515319969897099	0.125
5.521914541985594	0.140625
5.528514281928747	0.15625
5.535119515846705	0.15625
5.54173057951198	0.15625
5.548347817518954	0.15625
5.554971580273465	0.15625
5.561602219021343	0.15625
5.568239746310192	0.15625
5.574882010815572	0.15625
5.581525932618154	0.15625
5.588171607606462	0.15625
5.594819122439994	0.140625
5.601468561066088	0.140625
5.6081200123545125	0.125
5.614773578358999	0.125
5.6214293826185875	0.125
5.628087577851505	0.140625
5.63474835238164	0.140625
5.641411934680708	0.15625
5.648078595511208	0.15625
5.654748647312217	0.15625
5.661422440668785	0.15625
5.668100357928177	0.15625
5.674782804250122	0.15625
5.681470196580873	0.15625
5.688162680202164	0.203125
5.694858868386133	0.203125
5.7015576852579795	0.234375
5.7082592467095274	0.21875
5.714963675428449	0.21875
5.72167109908034	0.234375
5.728381647325579	0.25
5.7350954478560014	0.25
5.741812621541038	0.265625
5.74853327681748	0.25
5.755257260400337	0.25
5.761982901262369	0.25
5.7687082038854	0.203125
5.775433053756745	0.203125
5.7821573291276565	0.203125
5.788880922327962	0.15625
5.795603750961556	0.15625
5.802325764720865	0.15625
5.809046955841914	0.140625
5.8157673676711354	0.125
5.822487100306266	0.125
5.829206312800754	0.140625
5.835925221923025	0.15625
5.842644097824385	0.15625
5.849363257163287	0.15625
5.856083054295762	0.15625
5.862803871133213	0.15625
5.869526106242223	0.15625
5.876250163743006	0.15625
5.882976442553893	0.15625
5.8897053265121055	0.15625
5.896437175856052	0.15625
5.903172320467993	0.15625
5.909911055145518	0.140625
5.916653637004835	0.140625
5.923399931564819	0.125
5.930147282879508	0.125
5.936891114436043	0.125
5.943631493475965	0.125
5.950368478767608	0.140625
5.95710212688256	0.15625
5.963832498872417	0.15625
5.970559666549264	0.15625
5.977283717637324	0.15625
5.984004759208946	0.15625
5.990722919034135	0.15625
5.997438344737673	0.15625
6.004151200943386	0.140625
6.01086166485449	0.125
6.01756992091168	0.125
6.024276155312366	0.125
6.030980551173822	0.125
6.037683284949906	0.125
6.044384524455593	0.125
6.05108442846917	0.140625
6.057781233157409	0.140625
6.064463592961027	0.15625
6.071128450174833	0.15625
6.077777814267894	0.15625
6.084413586948399	0.15625
6.0910374200817925	0.140625
6.09764954587831	0.140625
6.104244484628245	0.125
6.110821507375684	0.125
6.117382633281882	0.125
6.123930121886022	0.125
6.130466294138855	0.125
6.136993333596554	0.125
6.143512922847392	0.125
6.150025899272915	0.125
6.156533313754766	0.125
6.163035625554441	0.125
6.169531434054349	0.125
6.176019327507667	0.125
6.182501422169598	0.125
6.188979662624751	0.125
6.195455700927154	0.125
6.201930822870467	0.125
6.208405925868116	0.125
6.214880139200011	0.125
6.221345278088724	0.109375
6.22779903663049	0.109375
6.234242172458362	0.09375
6.240675195357626	0.09375
6.247098445357561	0.09375
6.253512188875394	0.09375
6.2599167173776475	0.09375
6.266312434127997	0.09375
6.2726999177542835	0.09375
6.279079955899797	0.09375
6.285453547243675	0.09375
6.291821874821356	0.09375
6.298186257136457	0.09375
6.304548085618545	0.09375
6.310908756482667	0.09375
6.317269559003627	0.09375
6.323629506978767	0.078125
6.329978342118772	0.078125
6.336315793730605	0.0625
6.3426420933132	0.0625
6.348957675647567	0.0625
6.355263203743827	0.0625
6.361559564876889	0.0625
6.367847841529983	0.0625
6.374129263944029	0.0625
6.380405152345789	0.0625
6.386676856837893	0.0625
6.392945701702331	0.0625
6.399212938937101	0.0625
6.405478187079377	0.0625
6.411733633373322	0.078125
6.417979331777998	0.078125
6.424216457466491	0.078125
6.430446258496157	0.09375
6.4366693877881795	0.09375
6.442886239339959	0.09375
6.449097913272726	0.09375
6.455305517447941	0.09375
6.461510163681246	0.09375
6.467712960807269	0.09375
6.473915005655333	0.09375
6.480117373242799	0.09375
6.486321107172042	0.09375
6.492527210970912	0.09375
6.498736483420586	0.09375
6.504948881868635	0.09375
6.511164979633827	0.09375
6.517385092305595	0.09375
6.523606215015028	0.09375
6.52982677450118	0.09375
6.53604701001207	0.09375
6.542267143879403	0.09375
6.548487385235319	0.09375
6.554707931943481	0.09375
6.560928305520285	0.09375
6.567144876700583	0.09375
6.573357676477318	0.09375
6.579566814938377	0.09375
6.585772448298935	0.09375
6.591974781590242	0.09375
6.598174070357984	0.109375
6.604370621327675	0.109375
6.610564791840423	0.109375
6.616756987796595	0.125
6.622947659872834	0.125
6.629137297884766	0.125
6.63532642332543	0.125
6.6415155802831825	0.125
6.6477050437996	0.125
6.653893275122973	0.125
6.660077984377108	0.125
6.666259656377249	0.125
6.6724388280180476	0.125
6.678616077594452	0.125
6.6847920142294095	0.125
6.690967267695236	0.125
6.697142478764972	0.125
6.7033182901078705	0.109375
6.709495337671529	0.109375
6.715674242455912	0.125
6.721855602595264	0.125
6.728039985701584	0.109375
6.734227921475425	0.125
6.740419894643783	0.125
6.74661601635875	0.125
6.752814395938622	0.125
6.75901285452994	0.125
6.765211582622049	0.125
6.771410614333657	0.125
6.777609213793478	0.140625
6.783807501619182	0.140625
6.790005765972655	0.140625
6.796204269603467	0.15625
6.802403248388831	0.15625
6.8086029100447565	0.15625
6.814803268722936	0.15625
6.821003373787123	0.15625
6.8272024011835395	0.15625
6.8334004376353095	0.15625
6.8395975977182975	0.15625
6.845794025182066	0.15625
6.851989894001417	0.140625
6.858185409043771	0.140625
6.864380806220786	0.140625
6.87057635198734	0.140625
6.876772342059326	0.125
6.882969099243988	0.125
6.889166970312359	0.109375
6.8953662789019585	0.125
6.901566714798847	0.125
6.907766101601082	0.109375
6.913964674197358	0.125
6.9201627140975255	0.125
6.926360544961284	0.125
6.932558527051605	0.140625
6.938757050825717	0.140625
6.9449565299000104	0.140625
6.951157393633356	0.15625
6.957360079566803	0.15625
6.963565025938671	0.15625
6.9697726644656575	0.15625
6.975983413544571	0.15625
6.982197671989866	0.15625
6.988415649349305	0.15625
6.9946361543797595	0.15625
7.000856073014647	0.15625
7.007075687865578	0.15625
7.01329528507317	0.15625
7.01951514927971	0.140625
7.025735558783107	0.140625
7.03195678104663	0.140625
7.038179068702049	0.140625
7.0444026561418625	0.125
7.050627756753138	0.109375
7.056854560804515	0.125
7.063083233962031	0.125
7.069313877673755	0.109375
7.075546172996675	0.125
7.081779004553666	0.125
7.088012494900753	0.125
7.094246785122309	0.140625
7.100482033427874	0.140625
7.106718413356996	0.15625
7.112956111688215	0.15625
7.119195326157046	0.15625
7.1254362630868515	0.15625
7.131679135025935	0.15625
7.137924097613944	0.15625
7.144170756302653	0.15625
7.150417788269022	0.15625
7.156665257206762	0.15625
7.1629132493683745	0.15625
7.169161874352253	0.140625
7.175411265653009	0.140625
7.181661580865443	0.140625
7.187913001425837	0.140625
7.194165731780566	0.125
7.200419997891444	0.125
7.206676045018724	0.109375
7.212934134763386	0.109375
7.219194541396562	0.109375
7.225457547550469	0.125
7.2317231280939795	0.125
7.237989553317637	0.15625
7.244255683668761	0.15625
7.2505216402626	0.15625
7.256787555048828	0.15625
7.2630535706143755	0.15625
7.269319839481382	0.15625
7.275586522852539	0.15625
7.28185378879459	0.15625
7.288121809892593	0.15625
7.2943907604486204	0.15625
7.300660813334667	0.15625
7.306932136637179	0.15625
7.3132048902473095	0.15625
7.319479222555772	0.15625
7.325755267404242	0.15625
7.332032989871019	0.140625
7.338311643189442	0.140625
7.344591422858751	0.125
7.350872530945853	0.125
7.357155147249744	0.125
7.363439426808844	0.125
7.369725498106778	0.140625
7.376013462011103	0.140625
7.38230325430464	0.140625
7.3885941007166895	0.15625
7.394885797952995	0.15625
7.401178395940559	0.15625
7.407471956404613	0.15625
7.413766552565787	0.15625
7.4200622686114	0.15625
7.426359199001776	0.15625
7.432657447663966	0.15625
7.43895712711646	0.15625
7.445258357573994	0.171875
7.451561266092048	0.15625
7.457865785856055	0.140625
7.464170845152882	0.125
7.4704761582922945	0.125
7.476781820761057	0.125
7.483087917758555	0.125
7.489394522173161	0.125
7.495701697380583	0.125
7.502009506389396	0.125
7.5083180115534836	0.125
7.51462726286495	0.125
7.520937295912284	0.140625
7.527248145425205	0.15625
7.533559867991217	0.15625
7.539872564654159	0.15625
7.546186398264325	0.140625
7.552501602122017	0.125
7.5588183277363505	0.125
7.565135913115946	0.125
7.571453905715617	0.125
7.577772425348879	0.125
7.584091639902802	0.125
7.590411798968242	0.125
7.596733294854053	0.125
7.603056711467339	0.140625
7.60938283810933	0.15625
7.615712654949098	0.21875
7.622047316174682	0.21875
7.628388147035577	0.21875
7.634736669291683	0.21875
7.641094656606833	0.21875
7.647464214307321	0.25
7.653846771817928	0.25
7.660238554573237	0.25
7.666638773046278	0.25
7.673043707708159	0.265625
7.679450096770996	0.171875
7.685858514075264	0.171875
7.692263766310853	0.234375
7.698631529897442	0.296875
7.704953895044694	0.3125
7.711243369088458	0.3125
7.717477158001888	0.3125
7.723659257724895	0.296875
7.7297953483062045	0.296875
7.735897620139093	0.3125
7.741960694732185	0.328125
7.747985061481227	0.328125
7.753966953940745	0.328125
7.7599189610173465	0.3125
7.765847373134598	0.3125
7.771759933024384	0.296875
7.777665563375119	0.28125
7.783564500193152	0.1875
7.789437007356754	0.09375
7.7952942662978755	0.109375
7.801134336678653	0.125
7.806959182477501	0.140625
7.812763586486727	0.125
7.818547105732818	0.125
7.824321602935897	0.125
7.830089580649501	0.109375
7.835860139025321	0.09375
7.8416356764173125	0.09375
7.84739520966966	0.109375
7.853148918276545	0.140625
7.858892609342945	0.15625
7.864629130449036	0.15625
7.8703418497667395	0.15625
7.876042242514484	0.140625
7.881740201829734	0.125
7.8874394239193615	0.109375
7.893146197434138	0.09375
7.8988483817546244	0.09375
7.90454157105719	0.109375
7.91023106247133	0.125
7.915910879819255	0.140625
7.9215812444440195	0.15625
7.927231525991773	0.15625
7.932876927972708	0.140625
7.938522523174147	0.109375
7.9441765384923615	0.09375
7.949841588258287	0.09375
7.9554943014245545	0.109375
7.961144701689595	0.109375
7.9667890023001915	0.140625
7.9724297019543355	0.140625
7.97805551645108	0.15625
7.983669403238803	0.15625
7.989283089089353	0.140625
7.994899652995152	0.109375
8.000528572648625	0.09375
8.006164084176529	0.09375
8.011790826236963	0.109375
8.017415443368442	0.140625
8.02303174572952	0.140625
8.028644734011877	0.15625
8.034238143842565	0.15625
8.03982548077739	0.15625
8.045413884209518	0.140625
8.051010109756701	0.109375
8.056619293641244	0.09375
8.062222832060012	0.09375
8.067821818455407	0.109375
8.073412964501129	0.140625
8.07899898270258	0.15625
8.084572706981106	0.15625
8.090130528880623	0.15625
8.095687692134115	0.140625
8.10124709044826	0.140625
8.106818082944255	0.109375
8.11240270060908	0.09375
8.117976824096068	0.109375
8.123550339773313	0.125
8.129114169659603	0.140625
8.134675808991059	0.15625
8.140217197224452	0.15625
8.145749139507608	0.15625
8.151282410825056	0.140625
8.156820022147866	0.109375
8.162371003312275	0.09375
8.167930334354132	0.09375
8.17348202487374	0.109375
8.179032166084665	0.125
8.184574437621247	0.140625
8.19011371781418	0.140625
8.195631252399805	0.15625
8.201143814908123	0.15625
8.206657838930225	0.140625
8.212179411516022	0.109375
8.217713475351339	0.09375
8.223244454679262	0.09375
8.228770865966338	0.109375
8.234291577641526	0.125
8.239807312956115	0.140625
8.245314039966303	0.15625
8.250805354910431	0.15625
8.256295487601019	0.140625
8.261787229907057	0.109375
8.267288423214426	0.109375
8.27280120663921	0.09375
8.278306056379286	0.109375
8.283810285077974	0.109375
8.28930794987293	0.140625
8.294803990247184	0.140625
8.300286654760187	0.15625
8.305759575344972	0.25
8.31123346574439	0.234375
8.316709226741265	0.203125
8.322196277140014	0.1875
8.327695151122688	0.1875
8.333186589977757	0.203125
8.338677371024819	0.21875
8.344162118908265	0.234375
8.349644931673009	0.25
8.35510972380266	0.25
8.360569005740162	0.234375
8.366029931146377	0.234375
8.371495658290932	0.15625
8.376971666487142	0.09375
8.382448598410356	0.09375
8.387920926910999	0.109375
8.393389508285415	0.125
8.398852897138092	0.140625
8.404308846299054	0.15625
8.409749517374014	0.15625
8.415188235014183	0.140625
8.420628482980408	0.109375
8.42607599856923	0.09375
8.431533167511635	0.09375
8.436985838929527	0.109375
8.442437546523534	0.109375
8.447884527932834	0.140625
8.453329316363725	0.15625
8.458761317382226	0.15625
8.464183844021942	0.140625
8.469606728017041	0.140625
8.475030968812078	0.109375
8.480465124552767	0.09375
8.485909199837938	0.09375
8.49134617678083	0.109375
8.496782528913487	0.125
8.502213812863417	0.140625
8.507642963104603	0.15625
8.51305548589483	0.15625
8.51846306977092	0.140625
8.523871525309879	0.109375
8.529284684423317	0.109375
8.534706678916985	0.09375
8.540126774244902	0.109375
8.545543450359311	0.109375
8.550955685980803	0.140625
8.556363581518264	0.15625
8.561762228015747	0.15625
8.567148777500394	0.15625
8.572534718336842	0.140625
8.577921759078563	0.109375
8.583316484202506	0.09375
8.588720278948754	0.09375
8.594116176432085	0.109375
8.599512426904386	0.125
8.604903111372385	0.140625
8.610292323110349	0.15625
8.61566621042106	0.15625
8.621034314943584	0.140625
8.626403149780907	0.109375
8.63177534357553	0.109375
8.63715683662275	0.09375
8.642542869397358	0.109375
8.647925349969936	0.109375
8.65330622594173	0.140625
8.658682115354315	0.140625
8.664050688794884	0.15625
8.669406578291388	0.15625
8.674761362755527	0.140625
8.680117445161638	0.109375
8.685480330165719	0.09375
8.690852126491478	0.09375
8.696216568195172	0.109375
8.701580671092232	0.125
8.70693708180349	0.140625
8.71229180289901	0.15625
8.717630573633429	0.15625
8.722963071614844	0.140625
8.728298218132707	0.109375
8.733635284722975	0.109375
8.738980262839478	0.09375
8.744327387006193	0.109375
8.749670800309211	0.125
8.755013933354954	0.125
8.760351838242906	0.125
8.765682059579364	0.125
8.771001107042178	0.125
8.776319762398005	0.109375
8.78163964958673	0.078125
8.786966413981991	0.0625
8.792302604550095	0.0625
8.79763540308157	0.078125
8.802968176575462	0.078125
8.80829303526129	0.09375
8.813616342742765	0.09375
8.818923904474829	0.09375
8.824224936870333	0.078125
8.829528866541235	0.0625
8.834835174403622	0.0625
8.84015117741039	0.0625
8.845479367152558	0.0625
8.85081129814958	0.0625
8.856148533168863	0.0625
8.861496637143453	0.0
8.866859358042873	0.0
8.872236761784922	0.0
8.877620329360767	0.046875
8.883006390592904	0.0625
8.888396725333594	0.0625
8.89379327144904	0.0625
8.899197523748049	0.0625
8.904609716363533	0.09375
8.910027372613774	0.09375
8.915452052145726	0.09375
8.920885860559808	0.09375
8.926328357253094	0.09375
8.931776738583014	0.09375
8.937232433179776	0.09375
8.942697393427085	0.109375
8.948172906602604	0.109375
8.953654235117632	0.125
8.959140831562836	0.125
8.964633750675215	0.109375
8.970134439250128	0.109375
8.975645221575311	0.109375
8.98116939208916	0.125
8.986700550128125	0.125
8.992237264099177	0.125
8.997780964863724	0.125
9.003333677596176	0.125
9.008896783661973	0.140625
9.01446528194841	0.140625
9.020039241479084	0.140625
9.025619859665783	0.125
9.031208719781894	0.109375
9.036807753890528	0.109375
9.042417857107525	0.09375
9.04803523032641	0.109375
9.053657957325822	0.125
9.059286879046898	0.125
9.064923161495384	0.125
9.070568028693177	0.125
9.076220602279399	0.140625
9.081877892185013	0.140625
9.08754068583153	0.140625
9.093210227288465	0.125
9.09888831091582	0.109375
9.104576873784662	0.109375
9.110275113297485	0.09375
9.115979371121854	0.109375
9.12168939209092	0.125
9.12740618117489	0.125
9.133131096264218	0.125
9.138864868424285	0.140625
9.144603446262472	0.140625
9.150347216554318	0.140625
9.156097121893977	0.140625
9.161854671795465	0.125
9.167621962346159	0.109375
9.173400291921437	0.109375
9.17918614738746	0.109375
9.184977577720069	0.109375
9.190775487647121	0.125
9.196581084181824	0.125
9.202395199268754	0.125
9.208215425769021	0.140625
9.214040793721889	0.140625
9.219872027230016	0.140625
9.225710244786898	0.125
9.231557344075611	0.109375
9.237415452776435	0.109375
9.243283055610679	0.109375
9.249156330810298	0.109375
9.25503615087755	0.125
9.26092380267657	0.125
9.266820447550062	0.125
9.272724535818769	0.140625
9.278634031152526	0.140625
9.284549736218326	0.140625
9.290473002944724	0.125
9.296406019449616	0.109375
9.302351089216112	0.09375
9.308306101714464	0.109375
9.314267175235731	0.109375
9.32023517050873	0.125
9.326211116579922	0.125
9.332195022222205	0.125
9.338184577651205	0.140625
9.34418067408878	0.140625
9.3501835792095	0.125
9.356193666746258	0.125
9.362212748097813	0.109375
9.368240391033973	0.09375
9.374272334394	0.109375
9.380300586189124	0.125
9.386324919114212	0.125
9.392345675227435	0.125
9.398361978517382	0.140625
9.404374199860246	0.125
9.410382068816427	0.140625
9.416384720842833	0.125
9.422382779879797	0.109375
9.428376728678266	0.09375
9.434366266225185	0.109375
9.440351929982286	0.125
9.446333804319362	0.125
9.452311755692564	0.125
9.458286317226152	0.125
9.464257494529795	0.140625
9.47022465557904	0.140625
9.476188812729383	0.125
9.482151129003	0.109375
9.48811296910272	0.109375
9.494075745475865	0.109375
9.500040646804408	0.109375
9.506008482510856	0.125
9.511978327262891	0.125
9.517951050313279	0.125
9.523927395470347	0.140625
9.529907864106676	0.125
9.5358936124249	0.140625
9.541885886986254	0.125
9.547885284906608	0.109375
9.55389468896788	0.09375
9.559916808100672	0.109375
9.565951142427133	0.125
9.57199331473748	0.125
9.578043212957203	0.125
9.584102219700851	0.125
9.590172377288496	0.140625
9.596254172319064	0.140625
9.602344108273924	0.125
9.608441912782807	0.109375
9.614550226649303	0.109375
9.620672558773492	0.109375
9.626812413089434	0.109375
9.632968399222182	0.125
9.639137322200607	0.125
9.645318930592573	0.125
9.651512713302035	0.140625
9.657722923569336	0.140625
9.663952424909242	0.125
9.670194036369434	0.109375
9.676450710668483	0.109375
9.682722566893986	0.109375
9.689014287944236	0.109375
9.695334963853814	0.125
9.701681675612313	0.125
9.708036044485473	0.125
9.714381519204094	0.125
9.720729406983866	0.140625
9.727078704188262	0.125
9.733440470479755	0.109375
9.739817431937755	0.109375
9.746192299379617	0.109375
9.75256502525473	0.125
9.75894088812333	0.125
9.765312593341886	0.125
9.771655508162391	0.125
9.777991179544568	0.125
9.784333071205364	0.109375
9.790682680424739	0.125
9.79704607391979	0.109375
9.803427877282033	0.109375
9.809818038267672	0.125
9.81620910925489	0.125
9.822610527671204	0.125
9.829025356582289	0.125
9.835453625398412	0.109375
9.841889170833134	0.125
9.848330071020241	0.109375
9.854775965214545	0.125
9.861228763344652	0.125
9.867687242916428	0.109375
9.874148403667673	0.125
9.880612442341281	0.125
9.887079305378625	0.125
9.893548002769451	0.125
9.900018371489761	0.125
9.906491020445252	0.109375
9.912966624998708	0.109375
9.91944584915511	0.109375
9.925929305648504	0.109375
9.932417538588782	0.125
9.938911012329498	0.125
9.945410078980252	0.125
9.95191481709996	0.125
9.958424982271296	0.125
9.964940776118016	0.125
9.971462075214957	0.125
9.97798708156474	0.125
9.984513384658388	0.125
9.991041299020749	0.109375
9.997103448709325	0.109375
