0.0008296865709749866	0.0372760189643689
0.006265307548189364	0.06253224217609524
0.011058414997067986	0.07437452840284907
0.015685190517738232	0.07826703056766546
0.02025520347248896	0.07142624955078317
0.02481142420378033	0.06324616672894458
0.029372720894326982	0.06251494634617413
0.03394404159318331	0.05826270786548071
0.03851717103991492	0.04928740917158751
0.043054911812046646	0.05077862533783165
0.04754452573902762	0.05306747675618199
0.05200304375582303	0.05203770843401441
0.05643797522386567	0.049997439662711855
0.06085348377777927	0.048484839031833524
0.065252288837405	0.056135977346517874
0.06963558964134638	0.04861240592976508
0.07399821231017008	0.04701934038262987
0.07832949224074669	0.04688256865522815
0.08263335424142469	0.04688188839618589
0.08691583593194221	0.04692309673024839
0.091182071180504	0.046951826443407514
0.09543633613128767	0.047008179610857084
0.0996821367312522	0.047096767636577816
0.1039223056618784	0.04716723962307581
0.10815903572823979	0.04724703110357918
0.11239396554704824	0.047374205544380835
0.11662826904492521	0.04751763833434106
0.12086273511665487	0.0476726806986514
0.12509784727309284	0.04850849270843886
0.12933382235352756	0.0605258365786119
0.1335704100854368	0.06359014259519893
0.13780694097025373	0.06359479841135611
0.14204346261894032	0.06355726038669829
0.14627997724603906	0.06348652580732686
0.1505164419521413	0.05796129643426763
0.15475278840578263	0.04910901884681009
0.15898835832704383	0.047863637160144315
0.1632193709616598	0.047749867943346666
0.16744668914044253	0.04765311584158779
0.17167131391993767	0.04756890480035607
0.1758940698359296	0.0474900904722995
0.18011561150087152	0.04741083894972947
0.18433642770876496	0.047313097900099105
0.18855646960413103	0.047251439574217347
0.1927732761262188	0.05106587084498989
0.19698433639548982	0.06266822546749366
0.20119098999780383	0.06263521556762375
0.20539444546911886	0.0626219178264698
0.2095957639349858	0.06264988082238311
0.21379584842719646	0.06266759958215415
0.21799543715650047	0.06267282719306425
0.22219509657195835	0.06266633570434917
0.22639523550941593	0.0622005289349367
0.23059612271408	0.0568617763057095
0.23479774833406522	0.04934670940255686
0.23899897961025635	0.047848103977772914
0.2431980035110097	0.04806701715084212
0.2473946654173803	0.04817856057806686
0.25158991612280485	0.04817216303620497
0.25578458763621603	0.04808559588647099
0.25997925646818226	0.05155528175041563
0.26417423607672896	0.06321647875842629
0.26836963008829584	0.06297279412274119
0.2725653844298034	0.0627795805053734
0.2767612829463287	0.06265113115651333
0.2809569175284751	0.06257757738023373
0.28515189416274306	0.06251021334206909
0.28934529588632873	0.06250327775281343
0.2935357851400983	0.06251770417703519
0.2977230707248578	0.06252043142721617
0.301906974360543	0.061949784362658813
0.306087202830859	0.057244378626535516
0.3102632458382744	0.05047656682648941
0.314435463464349	0.047929559685501236
0.3186047924052636	0.04744129705680935
0.32277285221837987	0.048249228836705106
0.3269419375158629	0.05020261256197041
0.33111438444556807	0.06259046639188959
0.33529110889373404	0.067581608439542
0.33947456904745515	0.06789471510498886
0.3436672720337647	0.0677993110176552
0.3478706576136578	0.06739837067953416
0.35207981037304886	0.06676256278768548
0.35629105642836567	0.06595950381463682
0.36050149415795685	0.06507395162250434
0.3647077387620303	0.06421475772568315
0.36891207156836986	0.06349797282304141
0.3731164879656411	0.06287738118320937
0.37732237054710194	0.0595161664238702
0.38153207138831546	0.05276007468567847
0.3857481220628513	0.049195993895551134
0.3899723661769321	0.04747438014734247
0.3942009673292418	0.047192967667237205
0.398424450535717	0.054470351610480396
0.40264720847583474	0.06375859252981128
0.4068736402163621	0.06522692494619634
0.4111079931629901	0.06662952324175057
0.4153531643898907	0.0673816589927167
0.4196061035436836	0.06768594631627133
0.42386518789737576	0.06778923865113803
0.42813478370962144	0.06777759024180167
0.4324185789691121	0.06766027841639441
0.4367183542559605	0.06742835687491659
0.4410281103401676	0.06707808519495756
0.4453451010134077	0.06340552331751195
0.44967328067584955	0.05716326622038683
0.454016142129329	0.05287902454912553
0.4583767114192615	0.04993217389766875
0.46275755766780835	0.048147689440469266
0.4671608719246954	0.05361539815660352
0.4715859865675535	0.06285041984143758
0.47602002543363325	0.06419435834256845
0.4804632443354848	0.06803956638451404
0.4849189038269639	0.06998417028492324
0.48938994792592894	0.07029316181094167
0.4938784669438221	0.07033860366804608
0.4983860439422856	0.0702718315850385
0.5029141620620994	0.07007506069796772
0.5074633644994295	0.06974401974931874
0.5120298720738992	0.06865450847637014
0.5166131995222792	0.06492264953125289
0.521214612367432	0.06032145009340308
0.5258351312762207	0.05598172510606862
0.5304755538002983	0.052600574943155544
0.5351351231608409	0.054065306917370784
0.5398063539339718	0.06526880904510682
0.5444892068983102	0.06489340816763811
0.5491844296338639	0.0671936286060015
0.5538927600785994	0.06968549821941264
0.5586151069484396	0.06990913445826871
0.5633521689401567	0.06982606862886509
0.5681037240494732	0.06970329094464
0.5728688787115925	0.06951918686952693
0.5776447310094356	0.06924494334386762
0.5824220562103912	0.06888501660674055
0.5872000838487919	0.06745972384233487
0.5919779474468511	0.06407888595452829
0.5967529041348907	0.05992834015562558
0.6015251163463441	0.05527503134750217
0.6062950114319952	0.05868514216909313
0.6110608346916284	0.0657675044806259
0.6158238147465595	0.06498227332574161
0.6205836009069088	0.06445945574885764
0.6253414006522983	0.06473475637638078
0.6300976570161342	0.06615996687011408
0.6348476729247335	0.06713142539141412
0.6395910002010662	0.06744735795305874
0.6443297326293396	0.06758326492735338
0.6490657707787446	0.06761476753975035
0.6538006614276355	0.06749169784127171
0.6585355039173331	0.06617035101273709
0.6632709296299373	0.061788735738775816
0.6680071469181655	0.056386778149336944
0.6727440244786258	0.05186875870402504
0.6774809557539779	0.059007904107966344
0.6822163391425266	0.06332818100633122
0.6869502027861316	0.06288699720391443
0.69168244791529	0.06272103853933456
0.6964129399218609	0.06273539768679566
0.7011414615677264	0.06285942385675804
0.7058672886331268	0.0630105821096288
0.7105902898149288	0.06316503153462553
0.7153107342545322	0.06324969834498884
0.720028988760667	0.06323105581203384
0.7247455012739215	0.06312787492294533
0.7294607612526541	0.060964244973786844
0.7341752479254817	0.055449343456819566
0.7388891679429807	0.05085976662668579
0.7436010845146707	0.04884855038157274
0.7483082264649233	0.0583822559272564
0.7530116538190812	0.06289042731778725
0.7577123094406613	0.06278070910450344
0.7624109885981317	0.0627120280624865
0.7671083231377289	0.0626610247219049
0.771804780496349	0.06263320053777137
0.7765006761034681	0.06261713723746097
0.7811961960888372	0.06261342680998028
0.7858912813263771	0.06260856255463866
0.7905850909412465	0.0626090072671086
0.7952774623893949	0.061888904913204326
0.7999684853785852	0.05809418512289105
0.8046569671286102	0.05309069384291883
0.8093423981283615	0.0493780915834264
0.8140255293536761	0.047767700771364885
0.8187070179136178	0.05563315643043824
0.8233874390373267	0.062662739578953
0.8280672913480644	0.0626732607385322
0.832746996913646	0.06272145042796914
0.837426898233555	0.06279857615220022
0.8421072545602437	0.06287052174950848
0.8467878588612738	0.06292906449445683
0.8514663246720091	0.06295748663709154
0.8561410270014858	0.0629492605731558
0.8608128036323192	0.0629099707617942
0.8654823929170697	0.06204482117659179
0.8701504303408282	0.057564483840126045
0.8748174491173373	0.05270278642342224
0.8794838847037721	0.04928233666842301
0.8841500828317627	0.047616404703339436
0.8888162118759293	0.05046274488510123
0.8934815896590882	0.06264511179530788
0.8981445915966045	0.06263541675351914
0.9028057092424399	0.06264258826699558
0.907465102653743	0.0626497157884345
0.9121229460818374	0.06265764855403073
0.9167796881420002	0.06266748279433865
0.9214357318993077	0.06268027143111532
0.9260914245318125	0.06269672688735942
0.93074704484651	0.06271689067683002
0.9354027906870903	0.06194718373534269
0.940058769106186	0.0579539218340141
0.9447149927206734	0.05329537376231156
0.9493713856680521	0.04975181029660899
0.9540278018359032	0.047912877583565314
0.9586840564772959	0.04742473896373967
0.9633399424571913	0.05285428346367055
0.9679951010606522	0.06281069690720716
0.9726490941156487	0.06278559873074621
0.9773021973980158	0.06275647829078981
0.9819545821806278	0.0627272295927982
0.9866063466820113	0.062700777142161
0.9912572162541115	0.06268029880530529
0.9959053118879097	0.06265968458947083
1.0005506584184234	0.06265185040843828
1.0051936132067145	0.06224745952676476
1.0098345843465946	0.05932220351945289
1.014474080122949	0.054633460517097956
1.0191127457873201	0.050618258526843
1.0237513825680227	0.04835414985968678
1.0283909468447165	0.047333825527144394
1.0330325305665307	0.04718579336510402
1.037676979487723	0.05186620290250292
1.0423234693109	0.06272779749958232
1.0469725713150508	0.06273844506572919
1.051623891741037	0.06275215830890328
1.0562731275604773	0.06276376563511712
1.0609218888241132	0.0627687642360861
1.065571806036617	0.0627668120505372
1.0702244979872333	0.0627582153541161
1.0748806980748615	0.06274625470612377
1.07953710302647	0.06027500477032762
1.0841950232590705	0.05657675500962613
1.08885630736251	0.052904248462292455
1.0935226358982673	0.049766536333951894
1.098194987542429	0.04790180734786784
1.1028714516975153	0.047187655805102736
1.1075518367640584	0.04705038007467059
1.1122379903428916	0.048889465393392784
1.116931542940594	0.05990290300617864
1.1216339089151854	0.0625978295961451
1.1263457756170412	0.06260115267936843
1.1310642711430685	0.06260862131177544
1.1357851384642557	0.06262191561947823
1.1405103030757449	0.06265045450273073
1.145241467010217	0.06267529898422479
1.1499801206161573	0.06171316673604464
1.1547275583844197	0.05881320776146297
1.15948423037476	0.05565524921044658
1.1642470317995457	0.052103235695661186
1.1690153363186528	0.04943768717901774
1.1737906193410041	0.04781353746398578
1.1785741740190627	0.04725720639614755
1.1833671221072661	0.04714581430908038
1.1881702586069895	0.0474737923212165
1.192982783456867	0.055673015546625695
1.1978017375611318	0.06276180310174198
1.2026283938924853	0.06277372779589033
1.2074639055326837	0.0621627389289053
1.2123093077593725	0.06277494092051197
1.2171655231847964	0.06275775906932181
1.2220333666123344	0.062167830677440125
1.2269125696805416	0.059926319122429225
1.2317978933754754	0.05734633465268126
1.2366883762210827	0.05442444488813307
1.2415853024692631	0.05124253004000271
1.24648985171641	0.04909235116043996
1.251403097847046	0.047896383431775276
1.2563260098433562	0.04768473914806956
1.2612593381556465	0.04775089334711937
1.266202400666966	0.0480030855767843
1.2711514115839677	0.05494271345485023
1.2761072145028007	0.06328873720226535
1.2810708376738458	0.06318135184371769
1.2860432179355603	0.06032481757028407
1.291025209337615	0.059557575932383325
1.2960175880023617	0.061847301520725484
1.3010208141210353	0.06086436367676473
1.3060336919517297	0.05887758388333719
1.3110542609491898	0.05605362088366202
1.3160834475124596	0.05304140690955844
1.3211221047559982	0.05030068157595469
1.326171012700955	0.048434117627275966
1.3312308785802542	0.047543754721340564
1.3363023379377024	0.047379824039195904
1.341384802218728	0.04741319461924468
1.3464722610839452	0.04782007896278879
1.3515655326747937	0.05563357530283427
1.356665633666905	0.06310084271442087
1.3617735035296983	0.06292229586640172
1.3668900044834278	0.05898807737339373
1.3720159225503143	0.05908781009425092
1.37715122683737	0.061833218975186476
1.382292213834976	0.06011123635746114
1.3874387870412659	0.0588688103114942
1.3925917294920982	0.057620851935911176
1.397751932507175	0.05274897204926644
1.4029203582840661	0.04931923761791675
1.4080979093610095	0.047777410464327326
1.4132854201377718	0.047177771610164905
1.4184836531736817	0.04703740424416041
1.4236931051437052	0.04703559385524842
1.4289127208134098	0.04904717042400746
1.4341398183096197	0.058606613641645766
1.4393751150384604	0.06267854990101686
1.4446193670678724	0.06162681587321726
1.4498732805093133	0.05658715001964669
1.4551375114336051	0.05891989653279618
1.4604126660673677	0.05952787397577501
1.4656988957661452	0.057659176302288284
1.4709937880550439	0.05614818403588825
1.476294321564357	0.0518917273932449
1.4816011589441096	0.05009822246237763
1.4869150002716454	0.04831378635685804
1.4922365783903995	0.04735704910659645
1.4975665806848824	0.047075596317870304
1.5029053328066815	0.047002420325397136
1.5082512590656942	0.047200095118738405
1.5136028451624326	0.05392153766797109
1.518960917747439	0.06256368918058494
1.524326045257688	0.06228263762469268
1.5296989792936924	0.0584537453690826
1.535080474772868	0.05430053043388422
1.5404712389344812	0.05616162102095592
1.5458719379252195	0.05596270847212624
1.5512830765434116	0.05450860163874606
1.5567039907450089	0.052478322429049554
1.5621318846945138	0.05043438058669154
1.567567460676339	0.04860575880121801
1.5730112671024101	0.047469297394995426
1.5784639139392609	0.04709173805840096
1.583926028496158	0.04699849154490314
1.5893982001190092	0.04696931615885118
1.594880979972398	0.04875864999704528
1.6003748087534606	0.05388818511870656
1.6058788565114763	0.05476103998794951
1.611388525467162	0.0507189432642378
1.616904524342041	0.04708588979218966
1.6224275008256437	0.048632509032373726
1.6279579456465745	0.04784082460005856
1.6334964607547486	0.04608144470646034
1.6390436337328584	0.0462555499509561
1.6445995944970162	0.042609730813610094
1.650162292938211	0.04072744603321638
1.6557313372329343	0.039567018571318426
1.6613074073042837	0.03918430253328522
1.666890949744553	0.039092143059119885
1.672482623118742	0.03906637841329838
1.6780830662896573	0.0390625
1.6836928840010306	0.0390625
1.6893126464161878	0.03875740445155666
1.6949426623349646	0.033906734964668964
1.700581737798891	0.030094717332712562
1.7062280504125205	0.03342575949609874
1.711882214267329	0.031989081066565575
1.7175447962616757	0.03166500754752629
1.723216238636641	0.02724817979062949
1.7288970218372148	0.026286638011552194
1.7345876564430813	0.024682678593325895
1.7402886237384074	0.0237861074244932
1.7460003754754416	0.023522405560087545
1.7517230506131065	0.02345777211639801
1.7574548645193409	0.0234375
1.7631929839633296	0.0234375
1.7689379601506103	0.0234375
1.774690319454429	0.0234375
1.7804505640078716	0.0234375
1.7862191557767007	0.0234375
1.7919964537217719	0.0234375
1.7977825997480414	0.0234375
1.8035762520509941	0.0234375
1.8093768078751529	0.0234375
1.8151848221228533	0.0234375
1.8210007185417596	0.0234375
1.8268249299917123	0.0234375
1.8326579673076369	0.023449551040494794
1.8385003164622125	0.023623377275378152
1.8443524384689989	0.026572477951531982
1.850214587865174	0.03291168064653839
1.8560857683428182	0.03818484677982256
1.8619642491330575	0.0390625
1.8678505359005169	0.0390625
1.873745110557415	0.0390625
1.8796484257520667	0.0390625
1.885560867367524	0.0390625
1.891482739763441	0.0390625
1.8974144388077456	0.0390625
1.9033563363581474	0.0390625
1.9093087805722435	0.03576806280517778
1.9152720521589433	0.03515625
1.9212454801417496	0.03254792155195523
1.9272252693015801	0.03158968773233497
1.933211857342651	0.03381379076086509
1.939205667522631	0.03509641795573881
1.9452071089527114	0.03666824500629499
1.9512165768526661	0.03903444140945423
1.9572344527668406	0.0390625
1.9632610992528021	0.0390625
1.9692968255728989	0.0390625
1.9753416316596726	0.0390625
1.9813942936914626	0.0390625
1.9874547196003074	0.0390625
1.9935231994155564	0.0390625
1.9996000904074263	0.03907058388450485
2.0056857049017704	0.039125353093593856
2.0117803920454604	0.0399356431921941
2.0178845097790936	0.04504373087395517
2.0239983200961156	0.0506048301196871
2.0301213265076483	0.0546875
2.0362516372350554	0.0546875
2.042389623068722	0.0546875
2.048535636359447	0.0546875
2.054690011599582	0.0546875
2.060853066125135	0.0546875
2.0670250826997942	0.0546875
2.0732062414595163	0.0546875
2.0793968038964907	0.05435614535215916
2.0855970355502484	0.050402910556606464
2.091807189237114	0.04689960101222014
2.098027505767799	0.046875
2.1042576204526156	0.046875
2.110494343489973	0.04686791736975841
2.1167377206652565	0.04464142005318602
2.1229881041837952	0.03929986217273766
2.129245838524489	0.038635523326991064
2.135511260267681	0.042292255355866275
2.1417846978376214	0.04581120200651902
2.1480664711491118	0.05402063250402732
2.15435689115216	0.059347585841224945
2.1606562438324515	0.058798935583967996
2.1669647307959607	0.057881256744368656
2.173282622746823	0.0564938005155867
2.1796098276396196	0.05453485949167068
2.185944489310292	0.0520523596379792
2.1922867140859914	0.049920849111056334
2.198636745575225	0.0484171254437679
2.204994828296629	0.04395775120818185
2.211361209783567	0.03573485767428698
2.2177361424760877	0.03414853655953428
2.2241198854264392	0.03385161563528238
2.2305127057583207	0.03312087771369522
2.23691487903029	0.039711996864838214
2.2433263171977997	0.046945575752408
2.2497452008913776	0.04717119173928704
2.256171791110412	0.047258974280044254
2.262606438708671	0.04724485661863455
2.269049422814766	0.04716035469114734
2.275501002955184	0.04706602951272946
2.281961426003875	0.046994307609789863
2.288430895163085	0.04695036811792459
2.294908986688833	0.04695272258567666
2.301392292121447	0.04677460888491613
2.3078798987489733	0.046892441694347614
2.3143725025041526	0.04706301465562547
2.320871891690561	0.046879892155552626
2.3273792032180425	0.046875
2.3338948878996435	0.046875
2.34042026410067	0.046875
2.3469576394900704	0.046875
2.353510557474951	0.04688361864420791
2.360083506117772	0.04713344692000112
2.366659960824543	0.05302978844875206
2.3731203992331715	0.0625
2.379389161083151	0.06172935730857208
2.385543173212685	0.05371575330936832
2.3916265207185905	0.047453884363498955
2.397634493464544	0.04692577338686304
2.403509660513214	0.04687898174409404
2.409297616885052	0.04688247503368393
2.415027547419825	0.04730526169816239
2.4207064502874736	0.05583052465852366
2.426293339199805	0.0625
2.431760084694433	0.06194859492557654
2.4371521457251433	0.05520756538511865
2.4424990438244856	0.048686908046251656
2.4478136910095087	0.04720695599279434
2.453071583998892	0.045448471983133065
2.4582563880350574	0.03513649662548199
2.463386324499746	0.03152760620677339
2.4684740313489524	0.03575575317359182
2.473536680472703	0.04597824873564847
2.478580609160522	0.046875
2.483591786492849	0.046875
2.4885532003891484	0.04546101732239983
2.49345855371219	0.035519098442118875
2.498322250309541	0.031270173620758845
2.50316766093147	0.0312637696182993
2.507985669146966	0.03125924663261116
2.5127512388263455	0.031428831338208785
2.5174778746415134	0.03649713455665032
2.522180130395522	0.046106816065539166
2.5268678524473964	0.046875
2.5315448817149657	0.046875
2.53621812471872	0.041795009423779214
2.540885171106061	0.03185141981448713
2.5455248387149427	0.03133365988781391
2.5501442575626547	0.031342591576172404
2.55474982447639	0.03130493231585683
2.559334003135245	0.0313329382523501
2.5639020535821224	0.03295278592383361
2.568450675553955	0.041880261488864104
2.5729816901867912	0.046920327614705715
2.5775041144294946	0.04692683204473842
2.5820223564561386	0.04469260434910274
2.5865425497273122	0.03494339300517403
2.5910681553078225	0.031419322319020476
2.595589783620261	0.03150841116120068
2.6001008622378006	0.031589923572587525
2.6046083951124737	0.032093975183066774
2.6091133900983503	0.032302557179737824
2.6136125457897097	0.03500929497614854
2.6180955266839456	0.043890196101309745
2.6225725977098007	0.046934973998722006
2.627048878254949	0.046938635670885555
2.631530641780543	0.04013644196454982
2.636023062576138	0.031632297532813436
2.6405258724986	0.03180285816971497
2.645022262235021	0.03216411154974232
2.649517151832859	0.03558265018916099
2.6540109594240135	0.03675234945262965
2.6585001693198405	0.032866078086297414
2.6629741030817993	0.039359995949719354
2.667443077301072	0.04706249062765874
2.671913170229533	0.047048240609683524
2.6763910722815205	0.04406563033653986
2.6808825722459493	0.03365415915035396
2.685387158738621	0.03197392120053871
2.689886124047463	0.03273323163084231
2.694384351331017	0.036902528934627254
2.6988811009197957	0.03572536956954076
2.7033752552531674	0.03433215084426241
2.707854450639542	0.035872585194819895
2.712328141134025	0.044468777206048
2.716801275381797	0.047047578900643185
2.721282826305132	0.04544177965156489
2.72577923202329	0.036196796834766495
2.730290221353866	0.031776963258118615
2.7347969735340625	0.03244841754727517
2.7392999893981584	0.03626931028771815
2.743800305025914	0.0399888719282202
2.748296452004309	0.03409143888611123
2.75278443723293	0.036063271517143766
2.7572607471976887	0.041494599198483646
2.761736970915871	0.04716055752559646
2.7662183010556096	0.046661426417828264
2.77071322391775	0.0376568937031043
2.7752228876903793	0.031661766566747365
2.7797302273178452	0.03238413616639464
2.7842331029902674	0.03529273429190578
2.788731319655935	0.03870392834805739
2.7932254963595486	0.03510272568875472
2.797715050433178	0.03656055111818094
2.8021909290977165	0.03847191037606393
2.806666085900257	0.04690537827657831
2.811143735616011	0.04696217927643434
2.8156336026345876	0.04095157588459077
2.8201386055970796	0.03159825387479296
2.824646173212076	0.03209428163033366
2.829148302195115	0.034062690170999235
2.8336456480405814	0.03780226794650637
2.8381383860969867	0.038093924385601066
2.842629527954685	0.036846080506134374
2.847104317174695	0.03729776309655005
2.8515737219251607	0.04591496381888027
2.856045979677423	0.047026397295524616
2.860530773815839	0.04287901775881781
2.865031654477782	0.03276569660599532
2.869538391147078	0.031897774050201305
2.8740379622586256	0.03304482929231365
2.878535107941901	0.036462512271979
2.883025366349274	0.03662655922336626
2.8875144062797076	0.03544356701704144
2.8919885992289567	0.03653906360144423
2.896456220655397	0.045095084055688024
2.9009262831520872	0.0470527686006323
2.9054078034247173	0.043986292648577265
2.9099057991009962	0.03389635367230974
2.9144137204961664	0.03183927537635384
2.9189142292331463	0.0326905513065512
2.923412187407431	0.03691117626322857
2.927904409741621	0.036683090454901646
2.9323945007979746	0.035724128355276885
2.9368710241554536	0.03591208007180907
2.9413414882505378	0.04393623534963998
2.9458133967958706	0.047071496192396714
2.9502952454303135	0.04449787635352585
2.954793501055309	0.03470615392472936
2.959305614970394	0.03170607082057629
2.9638099951422707	0.03217816460874574
2.9683113295173644	0.03567953596305561
2.972809059391591	0.037898815792996574
2.977303104090112	0.03722394680840717
2.981785325752564	0.03699812679157455
2.9862615507393704	0.04350687819644079
2.99073989061517	0.047121576861046885
2.9952266624314365	0.04548076510603749
2.999729316409106	0.03508093511019887
3.004247129844085	0.03153684118625398
3.0087576220115455	0.031856684305885466
3.0132660076023785	0.03366940389654253
3.01776940850797	0.03806541591446712
3.0222711465394765	0.03391392810115653
3.0267650195350453	0.036110850454280044
3.0312487949862734	0.043124529127134326
3.0357343128849763	0.047123061516703625
3.0402276888766564	0.045590317377321624
3.0447365634441454	0.03616995573306408
3.049260868917991	0.031478749881597407
3.0537804365440873	0.03179176431400643
3.0582983633326903	0.03350765967916899
3.062813732140172	0.0392054763942265
3.06732684345082	0.03765718884927001
3.0718295172826573	0.037233570835945654
3.076323941016115	0.04189153474726763
3.080820716232197	0.047213339343394875
3.085325107755023	0.04594007783530602
3.0898447782938097	0.03662132738850553
3.0943798547469763	0.031430608499481816
3.098911117486418	0.031697067420588906
3.1034410383248523	0.033900418368026625
3.1079683940750877	0.0379101404246259
3.1124945132168937	0.03773883492375697
3.11701581937448	0.03829537458802219
3.121523668850994	0.04390136963570752
3.126028307680025	0.04746332229112079
3.1305407018988727	0.04672215625044768
3.1350688299756606	0.037334674467018776
3.1396138509510267	0.031392883677927405
3.1441597373073678	0.031624811652491494
3.148702468591207	0.03305962550908055
3.1532444894549476	0.036523085755521295
3.1577833863391644	0.035732699090917516
3.162319571556265	0.03380653108695143
3.166841880313798	0.04041920089969107
3.171363436730114	0.04724645341334469
3.1758910158263736	0.04693608695379452
3.1804330308891493	0.03865598893743723
3.1849913119753044	0.031373996751057884
3.1895517693899764	0.03156539256420856
3.1941100249000267	0.032708590964304764
3.1986680018248257	0.03627889060856069
3.2032233143045707	0.0357428233736571
3.2077753548314423	0.03506591762261558
3.2123125198920257	0.04034739008178921
3.216848660856616	0.0473194542265975
3.221390911990198	0.04693927435554297
3.2259473648688033	0.03956147868831747
3.230519419757221	0.0313868530077775
3.2350924785818838	0.031497621157959024
3.2396633078972736	0.03227566244737913
3.24423266301123	0.03656156141972008
3.248799953750705	0.03548020808037624
3.2533636163171216	0.033749513770645126
3.2579119615644774	0.04014613421771155
3.2624597898959893	0.04728320719339394
3.267012386570229	0.04694389021984392
3.2715779642253784	0.03944327071816311
3.276158722002353	0.031365219787760926
3.280741762882067	0.031469276638390144
3.285321878139446	0.03195427493368448
3.2898994803620303	0.03572267462709257
3.29447409233731	0.03568120734494425
3.2990443600665458	0.033828701320887444
3.303599350130002	0.04030005760102577
3.3081536070829323	0.04723849539892401
3.3127125002909223	0.04693876939537761
3.317283545357489	0.03931719481173122
3.321869107265691	0.03135114188226959
3.326456535147905	0.031437863684466376
3.3310408175039425	0.03185135306215907
3.3356228919840416	0.035622606921334676
3.340200829111319	0.03862394402394853
3.34477069802067	0.034033422418709644
3.349328435698028	0.04104610911069869
3.3538855258607563	0.04723008644411608
3.3584477924428855	0.046938301071503735
3.363021771064381	0.038958037397668496
3.367609577691157	0.03133469575064247
3.372197467512734	0.031420185297213195
3.3767818219524006	0.03177660598827674
3.3813625954337443	0.035226534109396676
3.385939018200526	0.038337278501033335
3.3905075260705235	0.0338992015984176
3.3950643078385165	0.04236539698445684
3.399620303788769	0.04717989752471767
3.4041816083087473	0.04693155936483981
3.4087544039995805	0.038233523136173925
3.413340689167904	0.03131917233482624
3.4179265478497407	0.03140789394170584
3.4225087789137687	0.03172444068206933
3.427087455052009	0.03511143454071562
3.4316615616245314	0.03716157095586549
3.4362281508081716	0.033692397899423056
3.440785185385875	0.043150733695788646
3.445339707052896	0.04712520872985539
3.4498985927593164	0.04590903564476262
3.4544688966454773	0.036641566366344074
3.4590521613638074	0.03131676615018025
3.463633088588652	0.03139088397899931
3.468209981868541	0.03165625138515845
3.4727831017866784	0.03386082219916902
3.4773512955408585	0.0358642680777528
3.481911809154919	0.036081480165115844
3.486461498704798	0.04439153092294752
3.4910105961986884	0.04710621357038636
3.495564955317684	0.045685848246211636
3.500131664735888	0.036504153051581875
3.5047109326728556	0.03131098914697765
3.509285038047873	0.031376861795949715
3.5138560003751205	0.0316722072886745
3.5184221547485857	0.03396060530165538
3.5229840847620273	0.03642530495705086
3.5275361203581626	0.03380820449401377
3.5320784611105323	0.03833389463686008
3.536621420452568	0.03923848468071918
3.541169576224751	0.037693131407746196
3.5457295653268086	0.02709817742119195
3.5503016317087694	0.023489015301897335
3.554867416878425	0.02354247251184028
3.5594306715647788	0.02380672441927336
3.563988164573238	0.025459736600753853
3.5685419967232193	0.026751216407473494
3.573084321509341	0.025586488763281685
3.5776178564218006	0.02407648163002575
3.582153430340261	0.023545084617735426
3.5866952267776386	0.02344944291840744
3.5912495728578158	0.0234375
3.5958166807061085	0.0234375
3.600381588206798	0.0234375
3.6049497428890978	0.0234375
3.6095259294647777	0.0234375
3.6141132557228244	0.0234375
3.6187145435703654	0.023441610357563925
3.62333083056593	0.02347448672033852
3.6279625993544182	0.02378936870938931
3.6326101998564733	0.02717883348483969
3.637269242148732	0.03463512368881499
3.6419349666166414	0.037213570476654814
3.6466090976928593	0.034375
3.6512955653025307	0.03125
3.6559968551247795	0.03125
3.660714252436674	0.03125
3.665441986474073	0.03125
3.6701769123206636	0.031491676489517076
3.674919627748705	0.03213145016994284
3.6796711499974877	0.0315234381226566
3.6844327049602854	0.031666233779367
3.6892057644958833	0.03126208233167906
3.6939914052601015	0.03131930675866253
3.698786940522065	0.031803439259639354
3.7035896140298448	0.035651431565688424
3.7083998826376887	0.043337662636260224
3.7132188368094625	0.046875
3.718049840135868	0.045660179332461484
3.7228960494739938	0.038192179376820665
3.727756843163802	0.031558537782903955
3.7326258661491596	0.03125585753687872
3.737502062117489	0.03127235306476718
3.7423863978142333	0.031423502841871134
3.7472800640084616	0.03239753493411059
3.7521845049779414	0.03486302738678174
3.757101338083729	0.035212657089832775
3.7620306047262813	0.03366177121007492
3.766966817575533	0.0327466593076004
3.771910568868255	0.03629605850662568
3.7768626206855767	0.04348115374908569
3.781824382727538	0.0468814776132396
3.78679987908474	0.04643736299150715
3.791791992816436	0.0389248471709748
3.796796139193944	0.03163812084079896
3.801807385467468	0.03125694099464536
3.8068267194528143	0.03127976848988868
3.811855407486517	0.03148708948092929
3.8168950040326295	0.03267384820963395
3.821947394922013	0.03456413932974881
3.827013369500918	0.03439515631885143
3.832086796775351	0.03320747211030547
3.837168167446604	0.0343684034833467
3.842258341986437	0.042258608354912505
3.847358629019235	0.04689200491114718
3.8524722342138626	0.046875
3.8576035143024234	0.04073079415418407
3.8627473382232766	0.032034275463480255
3.8678986390967816	0.03126159351114333
3.8730585461568148	0.03128751984264618
3.878228540118577	0.03153037313008772
3.8834104639578992	0.03287492002824218
3.888605876938901	0.034749689172985286
3.8938124347018572	0.0342089479946877
3.899026601305983	0.03309112737520847
3.904249223719119	0.03629962454135702
3.9094814147469408	0.04377383846728389
3.914725199313387	0.04688281960067843
3.9199851833829324	0.044063029428710265
3.925260515956741	0.03485417922619243
3.9305436746470153	0.03126470764516796
3.9358349758743283	0.031285003007525646
3.94113597749695	0.031452086699385665
3.946448671279632	0.03259564146368243
3.951774424023792	0.034392115178497086
3.9571092134251233	0.034004747583930864
3.9624518942342712	0.03295903234106214
3.9678033680911535	0.035882353893270096
3.973164376456552	0.04375863017933722
3.978537189852361	0.04688187247797968
3.983926279902142	0.042384906458974136
3.9893273880825175	0.03257712806539338
3.9947364646809103	0.03126948178413169
4.000154529034434	0.031301536734551196
4.005582984469502	0.03164755946933808
4.011023942188846	0.03314330096618255
4.016477248788034	0.034280994608540435
4.021938205038909	0.03327329915801743
4.027407291036703	0.033998336440968335
4.032885648356578	0.04046229282992335
4.038375215146711	0.04672038296941121
4.043879882498769	0.044019402823975116
4.049402330270972	0.034701912543725434
4.054933793914381	0.03127006129280953
4.060474015921037	0.03129964932971359
4.0660249803945865	0.03160884957283636
4.07158929686145	0.032923369989059724
4.077168521888799	0.03387984090373422
4.082756115641988	0.03300971886830294
4.088352465029343	0.03343990591862732
4.093959034429562	0.04009352424260694
4.0995779959149425	0.04670186986274345
4.105213684100691	0.04237727526870342
4.1108696051840665	0.03243856467680827
4.116536012937012	0.03127432891111905
4.122212527923682	0.03132094492263456
4.1279015304811315	0.03179363363664463
4.133606144257765	0.033110882490854344
4.139328033962994	0.03342205233979665
4.145058788169874	0.03252498179352563
4.150799808008422	0.03518520300896866
4.156552977038261	0.0441052598502403
4.162321470095617	0.044601168526127014
4.168109863796412	0.03510560062544479
4.1739026099319165	0.03127394338834759
4.179675483229369	0.03130338158406546
4.185447964690692	0.03158029939857482
4.191208913108584	0.03260480993897434
4.196952499608553	0.03316589912519998
4.202662684770356	0.03246954343897162
4.208362856736747	0.034273721329582216
4.214066396034759	0.042357272107913166
4.219779265589328	0.045435729388089666
4.2255066525226175	0.036238805477010805
4.231231464354297	0.03127723327701193
4.236936762829886	0.03129389809978349
4.242639835666539	0.03144145688979845
4.248330661834228	0.03220494496316364
4.2540142883431695	0.03290676755254934
4.259660515543133	0.032441980109537874
4.265293660047618	0.03342641672430417
4.270929362207906	0.040795430870767174
4.276572424964588	0.04536109943643231
4.282230041674389	0.0364298459577566
4.2878922456624835	0.03128543517589988
4.293538358231658	0.031291587680680785
4.299178771587679	0.03139228194825786
4.304808083970881	0.03200685882974026
4.310431446271628	0.032741068266392316
4.316025449656925	0.03246090771222303
4.32160420727172	0.033503418335585504
4.3271840093848954	0.04093689912640464
4.33277070434902	0.04544225641181103
4.338372709577117	0.036922847728507215
4.343987788523002	0.03130859678832385
4.349585799283047	0.03129550738443855
4.355178661214811	0.031353091380429535
4.360767654933075	0.031723857489488944
4.366351724000293	0.032214039116557895
4.371919400642618	0.03203343739744714
4.3774704353580685	0.03197437035852254
4.383021730886223	0.03581892399515211
4.388580210292711	0.044594040286370915
4.394153921269801	0.03888356424564261
4.399745081694698	0.031466379749825045
4.405337532778719	0.03132763846413557
4.410925659547699	0.03136550382594023
4.416520070999554	0.031476096102744884
4.422124188475048	0.03165591185164991
4.427741928479484	0.03155016330232956
4.433364772673983	0.03137089791585751
4.4389870453696005	0.03148290208828444
4.4446214330112035	0.03482474186734933
4.450272529394325	0.03974413711034658
4.45594350031159	0.034373624158171245
4.461625682749942	0.031594590410487865
4.46731249267184	0.03203398862709609
4.473002749614355	0.03386669578645558
4.478687384762437	0.037481143802078384
4.484374224682189	0.03589455504138118
4.490069313018068	0.03276502735841158
4.4957687193360725	0.03162896559931121
4.501475592769306	0.031288734258690935
4.507190889886821	0.03128597293184519
4.512914178454903	0.03208820484724796
4.51864431437934	0.03246830478177176
4.52438016036973	0.03257061697666348
4.530121088942397	0.03864305752770615
4.535867167456517	0.04334502655278062
4.541619010165233	0.043750525734201004
4.54737747016436	0.04591212738045105
4.553143392266863	0.04564080039317413
4.558917442214222	0.04287410799042146
4.564700042736237	0.038658506244289806
4.570491431082461	0.03313735314472591
4.576291770739565	0.032003021687034415
4.582101288913883	0.031385247698762296
4.587920374278528	0.03134372871489009
4.593749568560528	0.032166998885134905
4.5995892904581135	0.03228253690120558
4.605439908165335	0.03542539781312149
4.611302293619164	0.04300903319086914
4.617177311301082	0.046875
4.623065731634107	0.046818309956224755
4.628968172505042	0.046875
4.634885077502108	0.046875
4.640816727656223	0.046875
4.64676162604777	0.046875
4.652710096137041	0.04520521357320505
4.658660158295465	0.04279828178601203
4.664612076067209	0.03603399018052593
4.670566359633504	0.03315924174701066
4.6765237407051	0.032354964538972866
4.6824852110072985	0.03235561685910379
4.688451926418206	0.034171704737826686
4.6944251248682605	0.03494590369412923
4.700406033139071	0.039607902787253034
4.706395792418213	0.04582963428872534
4.712395410344177	0.046875
4.71840572402168	0.04632213981387943
4.724427254662243	0.04633539428805604
4.730460113185385	0.0468329840038776
4.7365049131308865	0.046875
4.742562170188357	0.046875
4.748632343671785	0.046875
4.754715873327332	0.045352008413090485
4.76081320402424	0.04340888944149407
4.766924793591002	0.04015704665618878
4.7730511027920635	0.037527800199427266
4.779192570369906	0.03541133549192018
4.785349579104001	0.03865189440499996
4.79152242150929	0.03827857698283205
4.797711273759911	0.03734662684142018
4.803915475633744	0.0401990057439367
4.81013069382754	0.04560902353418318
4.8163544256486395	0.04687685007685981
4.822580591632573	0.045774490902817024
4.828807941467878	0.044511910529259936
4.835036598601686	0.04476825109301791
4.841266782523804	0.046875
4.8474987930725835	0.046875
4.8537329902330555	0.046875
4.859969773124716	0.04682796935255005
4.866209561209721	0.04592482025626173
4.8724527796700725	0.04487445382896405
4.878699849680142	0.04105185662792701
4.884951183167611	0.03893902191292104
4.891207180799875	0.042171587946907875
4.897468231481905	0.043705205013056254
4.903734711637889	0.040312902111990415
4.910006982920575	0.03650521047238582
4.916285387634896	0.041281560578728047
4.922570241928184	0.04592319283872729
4.928861827521222	0.04510649849044679
4.935160383281128	0.04308863026450669
4.941466098191783	0.04392249569015141
4.94777910723687	0.04431773726320537
4.954099491389033	0.046875
4.960427282350755	0.046875
4.9667624375598365	0.046461808175240586
4.9731046811074835	0.04583954792405208
4.979453715315102	0.044425051605966985
4.985809546993764	0.04203431266311702
4.992172212695257	0.040363566440450034
4.998541804931717	0.042992109175779294
5.00491842258104	0.04649680769088434
5.011302206395603	0.04656344466814959
5.017693336470023	0.03994133596052428
5.0240920254831165	0.035167429126678716
5.0304985083086695	0.03914064407762698
5.036912882469754	0.04259016786028554
5.043334020792043	0.04276776365746014
5.049758390952536	0.04069805651090046
5.05618199731896	0.0431084476076424
5.062604583063099	0.045294124748703556
5.069026476665947	0.04691044919513546
5.075448018432166	0.04655397233773638
5.081869540842274	0.046186192713920916
5.088291355718033	0.04606408024313145
5.0947137428990175	0.04428280716210833
5.101136941402476	0.042626484042636595
5.107561143907912	0.04414973889497832
5.1139864954240455	0.04774750644134142
5.1204130970054615	0.05132922277108539
5.126841014108835	0.04642648254921056
5.133270288707431	0.0403766253268803
5.1397009537505856	0.034624615827568955
5.146133048456859	0.03701942458135442
5.152566632965922	0.03923649018133305
5.159001801037519	0.03975713084500611
5.1654386897484335	0.03975788704985303
5.171877485477578	0.04150958035948323
5.178318425857065	0.04385529539541881
5.184761797763557	0.04483337910933164
5.1912079317853355	0.04431767773648265
5.197657193888764	0.04333063950744749
5.204109975207812	0.04192645734955307
5.210566679287467	0.04113332461106735
5.217027704627695	0.04417395644475551
5.223493451233306	0.0473558660019903
5.229964307994153	0.0506719660494909
5.236440128051255	0.04906030746841761
5.242917531635933	0.04278141227803487
5.249392228436238	0.03749167720931101
5.255864511931005	0.032983486952031925
5.262334719466235	0.03457911521036408
5.26880323657661	0.03637046887409813
5.275270499885831	0.03753151125455887
5.281736998043929	0.039620871249959534
5.288203270310461	0.0422025088463278
5.294669902610251	0.04230488588698121
5.301137520425711	0.04218835159570257
5.307606779555465	0.04154847541631577
5.3140781147125935	0.040715639786470706
5.320549906030466	0.040583741128088116
5.327017472284008	0.04496478873564703
5.333481241656629	0.047800017894083356
5.339941693241609	0.05030795675907997
5.3463993647916075	0.04882735743848562
5.352854886239049	0.045777551350220116
5.35930892485116	0.039676919217908724
5.365762140178882	0.034367666627680066
5.372215210312023	0.032488184370311965
5.378668826264936	0.033324420128849355
5.385123683157665	0.03398361139592151
5.391580462125179	0.036591765678134006
5.398039783463648	0.03781376303515745
5.404502251185897	0.040368355634353995
5.410968495004409	0.0401753266986045
5.417439119071839	0.040177754898334674
5.423914695274483	0.039730919381054754
5.430395764531005	0.04121973388658704
5.436882842722892	0.04586855556930701
5.443376349633444	0.04927070873736979
5.449876252976754	0.04987919417161004
5.456382629149688	0.04852122200920912
5.462896004269655	0.04634099237042004
5.469416914744785	0.03973471651773445
5.47594590867886	0.03591075967015336
5.482483544024016	0.03194551872953985
5.489030383695681	0.032500910692960155
5.495586988170206	0.03291524599964039
5.502153906215132	0.0354891620910768
5.508731664419651	0.0375191331652039
5.515319969897099	0.04073468353271523
5.521914541985594	0.03984519890632093
5.528514281928747	0.039192899892187626
5.535119515846705	0.04049454667256644
5.54173057951198	0.045397272793231205
5.548347817518954	0.048223488757532
5.554971580273465	0.05056223147959127
5.561602219021343	0.04901865634605468
5.568239746310192	0.04790813813611968
5.574882010815572	0.04442136694212787
5.581525932618154	0.03906922322138541
5.588171607606462	0.03297319105100493
5.594819122439994	0.03204398399427307
5.601468561066088	0.03248958204944965
5.6081200123545125	0.03327487614189738
5.614773578358999	0.03596641023969262
5.6214293826185875	0.036650709214863485
5.628087577851505	0.039856560659755104
5.63474835238164	0.03968688947870478
5.641411934680708	0.041114726408343946
5.648078595511208	0.04590335770756921
5.654748647312217	0.0482709168466759
5.661422440668785	0.050170874151658204
5.668100357928177	0.04870917237293666
5.674782804250122	0.047659862927162934
5.681470196580873	0.04512290399835724
5.688162680202164	0.03929247700818488
5.694858868386133	0.03485531497655471
5.7015576852579795	0.031895033105061824
5.7082592467095274	0.032312760846025926
5.714963675428449	0.032912966743308625
5.72167109908034	0.03582599541548328
5.728381647325579	0.03703294875075831
5.7350954478560014	0.03946573449341227
5.741812621541038	0.03893343296787306
5.74853327681748	0.04593011163555806
5.755257260400337	0.049817625346765655
5.761982901262369	0.05330754983523154
5.7687082038854	0.05063119119519197
5.775433053756745	0.048977736724332185
5.7821573291276565	0.04783937816503453
5.788880922327962	0.044859859204662886
5.795603750961556	0.03926993676216182
5.802325764720865	0.03459772465445297
5.809046955841914	0.03181434840884158
5.8157673676711354	0.03215560105191039
5.822487100306266	0.032614645475927594
5.829206312800754	0.03539215908599941
5.835925221923025	0.036947570483447635
5.842644097824385	0.0409748181790348
5.849363257163287	0.043355793427817126
5.856083054295762	0.04962156980581302
5.862803871133213	0.0536652625658877
5.869526106242223	0.05193027540076728
5.876250163743006	0.05014237655601206
5.882976442553893	0.04866204083107884
5.8897053265121055	0.04762198171265999
5.896437175856052	0.04430464184114315
5.903172320467993	0.039211128431881785
5.909911055145518	0.033777969498903195
5.916653637004835	0.03170462774354817
5.923399931564819	0.031926441492461224
5.930147282879508	0.03221296606268688
5.936891114436043	0.03483978768595245
5.943631493475965	0.035857786457292075
5.950368478767608	0.03838014395685769
5.95710212688256	0.03782891226929019
5.963832498872417	0.04138014016840027
5.970559666549264	0.04408719883440786
5.977283717637324	0.04873218536280825
5.984004759208946	0.04825322094200836
5.990722919034135	0.04739207978987411
5.997438344737673	0.04702885856431364
6.004151200943386	0.044136468107540835
6.01086166485449	0.039163830680374226
6.01756992091168	0.033724384417881316
6.024276155312366	0.03174163862340174
6.030980551173822	0.031916214786697386
6.037683284949906	0.03190119409740745
6.044384524455593	0.031812099078592795
6.05108442846917	0.031942696675751656
6.057781233157409	0.032447252957615205
6.064463592961027	0.03495782851659486
6.071128450174833	0.04053010292326725
6.077777814267894	0.042815419880253884
6.084413586948399	0.04721829238720461
6.0910374200817925	0.046985552040699985
6.09764954587831	0.046907783122933464
6.104244484628245	0.04688472886955454
6.110821507375684	0.04219728354007657
6.117382633281882	0.03912852434875517
6.123930121886022	0.03483894255311258
6.130466294138855	0.03188329383688156
6.136993333596554	0.032219295858596675
6.143512922847392	0.03335951056768793
6.150025899272915	0.03617761770126857
6.156533313754766	0.03617313764173793
6.163035625554441	0.03850283266951622
6.169531434054349	0.03843595668553237
6.176019327507667	0.03923988480746476
6.182501422169598	0.0416842528653531
6.188979662624751	0.042146423601361456
6.195455700927154	0.04241405200917443
6.201930822870467	0.04093778417307109
6.208405925868116	0.03991832182299705
6.214880139200011	0.03933734015894219
6.221345278088724	0.03413415077477213
6.22779903663049	0.031339082151205865
6.234242172458362	0.027063476721156714
6.240675195357626	0.023970112022378684
6.247098445357561	0.024196791919969558
6.253512188875394	0.02438648525769103
6.2599167173776475	0.02599713484392165
6.266312434127997	0.027879911913557525
6.2726999177542835	0.029274773350595373
6.279079955899797	0.030483033830185136
6.285453547243675	0.02945119875724021
6.291821874821356	0.02831680154397138
6.298186257136457	0.02699861857728591
6.304548085618545	0.02557602650300788
6.310908756482667	0.024527764244210933
6.317269559003627	0.023836918038783756
6.323629506978767	0.023556749465391342
6.329978342118772	0.02346893403932012
6.336315793730605	0.02344669532799473
6.3426420933132	0.0234375
6.348957675647567	0.0234375
6.355263203743827	0.0234375
6.361559564876889	0.0234375
6.367847841529983	0.0234375
6.374129263944029	0.0234375
6.380405152345789	0.0234375
6.386676856837893	0.0234375
6.392945701702331	0.0234375
6.399212938937101	0.0234375
6.405478187079377	0.0234375
6.411733633373322	0.023444296386533302
6.417979331777998	0.02346137709864276
6.424216457466491	0.023512449115341345
6.430446258496157	0.023752546710145418
6.4366693877881795	0.025423908621341862
6.442886239339959	0.029845280687383215
6.449097913272726	0.031374954719781974
6.455305517447941	0.031789588633288166
6.461510163681246	0.03436817508042537
6.467712960807269	0.0385359102244674
6.473915005655333	0.0390625
6.480117373242799	0.038030681078441916
6.486321107172042	0.03515625
6.492527210970912	0.03515625
6.498736483420586	0.03515625
6.504948881868635	0.03515625
6.511164979633827	0.03420698277820881
6.517385092305595	0.03125
6.523606215015028	0.03125
6.52982677450118	0.03125991601534136
6.53604701001207	0.032751457714706514
6.542267143879403	0.03412397014997927
6.548487385235319	0.03436271361028394
6.554707931943481	0.03421934138851544
6.560928305520285	0.03394237132633519
6.567144876700583	0.03392222199705734
6.573357676477318	0.03512916240455176
6.579566814938377	0.03549147978640401
6.585772448298935	0.03507095321574542
6.591974781590242	0.03435689479534855
6.598174070357984	0.03350120437020278
6.604370621327675	0.03286388296746179
6.610564791840423	0.03239851535201006
6.616756987796595	0.031957528730239645
6.622947659872834	0.031860390257495555
6.629137297884766	0.03388299917232983
6.63532642332543	0.038250923789342015
6.6415155802831825	0.03932469349723313
6.6477050437996	0.040274537966160956
6.653893275122973	0.044098635256074305
6.660077984377108	0.04675795785517668
6.666259656377249	0.046875
6.6724388280180476	0.046875
6.678616077594452	0.046875
6.6847920142294095	0.046875
6.690967267695236	0.045674562602369226
6.697142478764972	0.03968667574029515
6.7033182901078705	0.0390837634093924
6.709495337671529	0.0390625
6.715674242455912	0.036095991603191956
6.721855602595264	0.031442335764565676
6.728039985701584	0.03127932152829953
6.734227921475425	0.0312903839018089
6.740419894643783	0.03149637813822106
6.74661601635875	0.032974104474326145
6.752814395938622	0.0359886934801998
6.75901285452994	0.03696604648293957
6.765211582622049	0.03738742662941996
6.771410614333657	0.039866393690744316
6.777609213793478	0.041495950363147786
6.783807501619182	0.04095453023641439
6.790005765972655	0.03993744747744845
6.796204269603467	0.03871660356375388
6.802403248388831	0.037851467153553545
6.8086029100447565	0.038674387270887824
6.814803268722936	0.04142935677331882
6.821003373787123	0.04185516315218764
6.8272024011835395	0.04293505508437312
6.8334004376353095	0.04614852714450455
6.8395975977182975	0.047325243578846155
6.845794025182066	0.04711320288930176
6.851989894001417	0.0469869745618196
6.858185409043771	0.04692452915643862
6.864380806220786	0.0469001523086164
6.87057635198734	0.046888719300046296
6.876772342059326	0.04350294712678565
6.882969099243988	0.039182506794565454
6.889166970312359	0.0390646628292004
6.8953662789019585	0.03704053861810707
6.901566714798847	0.031566607171693115
6.907766101601082	0.031284632541695
6.913964674197358	0.03129074501445332
6.9201627140975255	0.03135635970662344
6.926360544961284	0.031793874838425565
6.932558527051605	0.033470726899579806
6.938757050825717	0.035570187958868696
6.9449565299000104	0.03594092090874709
6.951157393633356	0.03679209040282829
6.957360079566803	0.038460709604629315
6.963565025938671	0.03853318915739613
6.9697726644656575	0.03962633009693316
6.975983413544571	0.042819842658555374
6.982197671989866	0.04324682128386097
6.988415649349305	0.04580878099056404
6.9946361543797595	0.04812909376397807
7.000856073014647	0.047697085575301765
7.007075687865578	0.047291150731976636
7.01329528507317	0.047072089287806346
7.01951514927971	0.04696622195750709
7.025735558783107	0.046914212892683015
7.03195678104663	0.04689483161229404
7.038179068702049	0.046225155695492334
7.0444026561418625	0.040228436251320956
7.050627756753138	0.03908319843802631
7.056854560804515	0.03815073432419921
7.063083233962031	0.032096007225269
7.069313877673755	0.0312938229963811
7.075546172996675	0.03128801913995828
7.081779004553666	0.03130543982698504
7.088012494900753	0.0314255072675244
7.094246785122309	0.031809610243710686
7.100482033427874	0.032492217652296485
7.106718413356996	0.033229386284652704
7.112956111688215	0.03384258310035394
7.119195326157046	0.03453047347856755
7.1254362630868515	0.03654627718894942
7.131679135025935	0.040118009567372215
7.137924097613944	0.04234736197715343
7.144170756302653	0.045157190639475896
7.150417788269022	0.04706250732972565
7.156665257206762	0.04726078417903297
7.1629132493683745	0.04706655354130283
7.169161874352253	0.04696902354420684
7.175411265653009	0.046921019894464525
7.181661580865443	0.046900519096078605
7.187913001425837	0.04689017221534439
7.194165731780566	0.04356470301329536
7.200419997891444	0.039162064428234306
7.206676045018724	0.0390625
7.212934134763386	0.03438753510035507
7.219194541396562	0.031299441314434434
7.225457547550469	0.0312639365334252
7.2317231280939795	0.03129845377518192
7.237989553317637	0.03152027492406667
7.244255683668761	0.03247355146455603
7.2505216402626	0.034635297811503436
7.256787555048828	0.03589389275719147
7.2630535706143755	0.0380140173581954
7.269319839481382	0.042620428173745686
7.275586522852539	0.04564793525272412
7.28185378879459	0.04811763418644775
7.288121809892593	0.048942911776818
7.2943907604486204	0.04899951540221599
7.300660813334667	0.04817812927111389
7.306932136637179	0.0475626473947667
7.3132048902473095	0.04720578873048511
7.319479222555772	0.04702971453625529
7.325755267404242	0.04694942394127327
7.332032989871019	0.04549820147142623
7.338311643189442	0.039532464643027856
7.344591422858751	0.03839790901169024
7.350872530945853	0.032446799512453446
7.357155147249744	0.03129838473181641
7.363439426808844	0.03131692129094073
7.369725498106778	0.03143159341810757
7.376013462011103	0.03186270217046332
7.38230325430464	0.03366096680083007
7.3885941007166895	0.037178538448203395
7.394885797952995	0.04142893574137687
7.401178395940559	0.044809014244059364
7.407471956404613	0.046604442498066716
7.413766552565787	0.04701398461112789
7.4200622686114	0.04697912869548508
7.426359199001776	0.0469458246989667
7.432657447663966	0.04692052998929594
7.43895712711646	0.04690822951164961
7.445258357573994	0.043503181814462596
7.451561266092048	0.039143361657815415
7.457865785856055	0.033630804957773104
7.464170845152882	0.03154242367859826
7.4704761582922945	0.031957275538875056
7.476781820761057	0.03367113151422865
7.483087917758555	0.03701065448857057
7.489394522173161	0.04167642885307861
7.495701697380583	0.044856868216346185
7.502009506389396	0.04658374575201365
7.5083180115534836	0.046875
7.51462726286495	0.046875
7.520937295912284	0.04688083255873266
7.527248145425205	0.04689227812151261
7.533559867991217	0.04223995212228681
7.539872564654159	0.03671956126836223
7.546186398264325	0.03181704593718982
7.552501602122017	0.03180241302104621
7.5588183277363505	0.03279637543530907
7.565135913115946	0.03546450924348216
7.571453905715617	0.03937749614730009
7.577772425348879	0.043724391258901006
7.584091639902802	0.046044555680266656
7.590411798968242	0.046875
7.596733294854053	0.04617624852689258
7.603056711467339	0.040177850399680505
7.60938283810933	0.03310564301098919
7.615712654949098	0.03143170411208703
7.622047316174682	0.03146189782333263
7.628388147035577	0.031663444064032806
7.634736669291683	0.03212052376555573
7.641094656606833	0.03308449666190005
7.647464214307321	0.03547961147238952
7.653846771817928	0.03291300424113416
7.660238554573237	0.0183509931486499
7.666638773046278	0.0053802828198791395
7.673043707708159	0.001078739061632058
7.679450096770996	0.0006837165304532168
7.685858514075264	0.0008069970525201306
7.692263766310853	0.0009315159883182879
7.698631529897442	0.001053541291339627
7.704953895044694	0.0012211431713887231
7.711243369088458	0.001953196209569594
7.717477158001888	0.00510326253108474
7.723659257724895	0.014438708076893713
7.7297953483062045	0.02752809305599128
7.735897620139093	0.03228028373805135
7.741960694732185	0.03221534563401703
7.747985061481227	0.0324566643909184
7.753966953940745	0.03454799840876486
7.7599189610173465	0.03883471359310305
7.765847373134598	0.03647334464050324
7.771759933024384	0.03198139776520366
7.777665563375119	0.03147321820659222
7.783564500193152	0.03137946678695881
7.789437007356754	0.03129971117392586
7.7952942662978755	0.03126115441969253
7.801134336678653	0.03130613058286481
7.806959182477501	0.03149250590340428
7.812763586486727	0.03279815557483149
7.818547105732818	0.036464430534390704
7.824321602935897	0.03583832906074524
7.830089580649501	0.0317496025780586
7.835860139025321	0.03125214808087916
7.8416356764173125	0.03125
7.84739520966966	0.031251573354168914
7.853148918276545	0.03126419588688698
7.858892609342945	0.03129790715434998
7.864629130449036	0.03138665408971569
7.8703418497667395	0.031917950010085086
7.876042242514484	0.03430697673945495
7.881740201829734	0.03479117048355588
7.8874394239193615	0.031820045302595384
7.893146197434138	0.03125213702518635
7.8988483817546244	0.03125
7.90454157105719	0.03125464797663343
7.91023106247133	0.03127470629857871
7.915910879819255	0.031309364067505674
7.9215812444440195	0.031364886410946195
7.927231525991773	0.03167333020292913
7.932876927972708	0.03233183761010343
7.938522523174147	0.03018847851315267
7.9441765384923615	0.031172136880012392
7.949841588258287	0.03125
7.9554943014245545	0.03125186252697121
7.961144701689595	0.03126789430925776
7.9667890023001915	0.03130969536309765
7.9724297019543355	0.031363614176889834
7.97805551645108	0.03144561867261641
7.983669403238803	0.03205110386872402
7.989283089089353	0.031387654208893494
7.994899652995152	0.03151000158138591
8.000528572648625	0.03130773686349796
8.006164084176529	0.03125
8.011790826236963	0.03125606014630018
8.017415443368442	0.031294473188400077
8.02303174572952	0.03138028401345666
8.028644734011877	0.031485186353417405
8.034238143842565	0.03182018559915575
8.03982548077739	0.03488272516472262
8.045413884209518	0.03534424561342147
8.051010109756701	0.03370006112879802
8.056619293641244	0.0312629732697745
8.062222832060012	0.03125
8.067821818455407	0.03126534005361402
8.073412964501129	0.031324151985362265
8.07899898270258	0.03143009902163345
8.084572706981106	0.03156434429171835
8.090130528880623	0.032261604014538724
8.095687692134115	0.03630655208798231
8.10124709044826	0.03531051358755133
8.106818082944255	0.03188623022764568
8.11240270060908	0.03125201664407111
8.117976824096068	0.031251987544927695
8.123550339773313	0.03127479341320562
8.129114169659603	0.031339590520425134
8.134675808991059	0.03142719120034757
8.140217197224452	0.031522166582421685
8.145749139507608	0.03237175344420299
8.151282410825056	0.035146582462243316
8.156820022147866	0.03474393816047426
8.162371003312275	0.03138704596469287
8.167930334354132	0.03125
8.17348202487374	0.031255108986537015
8.179032166084665	0.031287616273045396
8.184574437621247	0.03135692904233016
8.19011371781418	0.03142230814122453
8.195631252399805	0.03150314236715119
8.201143814908123	0.03280807011460547
8.206657838930225	0.033054923519368826
8.212179411516022	0.032638414289399204
8.217713475351339	0.031265991840619026
8.223244454679262	0.03125
8.228770865966338	0.031260556613802434
8.234291577641526	0.03130262582660074
8.239807312956115	0.03136750425642272
8.245314039966303	0.031421753386912395
8.250805354910431	0.031645867472591946
8.256295487601019	0.032335576254522255
8.261787229907057	0.0319964345574806
8.267288423214426	0.03157882332789198
8.27280120663921	0.03125172536822278
8.278306056379286	0.03125202560572406
8.283810285077974	0.03127148310814553
8.28930794987293	0.031321838111310125
8.294803990247184	0.0313851585091751
8.300286654760187	0.03146904818521605
8.305759575344972	0.032359870760856634
8.31123346574439	0.032622742416033655
8.316709226741265	0.032207552570664814
8.322196277140014	0.03137185441296714
8.327695151122688	0.031341751005377304
8.333186589977757	0.03135168315970825
8.338677371024819	0.031381025980669074
8.344162118908265	0.03143825238735655
8.349644931673009	0.03150292016029053
8.35510972380266	0.03172608597480325
8.360569005740162	0.033011931784417116
8.366029931146377	0.033405791854441674
8.371495658290932	0.03197855904414924
8.376971666487142	0.031270577641082806
8.382448598410356	0.03125
8.387920926910999	0.03125842610046248
8.393389508285415	0.03128684412927672
8.398852897138092	0.03134123289660991
8.404308846299054	0.03141813431794246
8.409749517374014	0.031941959586391934
8.415188235014183	0.03241344074362673
8.420628482980408	0.03195620128766434
8.42607599856923	0.030305057851683675
8.431533167511635	0.03064437254974739
8.436985838929527	0.03125167865151687
8.442437546523534	0.031265619211827446
8.447884527932834	0.03129929253352017
8.453329316363725	0.031352200541911714
8.458761317382226	0.03149917830958597
8.464183844021942	0.032167456262203804
8.469606728017041	0.03087345074157355
8.475030968812078	0.028231862335104496
8.480465124552767	0.02879965597368343
8.485909199837938	0.03032424631482824
8.49134617678083	0.03125526400024049
8.496782528913487	0.031279440915761056
8.502213812863417	0.03132347846908144
8.507642963104603	0.03139783195732224
8.51305548589483	0.031796051698494116
8.51846306977092	0.032441642601388224
8.523871525309879	0.029404034135425534
8.529284684423317	0.025474760712122825
8.534706678916985	0.027549600885186876
8.540126774244902	0.03048655417253655
8.545543450359311	0.03126440309162787
8.550955685980803	0.031291634861335973
8.556363581518264	0.031340326445312726
8.561762228015747	0.0314655443052859
8.567148777500394	0.03225380763813097
8.572534718336842	0.03079533936851276
8.577921759078563	0.027410175695407407
8.583316484202506	0.02358746322761669
8.588720278948754	0.026167121484153278
8.594116176432085	0.029826152118168775
8.599512426904386	0.03127613695009827
8.604903111372385	0.031315141748672115
8.610292323110349	0.031377527385991304
8.61566621042106	0.031724715795625386
8.621034314943584	0.03226219610476096
8.626403149780907	0.028479534939600166
8.63177534357553	0.02373891424079853
8.63715683662275	0.024146364596005842
8.642542869397358	0.02900993093512908
8.647925349969936	0.03126692137500785
8.65330622594173	0.03129512926127485
8.658682115354315	0.03134020688443404
8.664050688794884	0.03146223643251612
8.669406578291388	0.03241353614324048
8.674761362755527	0.03162238409861934
8.680117445161638	0.028171348436794842
8.685480330165719	0.02434445502804502
8.690852126491478	0.026433435336836963
8.696216568195172	0.029573021600159177
8.701580671092232	0.03127183894062277
8.70693708180349	0.03130606151332956
8.71229180289901	0.031360838955226025
8.717630573633429	0.031628268546607344
8.722963071614844	0.03165255138767108
8.728298218132707	0.026938477530651272
8.733635284722975	0.02056320076045606
8.738980262839478	0.017493718867381783
8.744327387006193	0.019400897914482722
8.749670800309211	0.026567054559451762
8.755013933354954	0.03117711614107747
8.760351838242906	0.0313308038825568
8.765682059579364	0.03131933020291757
8.771001107042178	0.03186057014612299
8.776319762398005	0.03019192870631924
8.78163964958673	0.026958886471571908
8.786966413981991	0.023494283180803127
8.792302604550095	0.0234375
8.79763540308157	0.023439398633791953
8.802968176575462	0.02345370608391336
8.80829303526129	0.023476437782175764
8.813616342742765	0.023491645814276024
8.818923904474829	0.023481850395160642
8.824224936870333	0.02345970057459577
8.829528866541235	0.023441245413399446
8.834835174403622	0.0234375
8.84015117741039	0.02142715765565768
8.845479367152558	0.016785118239099346
8.85081129814958	0.014932846515536604
8.856148533168863	0.0047496619351086134
8.861496637143453	0.00012009471703443268
8.866859358042873	0.0
8.872236761784922	0.0
8.877620329360767	1.611647121075626e-5
8.883006390592904	8.953959255151794e-5
8.888396725333594	0.00019507861254103637
8.89379327144904	0.00029737088070026514
8.899197523748049	0.0014260218479809148
8.904609716363533	0.00542973019621836
8.910027372613774	0.019868407593209153
8.915452052145726	0.031208523624402556
8.920885860559808	0.03125
8.926328357253094	0.03125
8.931776738583014	0.03125
8.937232433179776	0.03125
8.942697393427085	0.031254798743425995
8.948172906602604	0.031285735022629935
8.953654235117632	0.03154632492667607
8.959140831562836	0.028894743270891338
8.964633750675215	0.02513916704618624
8.970134439250128	0.021775277593019653
8.975645221575311	0.023055789916484236
8.98116939208916	0.02556201456909169
8.986700550128125	0.03135755298517049
8.992237264099177	0.03169969874899747
8.997780964863724	0.03184551967473173
9.003333677596176	0.031744352058127576
9.008896783661973	0.03150431046791894
9.01446528194841	0.0313707385281104
9.020039241479084	0.031485143686148555
9.025619859665783	0.03020245238140306
9.031208719781894	0.023970226361857288
9.036807753890528	0.017927342559727742
9.042417857107525	0.017590395473197303
9.04803523032641	0.0182143919610893
9.053657957325822	0.02252484436094489
9.059286879046898	0.027042797386509766
9.064923161495384	0.03207251273307597
9.070568028693177	0.031966541000580585
9.076220602279399	0.03163597382955143
9.081877892185013	0.03142475150955194
9.08754068583153	0.03156530106476507
9.093210227288465	0.02916025863689182
9.09888831091582	0.024101951561054415
9.104576873784662	0.01835851203335845
9.110275113297485	0.014461442843569223
9.115979371121854	0.011882571348058365
9.12168939209092	0.014739759888420353
9.12740618117489	0.023281420254786557
9.133131096264218	0.0297122327420482
9.138864868424285	0.03183932488508512
9.144603446262472	0.031523088224333196
9.150347216554318	0.03142803491187339
9.156097121893977	0.03176629623038112
9.161854671795465	0.02816428587060742
9.167621962346159	0.023371606364692786
9.173400291921437	0.014652973563583627
9.17918614738746	0.011983423294435908
9.184977577720069	0.012602979284902541
9.190775487647121	0.018245842920884398
9.196581084181824	0.023587933935515008
9.202395199268754	0.030388519832892053
9.208215425769021	0.03180666825898795
9.214040793721889	0.03143691890146162
9.219872027230016	0.03161050176900698
9.225710244786898	0.027047396767797223
9.231557344075611	0.021718070773933878
9.237415452776435	0.01443414745378386
9.243283055610679	0.011139252969801772
9.249156330810298	0.010517676779507379
9.25503615087755	0.01524335882634128
9.26092380267657	0.025652583268525358
9.266820447550062	0.03141082488351706
9.272724535818769	0.03164463245880098
9.278634031152526	0.031414990793188935
9.284549736218326	0.03168158351858767
9.290473002944724	0.027594274870517625
9.296406019449616	0.026024966456912095
9.302351089216112	0.01675728373911637
9.308306101714464	0.011056278207106978
9.314267175235731	0.011396278347770083
9.32023517050873	0.01759320574169521
9.326211116579922	0.023601192973534607
9.332195022222205	0.031134010109416778
9.338184577651205	0.03161201407079824
9.34418067408878	0.03140439730403279
9.3501835792095	0.030038994767467696
9.356193666746258	0.023677103214957307
9.362212748097813	0.017853903437274145
9.368240391033973	0.0129791989475706
9.374272334394	0.009877993935632679
9.380300586189124	0.013418746756412376
9.386324919114212	0.023572248974879778
9.392345675227435	0.03096774456042368
9.398361978517382	0.03165874121752984
9.404374199860246	0.03139381194792853
9.410382068816427	0.03158756463977942
9.416384720842833	0.02689115072762438
9.422382779879797	0.025114717452533797
9.428376728678266	0.01605870998524054
9.434366266225185	0.01070958116485651
9.440351929982286	0.011621553442532693
9.446333804319362	0.018909796241091598
9.452311755692564	0.024575506595729983
9.458286317226152	0.03200163289229036
9.464257494529795	0.031437187254521194
9.47022465557904	0.03135929449680712
9.476188812729383	0.029024763240930194
9.482151129003	0.021012379060510983
9.48811296910272	0.01286440126282582
9.494075745475865	0.009812027083648821
9.500040646804408	0.007691884927216783
9.506008482510856	0.011036002428505425
9.511978327262891	0.023172103873248667
9.517951050313279	0.03080929214394284
9.523927395470347	0.031806189674523956
9.529907864106676	0.03138961607964269
9.5358936124249	0.03066146472595136
9.541885886986254	0.024993883564850557
9.547885284906608	0.0229929296340008
9.55389468896788	0.011382117998747176
9.559916808100672	0.009722311509417705
9.565951142427133	0.012611693147596786
9.57199331473748	0.020915173586073234
9.578043212957203	0.02749212864718964
9.584102219700851	0.03200215706101525
9.590172377288496	0.0314693635792825
9.596254172319064	0.03137086102180819
9.602344108273924	0.029449808365304208
9.608441912782807	0.020304105120965667
9.614550226649303	0.012610690790188372
9.620672558773492	0.008664225060661532
9.626812413089434	0.007736521573907409
9.632968399222182	0.0146346332938679
9.639137322200607	0.023780027374111685
9.645318930592573	0.03160912835162989
9.651512713302035	0.03151566998895594
9.657722923569336	0.03136311977490418
9.663952424909242	0.029589667484966553
9.670194036369434	0.021377946697305535
9.676450710668483	0.013590583295704834
9.682722566893986	0.01269646070824491
9.689014287944236	0.010021276236132259
9.695334963853814	0.017906144808856155
9.701681675612313	0.026754628457730058
9.708036044485473	0.03214423557737587
9.714381519204094	0.03146033429897444
9.720729406983866	0.03139800468240989
9.727078704188262	0.026897497267816105
9.733440470479755	0.02044074770580308
9.739817431937755	0.013464440629576349
9.746192299379617	0.014023497679143935
9.75256502525473	0.0198357923874173
9.75894088812333	0.026691895901872008
9.765312593341886	0.03153025531207856
9.771655508162391	0.03142037255973019
9.777991179544568	0.03131511955231566
9.784333071205364	0.031299787991052146
9.790682680424739	0.0245326903711572
9.79704607391979	0.015777906800940777
9.803427877282033	0.005521065507228834
9.809818038267672	0.00440395922658041
9.81620910925489	0.006897395895706084
9.822610527671204	0.017163303738365825
9.829025356582289	0.02406696382804499
9.835453625398412	0.031619281654670255
9.841889170833134	0.0312944091668916
9.848330071020241	0.03129121465851232
9.854775965214545	0.02339145617323194
9.861228763344652	0.01813198593367798
9.867687242916428	0.011012508718511964
9.874148403667673	0.016089602760816064
9.880612442341281	0.024289910287547636
9.887079305378625	0.030985418597145663
9.893548002769451	0.0352101714643072
9.900018371489761	0.03198308604892199
9.906491020445252	0.03165038394329406
9.912966624998708	0.031330876201531924
9.91944584915511	0.03126436955567822
9.925929305648504	0.02740878826854723
9.932417538588782	0.017440152096828178
9.938911012329498	0.012955387548199993
9.945410078980252	0.008345575307814365
9.95191481709996	0.017577004777101557
9.958424982271296	0.028069970079695278
9.964940776118016	0.035868378721518816
9.971462075214957	0.03718080730439878
9.97798708156474	0.03510652735864874
9.984513384658388	0.03444406402327182
9.991041299020749	0.032302774148457065
9.997103448709325	0.031505897315154
