0.0008296865709749866	0.30036185033049384
0.006222310909207917	0.3008185881875503
0.010714341733509937	0.3008173648477101
0.014955807287168416	0.3006320605629122
0.01910669406728603	0.30057472026020293
0.023248309694223413	0.3006569733080405
0.02743119473890225	0.3007715430796151
0.03168432243989665	0.30085269595917224
0.03601277524515254	0.3002044234590108
0.04036975517708313	0.30027437223149506
0.04471453748120742	0.3002819061818149
0.049050702792878084	0.3002796541579186
0.05337049648619309	0.30025764192327903
0.05767093422409069	0.3004114125144625
0.06195916448762687	0.30082006441697434
0.0662382474579406	0.3008161588022805
0.07050938021714688	0.30040696518442894
0.07477030801029183	0.300012384821771
0.07902189427258705	0.2997840117407051
0.08327135321289164	0.30009128101818683
0.08751915131713944	0.3001417462771093
0.09176550362187465	0.29999973803455116
0.09601043890464563	0.30000841141525747
0.10025391895867741	0.3001847448144428
0.10449589607269737	0.3002625646380931
0.10873633752232428	0.3002815788910885
0.11297516770763931	0.3002813558469817
0.11721222678641448	0.30027231584462716
0.12144693632248413	0.30024862063050156
0.12567530606468796	0.30021097407713127
0.12989636226888354	0.3008072166286971
0.1341113129076993	0.3007805059242304
0.13832127008194345	0.30080930818304646
0.1425272350850916	0.2999006822815763
0.14673009392993355	0.2996815766124332
0.15093054289063756	0.299721144473227
0.1551289949551566	0.3001280595429675
0.15932584677124334	0.3001733804674916
0.1635217290325265	0.30010244331738917
0.16771773992445618	0.30018276946051103
0.1719144496985477	0.30025732462102345
0.1761121988442775	0.30027846892260196
0.1803112037427914	0.3002788730282375
0.1845115742859306	0.3002727814745786
0.18871333503512516	0.30025346159231614
0.19291644699249724	0.3002221889354807
0.197120826526904	0.30087538767051475
0.20132598660363107	0.30085317600383016
0.20552951530073701	0.3004355801273594
0.20973074696381577	0.30079221788538746
0.21393029457122184	0.300839650964627
0.21812868221392356	0.29956311393168983
0.22232634857968586	0.29981830606781346
0.22652365390273663	0.30015808551801604
0.23072087668208344	0.3001902150244309
0.23491822104570348	0.3001417689947815
0.23911583767463337	0.30023902072835934
0.2433138185677323	0.3002736094446519
0.24751223126010716	0.3002774993811374
0.25171112929280093	0.30027579746113214
0.2559105658707175	0.3002619455000014
0.2601106020669217	0.30023680068947084
0.2643112867683308	0.300199400746216
0.2685126217382336	0.3008604573298393
0.27271466869743033	0.3005298639554845
0.2769174952425716	0.30028733024800286
0.281120983570326	0.3006221967940921
0.28532416328789123	0.30084161502745205
0.28952705107925214	0.3008722475864625
0.2937295951483066	0.2998744228060562
0.29793111098645186	0.3001804640506018
0.3021316736284125	0.3002035091009231
0.3063312395524184	0.3002027084332499
0.31052975136106464	0.30026148117882456
0.3147275562630775	0.30027709640037925
0.3189253055757321	0.3002769918357429
0.3231236866664531	0.3002700466161727
0.3273231264889695	0.30025119046129783
0.33152477945207975	0.3002214929397438
0.33572995906762443	0.3008316039990595
0.3399386986564127	0.3008076992152276
0.3441480320476761	0.30020506418339316
0.34835838021388327	0.30031089141266726
0.35257049047776645	0.3005753481455365
0.3567853498231324	0.3007633461866906
0.36100397056744554	0.3008538723746832
0.36522604614478044	0.2999345021659569
0.36945024780025726	0.30020074907485816
0.37367651049923684	0.3002147803367841
0.3779040164112927	0.3002374209180494
0.3821345642463575	0.3002719390967656
0.3863700821300361	0.3002760946212916
0.39061259474376	0.300274929087708
0.39486355153353064	0.30026210369186773
0.3991200366845217	0.3002383251351488
0.40337659467481424	0.3002029329834636
0.4076360542168166	0.3008524371233535
0.4119013010862979	0.3005153563114871
0.41617522894003495	0.30021718709078443
0.42046067629630296	0.3004752104006839
0.4247598132330817	0.30067601510277925
0.4290712796655558	0.30081586398150745
0.43339301359287646	0.3008595594019458
0.4377271833920641	0.30009717439998007
0.442071950419457	0.30022386465263573
0.44642502095866765	0.30022456704367334
0.4507895357452603	0.30026619633845575
0.4551683254388579	0.3002763851179933
0.4595638881231339	0.3002757027688013
0.4639783829807013	0.30026547395550823
0.4684132291893601	0.3002431203233364
0.4728657241688533	0.3002086228516754
0.47732658541783024	0.30087253286044624
0.4817985074591294	0.3005323863890928
0.4862838303207709	0.3002474049639272
0.4907845417151502	0.3005105426992483
0.4953023115424235	0.3007014561714237
0.4998385053189783	0.3008353601301988
0.5043941813885063	0.3008747089429255
0.5089701485412139	0.30013489609256655
0.5135665857840666	0.30022999771080205
0.5181809998184104	0.30024437595513914
0.5228112687287724	0.3002741224317479
0.5274580386139941	0.3002761436626369
0.5321218181653983	0.3002716911839857
0.5368029253113187	0.30025352372649844
0.5415014300515126	0.30022258889403486
0.5462167116294427	0.3008669680114288
0.550946055181883	0.30068214429930823
0.5556892210007509	0.3002268959038268
0.5604459506725015	0.3004951182242884
0.5652156550536622	0.3006887517711392
0.5699970645334688	0.3008231418819667
0.5747859870192266	0.3008646397531126
0.5795747671213404	0.3001330742961111
0.5843634534393957	0.30023615334130216
0.5891516581253738	0.30025291912331864
0.5939367029799332	0.30027548069122884
0.5987166206810857	0.30027577346500794
0.6034916493843396	0.3002685953656167
0.6082625138646917	0.3002472654175735
0.6130302296647804	0.30021271865404603
0.6177960267942862	0.30086786500006796
0.6225611734188532	0.30049682204817585
0.627326745642874	0.30028506398014554
0.6320934160157395	0.3005245053991036
0.6368615253169161	0.3006992254605611
0.641629294286699	0.3008236392927366
0.6463967846538365	0.30086325216949394
0.6511626714427248	0.30017058927543927
0.655924419213695	0.3002395317109889
0.6606831927055685	0.30026124156038814
0.6654398648268324	0.30027576092891717
0.6701949552494693	0.30027514065085653
0.674948762499885	0.300265240351603
0.6797012929505188	0.30024176801174024
0.684451971659088	0.30020493875835363
0.6891997882620063	0.3007915116189362
0.6939447255161615	0.30036176814602533
0.698686421861748	0.3002989664886365
0.7034249776648178	0.30052460077706683
0.7081606425706153	0.30069419605378866
0.7128938196549064	0.3008193654165839
0.7176250236013336	0.3008604544464589
0.7223548132324803	0.30018128797295096
0.7270837205425543	0.3002417949922017
0.7318121937018531	0.30026277532493134
0.7365405625078838	0.3002753125589188
0.7412686945381615	0.3002746253746266
0.7459948447141205	0.3002645390769222
0.7507194171763943	0.30024129204160327
0.7554427816338832	0.30020502357002565
0.7601652076236255	0.30080575983026736
0.7648868699142607	0.30039825952050786
0.7696075586571985	0.3002774533977931
0.7743255188526731	0.3005054083874467
0.7790404713137278	0.3006806942480209
0.7837527979408039	0.300812739331445
0.7884628316911401	0.30085667641228986
0.7931708290088734	0.3001612343979428
0.7978769987946204	0.300240738108061
0.8025815242059282	0.30025739809063207
0.8072845775818877	0.30027454041179236
0.8119863045479326	0.30027433564084216
0.8166866385739295	0.3002672300960905
0.8213851924576314	0.30024701057795333
0.8260822077819847	0.3002145601831181
0.8307779079059272	0.30080882933281855
0.8354724949768128	0.30060984231085247
0.840166146238149	0.3002222961288352
0.8448589803676315	0.30045251069462653
0.8495508609942765	0.30064208609850407
0.8542414519261359	0.3007869437346486
0.8589310490869275	0.30086236592568566
0.8636198885669948	0.30007087685129796
0.8683081506841297	0.3002368491476852
0.8729959668219414	0.3002421090087742
0.8776830648817597	0.3002704809679247
0.8823673967679369	0.3002735999480387
0.8870488060058543	0.3002716181342013
0.8917277500354582	0.3002578969272344
0.896404633770851	0.3002323370822003
0.9010797987078022	0.3008508431944786
0.9057535220952131	0.30083163121312284
0.9104260921264135	0.30029438033395794
0.9150977601777892	0.3003415490548743
0.9197687349771413	0.30055701066762286
0.9244391164642716	0.3007247008393963
0.9291085547061352	0.3008525763858912
0.9337765357687439	0.3008729290316552
0.9384432624893819	0.30016450370766895
0.9431086585049406	0.3002411034987357
0.9477728144600508	0.3002509023295782
0.9524358688531567	0.30027204012263936
0.9570979467679465	0.30027253121855896
0.961759182767821	0.300269124176847
0.966419747525724	0.30025354790344877
0.9710798758374108	0.30022662602248695
0.9757398917448287	0.300868277711594
0.98040022718547	0.30084648369055544
0.9850614312689912	0.3002256581681764
0.98972369710529	0.3003948435242917
0.9943848009709924	0.30060017429544633
0.9990437648865248	0.3007598266274498
1.00370114931281	0.3008601092043739
1.0083575949440176	0.30086434575950805
1.0130136451379623	0.30017348199801813
1.0176687673932474	0.30024090393341296
1.0223221241334188	0.3002487923332856
1.026974807884307	0.3002706871442299
1.0316279667377044	0.3002715354570692
1.0362827835157553	0.30026919370568844
1.04094045136263	0.3002556129249962
1.0456018201419741	0.3002308554338427
1.0502659252587268	0.3008207191486976
1.0549325269528949	0.30086609052308194
1.0596029032984806	0.30040360170865654
1.0642783699578182	0.30038583484835585
1.068959477868844	0.30059525676598003
1.0736431187558455	0.3007589973181219
1.078327876408863	0.3008529027424919
1.0830153070509019	0.3008747483575953
1.08770686586455	0.30013278742582133
1.0924032160080905	0.30024186912046325
1.0971015864531508	0.3002429920707874
1.1018023204207865	0.30026710474169943
1.1065067934848385	0.30027030324711157
1.1112165083347856	0.3002696413505492
1.1159325590122025	0.30026043199447183
1.1206562058278553	0.300239399730478
1.1253883342291364	0.30020687285016984
1.1301281311095064	0.30084101783308187
1.1348742450597638	0.3006282568145822
1.1396277987580339	0.3003581172969161
1.1443896405475942	0.3005775282876422
1.1491607256069758	0.3007501719624496
1.153941680124309	0.3008411564994166
1.1587311514939225	0.30086290180120806
1.1635257747649452	0.30007027012522003
1.1683267302745213	0.3002353913309536
1.173135021307288	0.3002435944482427
1.1779512222817543	0.3002621533310093
1.182773729881888	0.3002692019493287
1.1876010362512681	0.300268896955884
1.1924340111550822	0.30026343105502123
1.1972744782788842	0.30024539062229055
1.202123209350236	0.30021588724460013
1.206981002730827	0.3008219381143025
1.211848757659452	0.30075567884266874
1.2167272689247517	0.30036112066419174
1.2216167872030383	0.30058492824032185
1.2265155283675648	0.30076062725568403
1.231422080477182	0.3008527843557074
1.23633728316316	0.30086539391005707
1.2412619769734698	0.3000374077374183
1.2461968641665677	0.300230501751306
1.251142510993171	0.3002449612407402
1.2560996306007064	0.30025952965380676
1.261068262111319	0.3002683461914538
1.2660451766557435	0.3002680510909271
1.2710292519658721	0.30026374272432665
1.276021278417079	0.30024663297264176
1.2810219901684892	0.30021763192384276
1.2860319699047826	0.30081110786404036
1.2910519083870953	0.30077321307634985
1.2960821189304126	0.30041888439538256
1.3011208535587024	0.3006349484039808
1.3061667836078628	0.3008026003378045
1.3112205537195782	0.30086980546977315
1.3162828599672278	0.3008745380288116
1.3213544305352143	0.3000769938318068
1.3264359721813939	0.3002389509349941
1.3315281679130901	0.3002461483510015
1.3366316628302324	0.3002619968204232
1.3417464085349542	0.3002667602068051
1.3468694981583127	0.3002669667925906
1.352001294804989	0.3002612657212137
1.3571424013833215	0.30024211411949586
1.362293411503328	0.3008739143538218
1.3674549127528526	0.30085264182044913
1.3726274837634296	0.3006692876997534
1.3778116881765892	0.3005276205682013
1.3830073791536435	0.3007223150940658
1.3882110310547806	0.30087027896736557
1.3934224259801815	0.3008750646954687
1.3986421455333038	0.29985789432761634
1.4038707535049244	0.3001671331949819
1.4091087926518882	0.30024819205822684
1.4143565383869943	0.30025002028349995
1.419612728160718	0.30026612139038444
1.4248757350600953	0.30026650044122066
1.430146134187457	0.300265602846914
1.4354246918232147	0.3002540739461654
1.4407121055829926	0.3002293251876781
1.4460090413445021	0.30078964171123423
1.451316133168753	0.30084404716738994
1.4566339802453176	0.30046103329897195
1.4619628040592474	0.3006699545031526
1.4673008231809501	0.30083073162461355
1.472646475696476	0.3008561607742514
1.478000404165318	0.3004921995436259
1.4833632397148204	0.3000649742507497
1.4887355988879534	0.3002404833841098
1.49411808059234	0.30025120971833463
1.499511263035101	0.30026225505710386
1.5049156992337727	0.3002658494165817
1.510331906564686	0.3002656780443574
1.5157598817063689	0.30025881291036777
1.5211969582839644	0.30023761341052857
1.5266415621182845	0.30087837292799047
1.532094215889962	0.3008542915401515
1.537555422334445	0.30051859019974175
1.5430256637850768	0.3006580280613319
1.5485054019185973	0.30082042505359624
1.553994674388436	0.30087438448361514
1.5594915710759674	0.30086941265679734
1.5649962948956635	0.30002129888311463
1.5705093858650065	0.30023372265337617
1.57603134446225	0.30025902546002015
1.5815625255152277	0.30026254716653766
1.5871033113883988	0.30026528499756905
1.5926541828947764	0.3002652175601267
1.598215001197538	0.30025880436090574
1.6037830214942657	0.3002375011569611
1.6093587983633084	0.30085714815913417
1.6149428719486507	0.30083756284708196
1.6205357665313653	0.30048980945916076
1.626137989019692	0.30068887800177135
1.6317500274795025	0.30084202965563095
1.6373723497638104	0.30086622659166806
1.6430054022625895	0.3004301667685712
1.6486495985227687	0.30007285523396515
1.6543052653786177	0.3002459020685208
1.6599722647847073	0.30027213810056513
1.6656481642446046	0.3002763620592568
1.6713313415977533	0.3002649307114878
1.6770222023813683	0.3002640704619436
1.6827211428495712	0.3002535937070089
1.688428550518862	0.300227885227439
1.694144804623274	0.3002046232197321
1.6998702764560243	0.30036213947717916
1.705605329581959	0.3005842430394337
1.7113503199110869	0.30076109493765535
1.7171053033491188	0.3008533506053805
1.7228689081007205	0.30086008517926627
1.7286411799591392	0.29987007369470214
1.734422478753543	0.3001791364511651
1.7402131500148956	0.3002488803182152
1.7460131420679101	0.3002490842634763
1.7518205750974132	0.30022214857494794
1.7576356548907994	0.30016646650587403
1.7634588086175922	0.30013883032708494
1.7692904467149984	0.2999785172620978
1.7751309622562104	0.2997166452562331
1.7809807304433842	0.29981545681685273
1.7868401082355774	0.29990234430043095
1.7927094341191359	0.29995323975111376
1.7985890280247552	0.29996068764997974
1.804479191393135	0.29996029215830905
1.8103802073868522	0.2999544681606773
1.816291759080562	0.2999381421233219
1.8222106579765276	0.29991269600012727
1.8281364282376336	0.29987975379439835
1.8340694433261486	0.2998409757937541
1.8400100712893857	0.29977817719182365
1.8459586742420513	0.2997067204581734
1.851915607817264	0.2996366209309857
1.8578812206004929	0.2995722353084203
1.8638558535600764	0.2995817201745726
1.8698398394861968	0.29976906018810423
1.8758335024478359	0.2998929728026525
1.881837045090502	0.3000591618591077
1.8878498182461643	0.3001770444659581
1.8938703259892016	0.3008741593728854
1.8998989175564198	0.3008540774268916
1.905935933135558	0.3008481564734992
1.9119816537307806	0.30069966267482945
1.9180363166468104	0.3005640574171889
1.924100274056161	0.30057523931788604
1.9301738723053117	0.30056356040399385
1.9362574495295506	0.3004898618468312
1.942351107148285	0.3003709361826554
1.9484537654870566	0.300241638117766
1.9545650949258664	0.3002082815946867
1.960685331099517	0.30017709373432755
1.9668146985770827	0.3001512386843254
1.9729534113565221	0.3001411113776258
1.979101673476147	0.3001531757003824
1.9852596797398774	0.3001736131306767
1.9914276165493996	0.3002002017724611
1.9976051594264	0.30026417651673687
2.003789603172376	0.30040454843062087
2.0099810332725547	0.30052749229192727
2.016179728024886	0.30062735765718906
2.0223859674868176	0.3007090134261875
2.0286000336204424	0.3007777719177522
2.034822210087222	0.300836154430457
2.0410527816643396	0.3008697817196609
2.047292033268296	0.3008695275989544
2.0535402485876366	0.29956471878289476
2.059797708345043	0.3008574241484897
2.0660646882286993	0.3008737740931845
2.0723411988344815	0.3008638130839723
2.078626023171018	0.3007184105154049
2.0849193414323692	0.3004530002573563
2.0912213650301172	0.3004497608705528
2.097532280475487	0.30044051616523276
2.1038522502258945	0.3003604576353037
2.1101814141672977	0.30026983586309164
2.1165198916881565	0.3002901504696751
2.1228677842732604	0.3003930334957081
2.1292249594393455	0.30052148612236496
2.1355901386323892	0.300646622930384
2.1419627826014986	0.30075564695689655
2.148343034637845	0.3008448242997429
2.1547310434830735	0.3008752542954118
2.161126964945752	0.30086860614347977
2.1675309631394595	0.29974298259460175
2.1739432113070034	0.2996155258502304
2.180363892205749	0.3008602650370061
2.186793198037223	0.3008756392765063
2.1932313299111357	0.3007960903067858
2.1996784968418197	0.30058255862243094
2.2061348674977084	0.3007060529029879
2.212600138214649	0.3007500725057345
2.219073069902728	0.3007882838025013
2.225553904958962	0.3008433925389157
2.2320428608002096	0.30088296595637454
2.2385401277887125	0.30088072547141836
2.2450458678222662	0.2998142077716114
2.2515602136824007	0.29973739557240897
2.2580832692174133	0.2996184804090619
2.264615110585464	0.2996882881638722
2.2711555725110535	0.3008713368062576
2.2777033259399864	0.3007745332701089
2.284257653213859	0.30079030258681666
2.290818603374706	0.3008803695238643
2.2973862299556402	0.3003948147561655
2.3039605880392835	0.2996850425695387
2.310541730415666	0.29968316474203643
2.3171297370638735	0.2996490551730119
2.3237248821092793	0.2995517604497887
2.330322130656015	0.29984570163914426
2.33688847546062	0.300866160196857
2.343407482384998	0.3006795715678663
2.3498531350277756	0.30084843250980337
2.356140775334877	0.30085388238160726
2.362345288582838	0.2995794420730197
2.368503988857079	0.29957957713473554
2.3746157539461574	0.29954865534529496
2.3804583478462704	0.29972593032930017
2.3861274279594666	0.3000133378558133
2.3917119060833594	0.3007915117951454
2.3972530810148758	0.3008504913092809
2.402765786514495	0.30086053005691255
2.4081544207509	0.29977040325085635
2.4134691344547203	0.29947288005032197
2.418743235329138	0.29947058318559633
2.423994291176203	0.299484201645529
2.4291934834550633	0.2997940781377709
2.4342622661967654	0.30007901843401663
2.43921043628168	0.3007963905038633
2.444104679432294	0.30087192531202517
2.448976551790352	0.3008518053368436
2.4538402456492796	0.3000201166615034
2.4586303080687326	0.2996830010943675
2.463369526574708	0.2994223925776761
2.4680855345293615	0.2994208340858618
2.47279461012005	0.2996917891273694
2.477506751109643	0.299963975157787
2.4821638371292614	0.3003676276923305
2.486750446478504	0.30081939933120244
2.491291472039068	0.3008414983487459
2.4958204319544586	0.300598701678124
2.5003494959085626	0.3000543616605069
2.5048667317582916	0.29971756323328724
2.509333163625692	0.2994177804639493
2.5137785376739554	0.2994194182763806
2.5182174774545434	0.2996847292044649
2.5226637282935402	0.3000076202697144
2.5271256666687787	0.30053500233912545
2.5315833946052004	0.3008782309852547
2.536019855290451	0.300871266358814
2.5404423656315744	0.3008743671875024
2.5448593919977456	0.3008808123409436
2.5492703145911397	0.3008215322127315
2.553670744098195	0.3008573011554839
2.5580409520371488	0.3008648476083116
2.5624021533446144	0.29958107317512467
2.5667633955938727	0.29988733625084496
2.571136036931502	0.3003189948717
2.575528623443753	0.3008006350105778
2.579939271502788	0.30084693923954225
2.5843381647372485	0.3008794675293027
2.5887344630995757	0.30087805490394426
2.5931279647768695	0.3007515284772571
2.5975181009036183	0.3008145438134571
2.601895854044015	0.3008620356400154
2.6062571760513324	0.3008733336997283
2.6106165043692724	0.29979595512902046
2.614981393977982	0.3001387848725471
2.6193618787715285	0.30079300230745254
2.623763136390928	0.3008664191475689
2.628179653562762	0.3008750404793209
2.6325917310778104	0.30088883242442516
2.6370033075061947	0.3007673159733529
2.641412330995746	0.30075683876394066
2.6458185577573214	0.3008706221978106
2.6502029712255	0.30087654454041196
2.65458185890004	0.299691444239202
2.6589625447374052	0.30001373850747426
2.663355450081967	0.3005873844949372
2.667767848815413	0.3008246942284659
2.6722004790783176	0.3008728592837669
2.67663578936827	0.30087257021050035
2.681069166414339	0.300812086012122
2.6855004497025936	0.3007179764323669
2.6899280316225984	0.3008242622079337
2.69434101791019	0.3008738857657455
2.698742373507217	0.3008704628790763
2.7031425252185	0.29988691556457425
2.707551136446153	0.30029408529041896
2.7119767501266137	0.30079955318087304
2.7164228075960484	0.30084187721071326
2.72088035855875	0.3008684227680991
2.7253334473837247	0.30086693707368534
2.7297847486001046	0.3007306531175357
2.7342311156635333	0.3007876570955434
2.7386706866817043	0.30086511474369515
2.7430918858176603	0.30087635659027234
2.7475081697771673	0.2998280944497191
2.75192877253362	0.3001597681853235
2.7563635667222615	0.3008232721210794
2.7608185110574595	0.3008417826060097
2.7652920354347086	0.30088600373262914
2.769758631325321	0.30086411981489175
2.774222349182991	0.3007774279292197
2.778679649220988	0.30076733367576564
2.783133687484066	0.30087488591790734
2.7875683501273167	0.3008523457285252
2.791994678770006	0.299768928481345
2.7964212602607796	0.30008509400352434
2.8008592312984364	0.30069965861001596
2.8053155454344476	0.3008783485482649
2.809790754263646	0.3008820584782375
2.8142671896386258	0.300882137706212
2.8187379549494507	0.30082691223253283
2.823204019138575	0.30075955315893366
2.827664187004358	0.3008566128936591
2.832109723691509	0.3008778900937346
2.8365437844175534	0.29972735408147594
2.8409742245967537	0.30001679696712585
2.8454130628034884	0.3005668947220945
2.849868199650949	0.30081932341909906
2.8543419496846045	0.30083235627630717
2.858822167197775	0.300874612568696
2.8632958718204202	0.3008712653904467
2.8677671285163964	0.3007619880735466
2.8722316249365942	0.3008431450621176
2.876687429548824	0.30086333650942515
2.8811274452207307	0.3001966896018476
2.8855620362426477	0.2999580190139179
2.890002312058085	0.3004213180037936
2.8944570060862556	0.3008528160844888
2.8989303952754986	0.30086696436553656
2.903416657382676	0.3008867980441408
2.9078953981000435	0.3008621817093431
2.9123719781536845	0.30079659934661485
2.916841700806815	0.30083951029853007
2.9213071026095516	0.3008791714558962
2.925752661116441	0.30061736869454503
2.9301913605780743	0.29991570010833357
2.9346330107173992	0.3002981174367987
2.9390871011077504	0.30079750760991597
2.94355931913689	0.30087183374514326
2.9480486867629616	0.30087172513264854
2.9525314763313366	0.300871145099561
2.9570118537268644	0.3008248011062365
2.9614884490725	0.30083333656356653
2.9659617604791624	0.3008702710237585
2.970417197440278	0.30087543554159374
2.9748644188374165	0.29988963763885573
2.979312054822345	0.30020792875218
2.9837703064126577	0.30088111981735566
2.9882454413713884	0.3008595305786259
2.9927378038146677	0.30083360529739267
2.997229325622467	0.30088528513509266
3.001716606495518	0.30085506886371655
3.006201131878525	0.30083682313875565
3.010680785721964	0.3008715566764783
3.0151457555415195	0.3008765563972945
3.0196013592619306	0.29987848587750277
3.024055010032014	0.30018553594348996
3.0285175457939153	0.3008434709762534
3.032995767455182	0.30086153742483235
3.0374912880081046	0.3008778060048416
3.041991153598962	0.30088700878491104
3.0464869454605874	0.30087902808358463
3.0509829521926526	0.300836210624302
3.055473894849448	0.3008679823072928
3.0599529865875534	0.30087284527409025
3.064420143733971	0.2998689181757001
3.068884831306939	0.30016702342546125
3.073356634676244	0.30080340950768714
3.077842872941378	0.3008588132699391
3.0823458979522487	0.30086940949368723
3.0868555244334943	0.3008533624046447
3.0913609291401847	0.3008864714329558
3.0958666035258973	0.3008406736195211
3.1003675289755157	0.3008702676219025
3.104860317041747	0.300874938057525
3.109339030304565	0.29986173767290514
3.1138145894455627	0.3001471188914944
3.1182958526609847	0.30076013058138923
3.1227905824581237	0.3008509568942378
3.1273023605186183	0.3008198930110784
3.1318257619184435	0.3008755058257272
3.13634477615507	0.30087589149575655
3.1408642232866146	0.3008484437149791
3.14537917876157	0.30087467144261426
3.149887156212172	0.30087914893136336
3.1543788302644957	0.29986040064362723
3.1588669361592157	0.3001363170764051
3.163359145968526	0.3007331382692378
3.1678636413594226	0.30083007376377774
3.1723847293640084	0.30085191607784767
3.1769193304451386	0.30080858986018943
3.1814492078415295	0.30088608528652516
3.185978987510567	0.30085916802526314
3.190507428546751	0.3008747359850419
3.195032006215871	0.3008790323783246
3.1995383170797043	0.29985862980502326
3.2040404052377576	0.3001237087615452
3.2085452600440307	0.3007014350633367
3.2130614368163517	0.30080457950229905
3.21759386846051	0.30087796528451516
3.2221414739800953	0.30083616792545226
3.2266832635768856	0.3008831975442672
3.23122437593154	0.3008767433096482
3.2357630236560095	0.30087171656936174
3.2402988272378246	0.3004306983367959
3.244814998659278	0.2998629640674189
3.249326271776294	0.30012256443687185
3.2538395707571954	0.30068896477581797
3.258363284552393	0.300793814490386
3.2629026795008205	0.30086632914003064
3.267457678056958	0.30084364081479387
3.272007971040503	0.30088489899821214
3.276557633407124	0.30088100528479855
3.2811053424903296	0.30087813515598794
3.2856501376799887	0.300079295684876
3.290175647561483	0.2998696300935226
3.2946950441942526	0.30012673679294155
3.2992161676309912	0.30068894833243737
3.3037467471307123	0.3007933870145261
3.3082922065127627	0.3008703566895314
3.312852476699178	0.30084839031461075
3.317407016004885	0.30087975078928575
3.3219608410063137	0.3008814604643016
3.3265116425850465	0.30087836550856345
3.3310598217688367	0.29973768634662756
3.335589551327581	0.29987888395179996
3.340112546502632	0.30013570499406134
3.3446372510605364	0.30069886428684284
3.3491708098319277	0.30080051819666825
3.3537187420873997	0.3008605528805711
3.358281250902466	0.300839491084018
3.3628388326130416	0.30035796661042186
3.367395512452687	0.3008441401885822
3.371948174118143	0.3006648226974944
3.3764980976703627	0.29976025945263374
3.3810292399610677	0.2998919654611867
3.3855531037650004	0.30015259873516154
3.3900785829478726	0.300727883104774
3.3946122838832418	0.3008234961301627
3.3991597916574774	0.30086567771232753
3.4037213111507163	0.30082452127164294
3.4082770640958664	0.30024423709777104
3.4128321395153667	0.300153346680251
3.4173834502733853	0.29998296595466595
3.421932220609926	0.2997829158583683
3.42646254435745	0.2999121717855031
3.430985535603856	0.3001718991380091
3.4355102631693253	0.3007613972153178
3.4400429093567197	0.3008498811166738
3.444589032425035	0.30084204488469907
3.449148744804471	0.3007999086070488
3.453701964982905	0.3002203772167543
3.458254458084731	0.29999859362677805
3.4628017034347613	0.2998325459028049
3.467346502612672	0.2998097497000984
3.4718719819618524	0.2999539924483672
3.476390377702421	0.3001986558911014
3.4809108587190116	0.3008101212076545
3.4854390718988135	0.300871718733363
3.4899805129754684	0.30081034504047227
3.4945351399466023	0.30076516776003087
3.499082212690763	0.3002091720167419
3.503629062582228	0.29999022295452116
3.5081710216535154	0.2998364751494117
3.512710816571366	0.2998363020525608
3.5172309143478246	0.2999965598140776
3.521744478112666	0.3002423371459668
3.5262605218917256	0.3008595506556878
3.5307843178738008	0.3008772953537536
3.5353208717108053	0.30085526789514766
3.539868512118754	0.30071042178761404
3.5444090709811205	0.30018899274087524
3.5489496620676912	0.29996731455677944
3.5534842386663295	0.2998302109781121
3.5580164322234	0.29985237847859464
3.562528702320542	0.30002175913306667
3.5670352340483795	0.30026062144155885
3.5715447557845805	0.30080280861826525
3.5760620863100585	0.3008586474773056
3.5805918743867418	0.3008771319586849
3.585130781863731	0.3008749926085093
3.5896638242930763	0.3008684643768994
3.5941988285511557	0.3008111079327173
3.598734954350956	0.30052472424568927
3.6032748374114787	0.30018951799413235
3.6078055883798745	0.3001006695279012
3.61234704001314	0.3000964578146432
3.6169172981701605	0.3001699436244842
3.6215251778164954	0.30039884513453635
3.62614528448925	0.30074689637368285
3.6307777010735753	0.3008570025578216
3.6354234239004057	0.30086777721373975
3.640082614914041	0.2972470583020324
3.6447484526809433	0.3008666642299935
3.6494220900575463	0.30087360467731805
3.6541045431135353	0.3007042611680017
3.658796941609673	0.30040767990602063
3.6635006256037097	0.30017417370470295
3.668217512442884	0.30006728095965607
3.6729500762768206	0.2999594417866028
3.677697863122932	0.29989440743607143
3.6824535363628548	0.2999360663580212
3.687217906972812	0.30005770591330677
3.691992013356728	0.3001895977806428
3.6967772075771825	0.3005822128741361
3.701574959819658	0.30081868649889804
3.7063844212336288	0.300875824983554
3.711200349042792	0.3004802960492391
3.716023782752319	0.3008734047743322
3.7208559858938397	0.3008425789421863
3.7256983689438328	0.3006433316747596
3.7305525826221175	0.3003242242740233
3.7354206271821977	0.3001524030726307
3.740303950760233	0.30004910124369455
3.7451975308406795	0.2999581526635296
3.7500988892641627	0.29995916208999635
3.7550089940606437	0.30006542250028057
3.759929088541509	0.30019090045405283
3.7648607898771407	0.30059134464942683
3.7698048501931836	0.3008311463663792
3.7747557261090856	0.30082745166375646
3.779713728418353	0.3008626751550493
3.7846795650591276	0.30085965476108945
3.7896547707510924	0.3008244767680998
3.7946411225970693	0.30060611719993213
3.7996407122981037	0.30025318076755225
3.804655231434127	0.300131813825992
3.8096817027917043	0.3000305400813607
3.814715754052899	0.2999538108341258
3.8197584224724186	0.3000341561743819
3.8248110460046125	0.3001576104388448
3.8298753619750654	0.30048698877633045
3.834952327854261	0.300873618978774
3.840036713058815	0.30085554229640377
3.845127997125254	0.2994148222066034
3.8502271722538084	0.3008656479313302
3.8553361327761295	0.300845994541185
3.8604569131079365	0.30062737461067035
3.865591951238265	0.3002675500290488
3.870742927339821	0.30013234843643566
3.8759050120235092	0.30003019951697796
3.881075234353414	0.29997759063788787
3.886254886042844	0.30008007903359846
3.8914456455814017	0.30021011931374203
3.8966494483668352	0.3006983992603876
3.9018659959462085	0.3008516380878169
3.907088813222879	0.30087306214017967
3.9123188447853305	0.30086532155748114
3.917558270133736	0.300863175004584
3.9228092603458737	0.30073072498909686
3.9280744428921515	0.30041345088981863
3.9333562515348373	0.300166917927013
3.9386528031580816	0.30005931942710773
3.943957596344385	0.2999771561659751
3.9492720340300393	0.30007973934784976
3.9545979722923157	0.30021767362692764
3.9599374567169034	0.3007472055554357
3.965289655115704	0.300859716027227
3.9706482746501783	0.30087447822130103
3.976014364816453	0.30084043367092833
3.9813904050791775	0.3008745820245878
3.9867789261376925	0.30068143201613806
3.992183004818937	0.3003088927211355
3.9976046432790056	0.30013430788551737
4.0030371711347925	0.3000275304350805
4.008478632314502	0.30002696527952494
4.013930799240968	0.3001635512027214
4.019395994418708	0.3005964169291201
4.024875134448891	0.3007876328264722
4.030360705980836	0.30082551899888044
4.035853591834404	0.3008324033716448
4.041355565810373	0.30083856724406144
4.046869505841795	0.30075087626661146
4.052398695302291	0.3004059546278679
4.05794545331969	0.30015534135929844
4.063503625076234	0.30004239027576535
4.069070709330188	0.3000359000904531
4.074648688208439	0.30018295735891715
4.080240048366648	0.3006768835401266
4.085845274405859	0.30085351234271557
4.091456904546378	0.300839169592142
4.0970756538302755	0.3008669229896947
4.102704276050664	0.30085610885152586
4.108346039823486	0.30069057133121707
4.114004793771375	0.30027966944293294
4.119682828102009	0.30011798035962045
4.125370442136271	0.30000941860291536
4.13106820392514	0.3001140013301977
4.136778663693799	0.30044291915206
4.142504352770647	0.3007989650037224
4.148242709275924	0.30083637141235864
4.153986924533054	0.30087522174930686
4.159730030558675	0.3008774616990879
4.16546602846248	0.3007893799888793
4.171191290537589	0.30043186126981514
4.176910515226598	0.3001541116486706
4.182589181508815	0.300035174255683
4.188245380287988	0.3000915715050955
4.193898664728837	0.30034965564625
4.199557911808837	0.3008679578046014
4.205231007723639	0.3008700992743435
4.210919261580848	0.29812061633715575
4.2165940811575355	0.30085108163860386
4.222258970770355	0.3008412373825337
4.227913811447227	0.30051796097541306
4.233561471001642	0.3001778492578055
4.239179606790015	0.30005488640091565
4.244770712306293	0.3000826410518793
4.250355682690653	0.3002957765611115
4.255946395691027	0.30083548887929934
4.261548270515754	0.30085422546912055
4.267164570928822	0.29596629084560294
4.272773770763911	0.3008690349794302
4.278371323381111	0.30084778312881316
4.283961316551608	0.30058155668223296
4.28954368136705	0.3001947647615474
4.2951081541765666	0.3000685015931251
4.300642320754567	0.3000772561831857
4.30616785473574	0.3002593079135878
4.311698462557077	0.30081185928508497
4.317238694876861	0.3008309971622737
4.322793522144944	0.297134595223623
4.328350419238686	0.30082873642075486
4.333895312652553	0.30084142579965406
4.339439072343942	0.30063116989046673
4.344976434342691	0.30020934878392935
4.350512369454169	0.3000801373790388
4.356016803029554	0.30006298830931083
4.3615102493475355	0.3002120730627858
4.367007360433325	0.30076408037929986
4.372514681800914	0.3008711514312876
4.378038057534042	0.3002309289677571
4.383579005174071	0.3008366106472054
4.389112778563728	0.3008463552150021
4.394646965085623	0.30074418866279296
4.4001899747007105	0.30033627905069044
4.405744289796855	0.3001190234631879
4.411306202942145	0.2999998499315848
4.416859321910858	0.3001414095461533
4.422413285995639	0.3005476878300976
4.427978257495225	0.30085867201368055
4.433560903894528	0.30085362297173573
4.4391649733745755	0.2915010959682396
4.444790877124157	0.30080044748283263
4.450422945014033	0.30088263620833067
4.456060512285057	0.30086890941888583
4.461700235781338	0.300865256818352
4.4673441623411065	0.30087195591107124
4.4729941711032835	0.29993122733878874
4.47865118943889	0.30004460186709936
4.484315461889743	0.30023412274743333
4.489986393170771	0.3008057207826208
4.4956631022169935	0.3008747401990789
4.501345143963134	0.30087884515546587
4.5070324630483105	0.3008639191951508
4.512725458461193	0.3008713393839362
4.518424509144089	0.3008595182749835
4.524130035724923	0.3007514710784729
4.529842459071777	0.3007138873601216
4.535562141926944	0.30084919675944266
4.541289348304672	0.3008755892508942
4.547024234318859	0.3008650062582947
4.552766869603263	0.2999519162575818
4.558517280057621	0.3001692254041276
4.5642754994723385	0.3006832414665196
4.570041621563324	0.3008468647877135
4.575815836780987	0.30086203478108803
4.581598389811168	0.30088293471724575
4.58738931386963	0.30086936251241925
4.593188749968451	0.30082287184738093
4.598997175600929	0.30081311496633867
4.604815081030278	0.30069061635802724
4.61064292840804	0.30047407609182514
4.616481128897414	0.3006524425036864
4.6223300411487696	0.30082164775161196
4.628189988175858	0.30085094154949593
4.634061284361811	0.3008667464695534
4.639944262002049	0.29987403139829094
4.645839066294322	0.30010091331136285
4.651743893332143	0.3005135164090503
4.657653823453829	0.30088459805268875
4.663569654240281	0.3008895850088016
4.6694923405275555	0.30088591054493585
4.675422918906343	0.3008922243896691
4.681362417107477	0.3008317750187191
4.687311692631904	0.30085010124104555
4.693271108886337	0.30083630032529146
4.699241510800096	0.3004568074390974
4.705223334726003	0.30032705870760656
4.711215549652561	0.3005114778561048
4.717217575320481	0.300689599732906
4.723229736038266	0.30084076670738275
4.729251912952627	0.3008656628561484
4.735284364479603	0.3008756295327631
4.7413273641516955	0.29989664612326455
4.7473811063055225	0.30015102350464357
4.753445702060157	0.3006230839745858
4.759521193618351	0.3008862648482702
4.765607583205261	0.3008796628158959
4.7717048694001685	0.3008900988210919
4.777813081695808	0.3008523239402936
4.7839323043446385	0.3008408256992647
4.790062587455903	0.3008626992544369
4.79620258187593	0.30068919227117996
4.802346824209111	0.30021621596054926
4.808495596033322	0.3002958299416361
4.814649307935575	0.3004578262671532
4.820808452781465	0.3006206853519536
4.8269735552141935	0.30076601770510897
4.8331451256872535	0.3008476421065283
4.839323625671137	0.30086098842072984
4.84550944796951	0.30086526445093864
4.851702912851343	0.30004265024683274
4.857904277545526	0.30033315862712956
4.864113754132471	0.3007940026100829
4.870331529484911	0.3008830008119716
4.876557780898323	0.30089183654046675
4.882792682416016	0.30088333929299726
4.889036399281637	0.30085800577043503
4.895289070912451	0.300844687480282
4.901550785657903	0.30073423197996074
4.907821552797334	0.3002714957810969
4.9141012783064815	0.30029762194080023
4.920389750692716	0.3004209711926864
4.926686641681668	0.3005601904777337
4.932991524017732	0.30069605012053047
4.939303905627674	0.30081615346837104
4.945623276430847	0.30085942957528333
4.951949161731619	0.3008593602335933
4.958281174835789	0.299884652475149
4.964619061504809	0.3001234360648801
4.970962730047873	0.30052391549498325
4.977312262991574	0.3008586774746566
4.983667864602471	0.30088562561557064
4.990029057179521	0.3008854159645047
4.996392800014031	0.3008908493518785
5.002759406242518	0.3008494179198803
5.009129327284748	0.3008352247978425
5.0155025810748715	0.3004909219802518
5.021879526644397	0.30037850002902555
5.028260049608727	0.30042989421843463
5.034644377244305	0.3005358925307141
5.041032666895742	0.3006518776859167
5.047425016330046	0.3007636289771526
5.053821625110471	0.3008622772617252
5.060222877030379	0.30086592537994294
5.066628463113265	0.3008730957335892
5.073038400347124	0.2999688237040409
5.079452660325246	0.30018855743302114
5.085871221150284	0.300664968150641
5.092294001709985	0.3008565630275041
5.0987206358065205	0.3008584275992096
5.105150943346781	0.3008878990112641
5.111584469424617	0.30087544113799014
5.1180211294480795	0.30086999710921875
5.12446049368288	0.3006854807464803
5.130902426819006	0.30055429590697524
5.137346889996049	0.30046782402401984
5.143793952166981	0.30053951419415154
5.150243798027432	0.30063145263741775
5.156696707680973	0.30072925655447347
5.163153045007285	0.30082236555544
5.169613228651145	0.3008662480858326
5.176077694573571	0.30087766794718684
5.182546874636586	0.30067341676986864
5.189021161690017	0.3000903218350883
5.1955008930196085	0.30040784576978696
5.201986342794478	0.3008136829842034
5.208477707351297	0.3008564494649104
5.214975100815053	0.30087588600747545
5.221478528563787	0.3008916017812824
5.227987200543528	0.3008908654536363
5.2344974535842965	0.30082181478579473
5.241007690032154	0.3007001881445094
5.247517291870755	0.3006021148866541
5.2540261417566105	0.30059489329728556
5.260534136706718	0.3006652171798967
5.267041201974901	0.300746458428556
5.273547303132053	0.3008282097704102
5.28005245557172	0.3008603938794465
5.286556730780475	0.30087325692493655
5.293060258930808	0.3008764076319484
5.299563227659837	0.3000642675672426
5.306065877246204	0.3003188484116254
5.312568492730955	0.3007712790275859
5.319071393790952	0.30087141663098643
5.325574923328684	0.30085778507924177
5.332079435778063	0.3008899209452167
5.338585286054402	0.30086987893900163
5.345092819928496	0.30087965119631993
5.351602366419079	0.3007936402041255
5.358114232604276	0.30070361869026035
5.36462870107341	0.3006697964709288
5.371146030080384	0.30072650002214424
5.37766645631122	0.3007946224515105
5.384190200027271	0.30086495472075675
5.390717472181014	0.30087820834701395
5.397248482924899	0.30087477803161644
5.4037834507608675	0.29988026411353436
5.410322611390424	0.3000950390532525
5.4168661282470785	0.3003971660729616
5.423413731392394	0.30080790509256894
5.429965701179532	0.30085442296071807
5.436522457337112	0.30085529466805433
5.443084446873205	0.3008708477007063
5.4496521323813045	0.30086673303116374
5.456225977958317	0.3008773292301568
5.462805694566517	0.3008198964914291
5.469387302789339	0.3007406371125306
5.475970016086809	0.30072001642508284
5.482553998832732	0.30077382774020867
5.489139469820122	0.300836880088025
5.4957267016565385	0.300863813716098
5.502316015455014	0.3008707037554295
5.508907771469315	0.30087360591045953
5.515502356717866	0.2999668577898723
5.522100170803022	0.30017477219065497
5.52870161120747	0.30061043683620153
5.535307059274327	0.3008330390638518
5.54191686789801	0.3008194897130833
5.5485313517107135	0.3008666325607251
5.555150780281525	0.3008787649061163
5.561775374580185	0.3008451942461507
5.568405306711657	0.30087777609201183
5.575040702707631	0.300808074877414
5.581681647962258	0.3007462638572223
5.588328194710821	0.3007753277398765
5.594980370848744	0.3008320756481791
5.601637966786649	0.3008732256162283
5.6082994978426	0.30086428967757733
5.614963728597091	0.3008761955883643
5.621631002789826	0.29990946048369604
5.628301360447058	0.3001355453759277
5.634973223099743	0.300511477800205
5.641646210002654	0.30086415146481876
5.648320391362398	0.30087348778065676
5.654995859977871	0.30087617204978606
5.661672728974244	0.30087779421167493
5.668351127093957	0.3008759758107114
5.675031192042953	0.30089003667948155
5.681713062562301	0.30083959233906915
5.688396870000903	0.3007739948685857
5.695082730196786	0.30078288303982925
5.7017707364344155	0.3008350977975966
5.708460954142623	0.3008740462153897
5.715153417845241	0.3008625531047215
5.721848130690888	0.30087395470624523
5.728545066683774	0.2999086043460497
5.735244175527029	0.3001340409074212
5.741945389786296	0.30050431078321177
5.748648633893497	0.30086049628848305
5.755353834349813	0.30087002505259614
5.762060930364442	0.30082721326780604
5.768769884093725	0.3007858939921545
5.7754806896347555	0.3008792291712107
5.782193379986296	0.300887925937072
5.788908031318988	0.30085870844555207
5.795624764090134	0.30079657478256977
5.802343740780734	0.30080647389532156
5.809065160301039	0.30085553064435366
5.815789024929477	0.3008780523653618
5.822514088228065	0.3008776492003896
5.8292393773771485	0.3008647810628436
5.835965129137151	0.29997722691474554
5.842691586995727	0.3001812099966742
5.849418990557562	0.3006273352257887
5.856147564399613	0.3008465658891833
5.862877507227435	0.3008726085192871
5.8696089821450705	0.30088016820894026
5.876342108764085	0.3005308397052349
5.883076957738439	0.30088297983963047
5.889813548135393	0.30086826115853166
5.896551847852064	0.3008671662779691
5.903291777077091	0.30081697394598705
5.910033214588957	0.3008557010900957
5.9167760064878525	0.30087528918021383
5.9235199767873965	0.3008719322372196
5.930264939156705	0.30087441949112487
5.937010709012918	0.29986977743031396
5.943757115128701	0.3000751147497073
5.950504009945219	0.3003313610472939
5.957251277870705	0.3007726387557812
5.963998840993665	0.3008749810385348
5.970746661837335	0.300876474426178
5.977494743011332	0.3008265166035015
5.984242800084996	0.30069828764859635
5.990988917389763	0.3008843314621887
5.997732375546872	0.3008868899074153
6.004473405543796	0.3008866760193237
6.01121227184298	0.3008626297412302
6.017949260228634	0.3008780892425837
6.024684665045924	0.30041630173834405
6.031418776656465	0.2996606379277259
6.038151869894277	0.2998143566296736
6.0448841942217415	0.29997576528959996
6.05161596616381	0.30017873880118995
6.058347364445515	0.3006120939962656
6.065078528072725	0.30082851083854595
6.071809557371778	0.30080117867321143
6.078540517768676	0.3008334509054687
6.085271246718554	0.3008732766143607
6.092000639452827	0.3008709196574414
6.0987287906557155	0.3008761905015705
6.105455879904344	0.30087404499318837
6.112182022581316	0.3007957931725634
6.118907251146135	0.30073749151802354
6.125631503751442	0.3007698941370859
6.132353890450247	0.3008311384369728
6.139069136404958	0.3008742517796606
6.145771980578458	0.30084943178373086
6.152462161519676	0.3008749625733824
6.159140144131498	0.2999831542717377
6.165806871489792	0.30018022879494355
6.172463705787743	0.3006105300938244
6.179112307431058	0.3008291957382902
6.185754475715618	0.3008531449196724
6.19239176761333	0.30084219309090576
6.199023663924464	0.30088404188976514
6.205645944488487	0.3008824120748218
6.212257371350831	0.30088848805889284
6.218858677895161	0.3008869345955266
6.225450769869402	0.300821817626847
6.232032545769474	0.30080308336870704
6.23859903386015	0.30085128450210435
6.245151298765734	0.30087352515951593
6.251690767226071	0.30085703853833373
6.2582191105519	0.30087855408418435
6.264738104626064	0.29981169946277736
6.271249488179066	0.2999670760531631
6.277753997332795	0.30016276030542166
6.28424786263385	0.30053227318907416
6.290730387558955	0.3008270577038115
6.297202894242047	0.3008586147902334
6.30366696248773	0.3005497777426185
6.310124304907569	0.3006463333873133
6.31657662922994	0.3008901194197321
6.323025506892708	0.3008672497315484
6.329472261652003	0.3008517471210837
6.335917131481323	0.30082479169196674
6.342355975097605	0.30073441166458587
6.348785795846845	0.30051343164796895
6.3552037254547225	0.30020919138375984
6.361607327219079	0.3000760986914387
6.367997394315195	0.29991639011246
6.37437508224753	0.2998452222258357
6.38074182914655	0.2998115668900722
6.387099246232964	0.2998058752235358
6.393448995495493	0.29983275512135765
6.399792671170963	0.2998677691981528
6.406131698739739	0.29991380282109664
6.412467260917079	0.30001296905130714
6.418800255501744	0.3001080599590689
6.425131285646965	0.30019261242840634
6.431460455804389	0.3004154417718956
6.437786166703532	0.3006578528926343
6.444105472995113	0.30082660564560876
6.450415812196596	0.3008766046161576
6.456718452135865	0.3001971653452742
6.46301486535006	0.30045377234090453
6.469306307979426	0.30087157097628797
6.475593359570024	0.30086426077832656
6.48187437189385	0.30087759503813494
6.488149388355199	0.3008762369106715
6.4944189174872715	0.3008536175166713
6.500683620753136	0.3007926538440761
6.506944289388303	0.30076259773467867
6.5132018122029285	0.30087409204705384
6.519457138605649	0.30087247841443693
6.5257112410275155	0.3008224385857391
6.5319650802243325	0.3007793808993095
6.538218983794655	0.30080280551457383
6.544469955627858	0.3008372340727551
6.550715693434291	0.3008746007182893
6.556955091295963	0.30087633032860495
6.563188391027523	0.30078481380427974
6.569416011899551	0.30082263642568685
6.575638525921293	0.300864511374231
6.58185662370359	0.30087287986595534
6.588071075551322	0.299651131804214
6.594282692091819	0.2997167636762583
6.600492287944166	0.2997885669527555
6.606700270744861	0.2998581447174631
6.612905075030656	0.2999338152998239
6.619106575561125	0.3000542305967368
6.625305476920432	0.3001565928043602
6.631502462386874	0.3003103695238981
6.637698174153781	0.300597686603082
6.643893199502846	0.30080208700189465
6.650088062183144	0.30086463880586245
6.65628321790254	0.30086327136370516
6.6624790527608075	0.3008588782026256
6.668675883591094	0.3008774449360563
6.67487366797392	0.3007094527191117
6.681070640995366	0.30087111633911656
6.687265324703832	0.30080778532104185
6.693458192740411	0.30088561250190277
6.699649650799817	0.30084869896677974
6.705840034590054	0.30081276645791066
6.712029610965406	0.3008725763574889
6.718218370521452	0.30087132852496234
6.72440524762489	0.3008325066170658
6.730590312240133	0.3008078944234505
6.736773853375368	0.3008369723446061
6.74295611651672	0.3008710131987157
6.749137303479037	0.3008780090171974
6.755317573219725	0.30083665435036006
6.761497044152257	0.30086908780278676
6.767675798332065	0.300875856882588
6.7738538876323835	0.2996903749341835
6.780031341724635	0.2997510467803635
6.786208177387932	0.2998183429816666
6.792384408431097	0.29987873656367714
6.79856005535856	0.2999760155225191
6.804735153874666	0.30009132856760123
6.810909761410328	0.30018946906649635
6.817083961062935	0.30044248444704824
6.823257862637847	0.3007071342570224
6.829431600824279	0.30083373966825144
6.8356052947647274	0.30087705686088045
6.8417788695939175	0.30087261220076916
6.847952288090631	0.30085996863941744
6.854125751791073	0.30086631458147545
6.86029926841321	0.30087232012848714
6.866473013904521	0.30077908039040285
6.872647211580259	0.3006374629497565
6.87882207494847	0.30087901178929205
6.884997801807484	0.3008615798348525
6.8911745701483325	0.3008435828243266
6.897352535982141	0.30088264921438623
6.903531832959084	0.3008719830653144
6.909712573436885	0.300877142080159
6.915894603005989	0.300850905368123
6.922076580377404	0.30086633086176634
6.928258518823921	0.30087538993052415
6.934440571877881	0.30008706139603863
6.940622888592492	0.2997020166739723
6.946805614502957	0.2997560614156545
6.952988876577716	0.2998200797840338
6.959172543603258	0.29987969284005334
6.965355731836885	0.29998178510561657
6.971538675559426	0.30010396175339527
6.977721614768036	0.30020696481503234
6.98390479129715	0.3005248301923974
6.990088444196798	0.3007770871280854
6.996272804728306	0.3008524871510981
7.002458091375729	0.3008690306309689
7.008644505262515	0.30080763081306366
7.014832226314367	0.30087791963693633
7.021021410431874	0.3008642643175016
7.027212187841764	0.300766464013439
7.033404662694573	0.30061770680784977
7.039598913877847	0.3004240729078995
7.0457949577850805	0.30033062455808734
7.051992588133582	0.30037872740490557
7.05819172289604	0.3002048313970678
7.0643924145158845	0.2999743968566783
7.070594697327427	0.2998949478233335
7.076798591168641	0.2998527954834592
7.083004105266487	0.2998044070469354
7.0892112420871065	0.2997645114770214
7.095420000865526	0.29977565111065735
7.101630380576447	0.2998299534017756
7.107842382174361	0.2998834480190788
7.1140560100105175	0.299984957822038
7.120271272417982	0.3001069011270422
7.126488181535473	0.30021127738579384
7.132706752507626	0.3005529200336794
7.138927002247442	0.30081239651126257
7.145148947971583	0.3008750500451354
7.151372485921366	0.30087037996369875
7.157596846990719	0.3008216992363146
7.163821467159171	0.3008536082607595
7.170046390567051	0.30081314380538365
7.176271672412249	0.3006821501771721
7.182497377057344	0.3005151764668248
7.18872357629306	0.3003028808352794
7.194950333281149	0.3001806914960777
7.20117749145505	0.30010637978312743
7.207404258771933	0.30001911601069214
7.213630789506689	0.299923441866458
7.219857249588428	0.2998746042545494
7.226083814946844	0.2998343139650352
7.2323106698787685	0.29979801127624556
7.238538005364862	0.2998282404045114
7.244766017274748	0.2998718239830871
7.250994904416692	0.29993935299936764
7.25722486641156	0.3000518382562106
7.263456101396342	0.30015996926154453
7.269688803586476	0.3003691761111001
7.275923104165763	0.30068575484244614
7.282158813123771	0.30086198948153114
7.288395833365936	0.30078286365920026
7.294634348047551	0.3008757725903138
7.300874530447183	0.300877900569257
7.3071165414959545	0.30063856281578133
7.313360527416674	0.30042870461197313
7.319606617562458	0.3002140527509739
7.325854922536717	0.3001589656499902
7.332105532664595	0.30009675175207645
7.338358516871528	0.3000230678458672
7.34461392200895	0.2999446305189408
7.350871772651456	0.29989474614911893
7.357132071374455	0.2999151365102268
7.363394799507125	0.3000130537670513
7.3696598846096	0.3001219567496308
7.3759269598605695	0.30022642139358846
7.382195285751898	0.3005805123227262
7.388464806748046	0.3008514673799328
7.394735458986674	0.30086582712917626
7.4010071722940465	0.3008560393886075
7.407279872307124	0.3008051598619195
7.413553482669605	0.3006354336430344
7.41982792727139	0.30042240682025956
7.4261031325022	0.30023534713511413
7.432379029494685	0.3001946846755636
7.438655470001932	0.3001645943695965
7.444931903606827	0.3001344866766425
7.451208253815478	0.30012155244710825
7.457484528203062	0.3001839415902541
7.463760752033821	0.30038910945059044
7.470036968073288	0.30069037857701497
7.47631322673018	0.30087073060260977
7.482589584912294	0.30086693758362265
7.488866114807684	0.30087607904030883
7.49514289597037	0.30078086101547835
7.501420010134253	0.300621588867675
7.5076975380484345	0.30050270209882235
7.513975560079022	0.30040463019987074
7.520254161078469	0.30028781302827195
7.5265334474164725	0.300274292644808
7.532813576409714	0.3005179275876697
7.539094758050535	0.3007768511039082
7.545377269305558	0.3008716794885669
7.551661433666273	0.3008661036060774
7.55794748212717	0.30087225354145036
7.564235867832259	0.30086651866944064
7.570527090087176	0.30076841881070593
7.576821638850635	0.3006715275824604
7.5831199765310435	0.30054335157242473
7.589422563184475	0.3004699041934184
7.59572971788409	0.3006902376734822
7.602040793244736	0.3008550021588014
7.608355800094064	0.3008630027390598
7.6146753035863695	0.2976408647088743
7.62099403640369	0.30086941681620116
7.627282301082691	0.30087588394930703
7.633547846379303	0.3008378284139175
7.639724482556285	0.3006946071666634
7.645848635689046	0.30049102661504506
7.651929351646234	0.30060984819972886
7.657995291033078	0.3008705278997882
7.664062117460275	0.3008755464508881
7.670102474852403	0.2999769309037226
7.676074970419111	0.2971132523068315
7.682018121611223	0.3008411393136212
7.687938371288034	0.30083949745418465
7.693846931312918	0.3007658201966156
7.6997026103957396	0.3004655450605755
7.705528540907667	0.3004302450750705
7.711336924142042	0.3007621877411435
7.7171363155845984	0.30082082854255926
7.722942439892092	0.300874426119074
7.7287612877949545	0.29183257647552474
7.734565044674235	0.30067274227190055
7.740355771069728	0.3008683442673073
7.746132194042834	0.30086835292977776
7.751895566651102	0.30059292597632237
7.757628778755734	0.3002307377406716
7.7633394680566	0.3004688457345403
7.769043458315682	0.30083495776746816
7.7747423234767625	0.3008507292366013
7.780449040854291	0.30083352489796256
7.786170613448894	0.2934561402621037
7.791892583640502	0.30087042590727814
7.797607833641232	0.30087225847312477
7.803316460436387	0.3007867547436548
7.80901848401422	0.30044648310128835
7.814693787933523	0.3002025002136681
7.820350429376813	0.3005314848295989
7.826003417826233	0.300793563147545
7.831655459993675	0.300871265558388
7.837316668391248	0.30022235076947973
7.8429924681900225	0.29495058124061874
7.848665907778639	0.30082241682298094
7.854334944507336	0.30082687559741583
7.859998878428891	0.3007301559061779
7.865658274015886	0.3003529230281356
7.87129159420796	0.30021907968156736
7.87691009633726	0.30062515775895066
7.882527320191086	0.30086746885666266
7.888144779860087	0.3008389203752577
7.893772959313635	0.29612393588352004
7.8994162585513354	0.29679499448769353
7.905056149758697	0.3008458315246201
7.910694572428052	0.300858399588487
7.916328619174897	0.3006731930240296
7.921958073906619	0.300285552960871
7.92756349523759	0.3003076405076865
7.933157367028769	0.3007172268072944
7.938750512187293	0.3008615970226916
7.9443455986208775	0.30083198473226336
7.9499529887896685	0.2910637534590596
7.955575726877247	0.29998492559083584
7.961192324032696	0.3008758147991379
7.966807485880105	0.30085927951538505
7.972417015016642	0.3005900554796073
7.97802079096681	0.3002163491831769
7.983597483317811	0.30040168701211994
7.989165490473321	0.30080069600442716
7.994733902599789	0.3008653640333439
8.000305714547402	0.30083695702689484
8.005890079923605	0.29092426392791515
8.011485667557046	0.30081811031695854
8.017072263792622	0.3008415397156599
8.022656686917326	0.3008248860950445
8.02823413519593	0.30047640843079193
8.033797607230618	0.3001964164309833
8.039339550975006	0.30050811836166746
8.044875897813537	0.3007760818377041
8.050412884569953	0.300849920602209
8.055955485977087	0.3008658385942153
8.061511430947954	0.29430193424279355
8.067075254088728	0.30083633825487865
8.072633415554678	0.3008553000056134
8.07818992291931	0.30075836967677894
8.08374149653825	0.3003857171326868
8.089273936596701	0.3002236701897833
8.094790313500997	0.3006225135434105
8.100304063820664	0.30086241834756766
8.105817389153525	0.3008289244637766
8.11133911040233	0.2966978255588704
8.11687532429482	0.29662353277542003
8.12241584887002	0.3008490371911288
8.127953276481374	0.3008690643136744
8.133486705847396	0.300686895754709
8.139016249877503	0.30030915465809616
8.144522720151935	0.3003670822531002
8.150016892299371	0.3007509847545872
8.155510318672738	0.3008176847182196
8.16100354896135	0.3008460777477665
8.166506887600786	0.2903520992928473
8.172023700669001	0.29979123690012804
8.177535423542894	0.3008441007819253
8.183045881507306	0.300864848821376
8.188549445285476	0.30060539486089793
8.194048670805378	0.3002535873444695
8.199524061851784	0.3005260518776694
8.204990519393165	0.3008709257587506
8.210456225428215	0.3008289644878212
8.215924166960809	0.30084501887354553
8.22140390784469	0.28957955264396107
8.226896992458846	0.30082397564886343
8.232382178234223	0.30084963372874174
8.237865431982812	0.30083381030881823
8.243345755000224	0.3005153284666058
8.248818238934582	0.30031773408779927
8.254271129250291	0.30066444454337454
8.259718476613193	0.30080604915495546
8.265164136340005	0.3008434568409379
8.270615089847452	0.296174049459326
8.276079215074079	0.29546095402593714
8.281553853183135	0.3008166835949335
8.287024034505976	0.30084536390247524
8.292491630892997	0.3007482854995236
8.297955703095278	0.3004169237269823
8.303403421135208	0.3004389524303706
8.308836728260852	0.30078569768267643
8.314267400346333	0.3008465673495127
8.319697449431516	0.3008689169842944
8.325135336320113	0.2889748968945484
8.330585774859575	0.2992575722907867
8.336036066323121	0.3008577466992864
8.34148442347354	0.3008346241151089
8.346927293759414	0.3006562554870111
8.35236630544898	0.30033450974498027
8.357783112218705	0.30058884255356333
8.363190210951345	0.3008131223312106
8.368596900549319	0.30086105694288556
8.374004490721527	0.3008754947026953
8.37942257975752	0.2909834491248271
8.384853520613042	0.3008326402064496
8.39027806135589	0.30086066860858984
8.395701391971548	0.3008466775254291
8.401121462369044	0.30055843662311393
8.406534218960916	0.30040145738156054
8.411928023855934	0.30072775700587
8.417316147810908	0.30085430466627927
8.422703436675652	0.3008099683964397
8.428095543127563	0.2941078158020123
8.433500102459684	0.2958042106637273
8.438914276187925	0.3008197571271576
8.44432457604016	0.300850021558129
8.449733344285702	0.30076060996962795
8.455138080496143	0.30046218448598244
8.460527401985603	0.30054294391390113
8.465903196585547	0.3008524825773021
8.471276904786588	0.3008668085370409
8.47665085217425	0.3008644410216069
8.482032512118256	0.2881390798410308
8.487425968055952	0.299994637165179
8.492817101708537	0.300847718005054
8.498207018224482	0.3008382939546905
8.503591214205409	0.30066219171234276
8.508972623251143	0.30039560561862344
8.514332028730355	0.3006939666231963
8.519682866463231	0.30081932218912966
8.525034474007084	0.30084361124052394
8.53038752315429	0.29665091304979463
8.5357508362335	0.29297569328000794
8.541124793544626	0.30086528255642997
8.546492448028685	0.300849843515349
8.551859501160958	0.3008356534009225
8.557223158004065	0.3005643733538519
8.56257818901495	0.30053468438124953
8.5679169048693	0.3008280885524027
8.573251521239808	0.30084272981410554
8.578585814759721	0.30083452276902656
8.583925969865621	0.2880059067920589
8.589278305802868	0.29740352723494023
8.59463704319352	0.30085317895903063
8.599993875560605	0.30082981356092675
8.605348759809026	0.30074063269305257
8.610700551594949	0.30046628945746423
8.616034923902019	0.3006702964987058
8.62135862933653	0.30086218518131774
8.626682087093123	0.3008142223815971
8.632005916395824	0.2985903184417202
8.637338848098734	0.29086352352331507
8.642683487510462	0.3008590735656748
8.64802253681106	0.30084599543650814
8.65336143995663	0.3008627817607752
8.658694099994372	0.30063399953192865
8.66402057613773	0.30053239674750737
8.669328269174834	0.30081268622973417
8.674630242166332	0.30086490671449334
8.679932894014218	0.30087355249685427
8.685239481171182	0.28989499417945996
8.690556833112655	0.29529752925048014
8.695880011124189	0.3008382116588473
8.701200233369004	0.30087154462331833
8.706519665391266	0.30079433957368945
8.711836402876827	0.3005358420807768
8.71713947301854	0.3006702822876838
8.722430730871718	0.3008549800713653
8.727720888410175	0.30080736138695635
8.733010843648954	0.29923464500210434
8.738309068311052	0.2896456841352319
8.743619470216002	0.3005141083186229
8.748929562635094	0.30087064408816094
8.754239295861428	0.30085531130832854
8.759544566731094	0.3006369665631379
8.764845565041442	0.3004764137147765
8.770126559652148	0.30073336622706054
8.775400985612768	0.3008355729540996
8.780676368314824	0.3007925323256672
8.785954691427486	0.30085886541980517
8.79124326311667	0.29710153818816354
8.796538600532546	0.2917055518409146
8.801831029854931	0.28960445656314326
8.807127251088918	0.29237966533666526
8.8124253230736	0.2948249121943764
8.817729964451948	0.30005789933534827
8.823044820991191	0.3008761911573478
8.828385603178408	0.30083242562522255
8.833741111023429	0.3008752769382465
8.839107555305242	0.298810008507565
8.844481880217206	0.29028408406374256
8.849859528005538	0.2820973528223219
8.855241335557988	0.2881717556603883
8.860628617763274	0.2993128555622972
8.86602409355317	0.300871106945541
8.871431059796086	0.30073408314910866
8.87685112806693	0.30085893266577096
8.88227952702677	0.30071805080636665
8.887713637633636	0.3005628809104813
8.893154027609201	0.3006873503584354
8.898602224228364	0.3008633349833265
8.904059865123399	0.300871564689663
8.909526404403978	0.30087077250085414
8.914997089688677	0.2971025754564911
8.920472458777763	0.2836925818064393
8.925953318961115	0.28683215729431066
8.931441499978268	0.29633910828926197
8.936940183737944	0.3008448677654677
8.942451166259183	0.30078503457545763
8.947970257053866	0.3008580566435562
8.953495557075248	0.3007261649218026
8.959027082363628	0.3006335652218088
8.964566399358528	0.3007928099149335
8.970115080288032	0.3008627208049808
8.975671964463555	0.3008689070202671
8.981233063079436	0.30076135395093023
8.98679900147069	0.2885285969357144
8.992370642823012	0.2831893801371511
8.997949531191606	0.2910912238914431
9.003538558540843	0.3008737598822121
9.009138857735193	0.300864356771039
9.014747078924685	0.3008514146292324
9.020360711878762	0.3007934123595183
9.025980574199215	0.3006532698859164
9.03160835652813	0.3007932121567897
9.037245175421047	0.3008617118940741
9.042887126995211	0.3008724206712097
9.048534098562309	0.3005245071492158
9.054185978716003	0.28817991461076686
9.059843773486952	0.28261851400040616
9.065509226216841	0.2906608338437231
9.071185015452755	0.30087606281895135
9.076869842417775	0.3008666234406791
9.082561638264512	0.3008455941888809
9.088258826017352	0.3007876540508269
9.093962841747599	0.3006940990341006
9.09967534781808	0.3008474048756917
9.105395984787592	0.3008564028447424
9.111121462792248	0.30083857647881485
9.116851695319923	0.2965875712820693
9.122587618367739	0.2828785712309745
9.128330548637777	0.28497616028309364
9.134082873420839	0.2950363390967009
9.13984675841493	0.30086386388438047
9.145618529770498	0.3008062963850222
9.151396116343275	0.3008728741054256
9.157180298898949	0.30072313458424915
9.162972967967455	0.3007913427161826
9.168775482582715	0.30086020780034406
9.174583635296854	0.30083088266830826
9.180396673016233	0.29989409259069305
9.186215524226972	0.286771267481283
9.192041460723965	0.28247231238618037
9.197876622670373	0.2922193310763472
9.203723761954327	0.3008460532649563
9.209579055532524	0.30083971112588204
9.215440920501809	0.30084547062835987
9.221309409388997	0.3007497891423447
9.227186463928033	0.3007856744141012
9.233073510218118	0.3008560022444019
9.23896620849208	0.3008307151271464
9.244864000044092	0.2998273935128758
9.250767711817064	0.2861002144222553
9.25667872047229	0.28293376202207504
9.262599204693231	0.2935005517478558
9.268531445289224	0.30082809528478655
9.274471723457347	0.30082173357495695
9.280418161115126	0.30085897265843414
9.286371445839047	0.300727064255937
9.292333206107621	0.30083102906537307
9.298302245083585	0.30086633817638964
9.304276668688123	0.300836416139421
9.310257250195631	0.29613599734782053
9.316243969713756	0.2707694281732048
9.322238483484975	0.28565885451168715
9.328243102022403	0.29762163323735136
9.334257333974682	0.3008555719768248
9.340278522654863	0.3008744667261043
9.346305638291081	0.3008126350540549
9.352340209068188	0.3007548644304524
9.358382835547628	0.3008756446271209
9.364430280625559	0.30086452423166204
9.370483424210583	0.3008754662171561
9.376541925411045	0.28648366299728045
9.382607252194477	0.28289912927989236
9.388681317748059	0.29394031938926807
9.394764926442475	0.30086864184001494
9.400854739497731	0.3008713669703481
9.406949303883641	0.3008618131041619
9.413049816750116	0.30071765279316304
9.41915568466541	0.3008393600613885
9.42526388496172	0.3008302518245071
9.431371569039944	0.30086947015827864
9.437474185482847	0.2891819160735682
9.44357211080632	0.2817417988670067
9.449665334459795	0.2921007253803419
9.45575382752219	0.3008316409332201
9.461837560400317	0.30082472416395106
9.467916358342139	0.3008570174484799
9.473990646825328	0.30071828777591986
9.480060735863722	0.30082131269623047
9.486126182020563	0.30081081748228894
9.49218734457177	0.3008496299735952
9.49824502379043	0.2912560805397828
9.50430010870628	0.25249896664457205
9.510353561550765	0.28856952343879494
9.516406467625831	0.3008744446486835
9.52246027445473	0.30086590450120937
9.528516747407393	0.3008617932939326
9.53457622135636	0.30076213069443397
9.540637498473	0.3008529415718798
9.546701558637595	0.3008643826189505
9.552769711833479	0.3008649700985042
9.558843589862427	0.29401460116404293
9.564924701965825	0.22961019866741378
9.571013315060998	0.2862833034574969
9.577112737373351	0.29906709281894306
9.5832273322772	0.30086886500822757
9.589354813856744	0.3008474579141296
9.595495807873963	0.30078473740808714
9.601647936644746	0.30081971558433246
9.607813178294808	0.30085797266072156
9.613994213067805	0.30083806166508986
9.620186581266609	0.2956099003811692
9.626389352919341	0.2477867247260176
9.632606071102051	0.2862274493914513
9.638838200074943	0.29914252073788244
9.645089918468802	0.3008672912503945
9.651368447569375	0.300838394469272
9.657672783064692	0.3007730381089824
9.66397200683294	0.30084621856429083
9.670269750391135	0.3008578907408141
9.676567159899452	0.30086873215631826
9.682875136822947	0.2932271750314267
9.689199237611126	0.2609426682182081
9.695519378339839	0.2897752929442225
9.701838599658478	0.3008510788120224
9.708158688860912	0.30084144049925243
9.714478670533596	0.3008645688245754
9.720767918254856	0.3007193741567853
9.72704562074231	0.3008285445693591
9.733326545081049	0.3008217984802716
9.739613255659306	0.3008609164002208
9.745913970006548	0.289803896654668
9.752233308286126	0.2822018744246785
9.75855336831617	0.2940074272867033
9.764877479373988	0.3008637414194219
9.771212436554046	0.3008641384239981
9.777557752605658	0.3008563517502933
9.783912200367059	0.30069619681824244
9.790258473198083	0.3008266845365277
9.796612640217855	0.30080516252957207
9.80298633125505	0.30084693338397495
9.80938105511582	0.290944009691447
9.815781019426758	0.28201212876035364
9.822182325200094	0.2941345898756403
9.828584817386727	0.3008662731771622
9.834988912059398	0.3007994305151107
9.84139531921593	0.3008732656772222
9.847804781521067	0.30069030736339386
9.85421789454005	0.3007245926191102
9.860635044520224	0.30087000925945423
9.867056444380788	0.3008017147596386
9.873482213888536	0.30084523116658424
9.879912464762109	0.2904960154656219
9.886347362393128	0.28823310545656683
9.892787149177575	0.2946354237097038
9.89923212625622	0.30085998764689215
9.90568241995795	0.3007916788518947
9.91213682395398	0.3008434902811674
9.918593123913618	0.3007230183839928
9.925051412705235	0.3005137964619731
9.931511852944904	0.3006443406941973
9.937974675230992	0.3008134930246388
9.944440170864553	0.300656996657322
9.95090866990325	0.3008275317633233
9.957380506327384	0.29864053190962286
9.963855979132518	0.2915340926416625
9.97033531509325	0.29813224299779767
9.976818652032051	0.30087224728097467
9.983306049761994	0.3008753518515557
9.989797526775838	0.30087528626177656
9.996020793688103	0.3008663406784167
