x	y1
0.0008296865709749866	0.1875
0.006222310909207917	0.21875
0.010714341733509937	0.21875
0.014955807287168416	0.21875
0.01910669406728603	0.21875
0.023248309694223413	0.21875
0.02743119473890225	0.203125
0.03168432243989665	0.203125
0.03601277524515254	0.234375
0.04036975517708313	0.234375
0.04471453748120742	0.25
0.049050702792878084	0.28125
0.05337049648619309	0.28125
0.05767093422409069	0.296875
0.06195916448762687	0.28125
0.0662382474579406	0.265625
0.07050938021714688	0.265625
0.07477030801029183	0.21875
0.07902189427258705	0.265625
0.08327135321289164	0.265625
0.08751915131713944	0.328125
0.09176550362187465	0.328125
0.09601043890464563	0.34375
0.10025391895867741	0.296875
0.10449589607269737	0.28125
0.10873633752232428	0.234375
0.11297516770763931	0.234375
0.11721222678641448	0.234375
0.12144693632248413	0.21875
0.12567530606468796	0.21875
0.12989636226888354	0.21875
0.1341113129076993	0.21875
0.13832127008194345	0.21875
0.1425272350850916	0.21875
0.14673009392993355	0.21875
0.15093054289063756	0.21875
0.1551289949551566	0.21875
0.15932584677124334	0.21875
0.1635217290325265	0.265625
0.16771773992445618	0.265625
0.1719144496985477	0.3125
0.1761121988442775	0.3125
0.1803112037427914	0.3125
0.1845115742859306	0.3125
0.18871333503512516	0.34375
0.19291644699249724	0.34375
0.197120826526904	0.34375
0.20132598660363107	0.34375
0.20552951530073701	0.34375
0.20973074696381577	0.265625
0.21393029457122184	0.1875
0.21812868221392356	0.1875
0.22232634857968586	0.1875
0.22652365390273663	0.1875
0.23072087668208344	0.1875
0.23491822104570348	0.1875
0.23911583767463337	0.1875
0.2433138185677323	0.1875
0.24751223126010716	0.1875
0.25171112929280093	0.1875
0.2559105658707175	0.1875
0.2601106020669217	0.21875
0.2643112867683308	0.21875
0.2685126217382336	0.21875
0.27271466869743033	0.21875
0.2769174952425716	0.21875
0.281120983570326	0.21875
0.28532416328789123	0.1875
0.28952705107925214	0.1875
0.2937295951483066	0.1875
0.29793111098645186	0.1875
0.3021316736284125	0.1875
0.3063312395524184	0.1875
0.31052975136106464	0.1875
0.3147275562630775	0.1875
0.3189253055757321	0.1875
0.3231236866664531	0.1875
0.3273231264889695	0.21875
0.33152477945207975	0.21875
0.33572995906762443	0.21875
0.3399386986564127	0.21875
0.3441480320476761	0.21875
0.34835838021388327	0.21875
0.35257049047776645	0.21875
0.3567853498231324	0.21875
0.36100397056744554	0.21875
0.36522604614478044	0.21875
0.36945024780025726	0.21875
0.37367651049923684	0.21875
0.3779040164112927	0.1875
0.3821345642463575	0.1875
0.3863700821300361	0.1875
0.39061259474376	0.1875
0.39486355153353064	0.1875
0.3991200366845217	0.21875
0.40337659467481424	0.21875
0.4076360542168166	0.21875
0.4119013010862979	0.21875
0.41617522894003495	0.21875
0.42046067629630296	0.21875
0.4247598132330817	0.21875
0.4290712796655558	0.21875
0.43339301359287646	0.21875
0.4377271833920641	0.21875
0.442071950419457	0.21875
0.44642502095866765	0.21875
0.4507895357452603	0.21875
0.4551683254388579	0.21875
0.4595638881231339	0.21875
0.4639783829807013	0.21875
0.4684132291893601	0.25
0.4728657241688533	0.25
0.47732658541783024	0.25
0.4817985074591294	0.234375
0.4862838303207709	0.21875
0.4907845417151502	0.21875
0.4953023115424235	0.21875
0.4998385053189783	0.21875
0.5043941813885063	0.21875
0.5089701485412139	0.21875
0.5135665857840666	0.21875
0.5181809998184104	0.21875
0.5228112687287724	0.21875
0.5274580386139941	0.21875
0.5321218181653983	0.21875
0.5368029253113187	0.25
0.5415014300515126	0.25
0.5462167116294427	0.25
0.550946055181883	0.25
0.5556892210007509	0.25
0.5604459506725015	0.25
0.5652156550536622	0.25
0.5699970645334688	0.25
0.5747859870192266	0.25
0.5795747671213404	0.25
0.5843634534393957	0.25
0.5891516581253738	0.25
0.5939367029799332	0.234375
0.5987166206810857	0.21875
0.6034916493843396	0.21875
0.6082625138646917	0.25
0.6130302296647804	0.25
0.6177960267942862	0.25
0.6225611734188532	0.25
0.627326745642874	0.25
0.6320934160157395	0.25
0.6368615253169161	0.25
0.641629294286699	0.25
0.6463967846538365	0.25
0.6511626714427248	0.25
0.655924419213695	0.25
0.6606831927055685	0.21875
0.6654398648268324	0.21875
0.6701949552494693	0.21875
0.674948762499885	0.21875
0.6797012929505188	0.25
0.684451971659088	0.25
0.6891997882620063	0.25
0.6939447255161615	0.25
0.698686421861748	0.25
0.7034249776648178	0.25
0.7081606425706153	0.25
0.7128938196549064	0.25
0.7176250236013336	0.25
0.7223548132324803	0.25
0.7270837205425543	0.25
0.7318121937018531	0.25
0.7365405625078838	0.25
0.7412686945381615	0.25
0.7459948447141205	0.25
0.7507194171763943	0.28125
0.7554427816338832	0.28125
0.7601652076236255	0.28125
0.7648868699142607	0.28125
0.7696075586571985	0.28125
0.7743255188526731	0.25
0.7790404713137278	0.25
0.7837527979408039	0.25
0.7884628316911401	0.25
0.7931708290088734	0.25
0.7978769987946204	0.25
0.8025815242059282	0.25
0.8072845775818877	0.25
0.8119863045479326	0.25
0.8166866385739295	0.25
0.8213851924576314	0.265625
0.8260822077819847	0.265625
0.8307779079059272	0.25
0.8354724949768128	0.25
0.840166146238149	0.28125
0.8448589803676315	0.28125
0.8495508609942765	0.28125
0.8542414519261359	0.28125
0.8589310490869275	0.28125
0.8636198885669948	0.28125
0.8683081506841297	0.28125
0.8729959668219414	0.28125
0.8776830648817597	0.28125
0.8823673967679369	0.28125
0.8870488060058543	0.265625
0.8917277500354582	0.25
0.896404633770851	0.25
0.9010797987078022	0.25
0.9057535220952131	0.25
0.9104260921264135	0.25
0.9150977601777892	0.25
0.9197687349771413	0.25
0.9244391164642716	0.25
0.9291085547061352	0.25
0.9337765357687439	0.25
0.9384432624893819	0.25
0.9431086585049406	0.28125
0.9477728144600508	0.28125
0.9524358688531567	0.28125
0.9570979467679465	0.28125
0.961759182767821	0.25
0.966419747525724	0.28125
0.9710798758374108	0.28125
0.9757398917448287	0.28125
0.98040022718547	0.265625
0.9850614312689912	0.28125
0.98972369710529	0.265625
0.9943848009709924	0.265625
0.9990437648865248	0.25
1.00370114931281	0.25
1.0083575949440176	0.25
1.0130136451379623	0.25
1.0176687673932474	0.25
1.0223221241334188	0.25
1.026974807884307	0.28125
1.0316279667377044	0.28125
1.0362827835157553	0.25
1.04094045136263	0.265625
1.0456018201419741	0.25
1.0502659252587268	0.25
1.0549325269528949	0.25
1.0596029032984806	0.28125
1.0642783699578182	0.28125
1.068959477868844	0.28125
1.0736431187558455	0.28125
1.078327876408863	0.265625
1.0830153070509019	0.203125
1.08770686586455	0.203125
1.0924032160080905	0.25
1.0971015864531508	0.203125
1.1018023204207865	0.28125
1.1065067934848385	0.234375
1.1112165083347856	0.21875
1.1159325590122025	0.234375
1.1206562058278553	0.25
1.1253883342291364	0.25
1.1301281311095064	0.25
1.1348742450597638	0.25
1.1396277987580339	0.203125
1.1443896405475942	0.21875
1.1491607256069758	0.21875
1.153941680124309	0.21875
1.1587311514939225	0.203125
1.1635257747649452	0.21875
1.1683267302745213	0.15625
1.173135021307288	0.203125
1.1779512222817543	0.25
1.182773729881888	0.234375
1.1876010362512681	0.25
1.1924340111550822	0.21875
1.1972744782788842	0.25
1.202123209350236	0.25
1.206981002730827	0.25
1.211848757659452	0.25
1.2167272689247517	0.28125
1.2216167872030383	0.28125
1.2265155283675648	0.265625
1.231422080477182	0.265625
1.23633728316316	0.265625
1.2412619769734698	0.25
1.2461968641665677	0.25
1.251142510993171	0.25
1.2560996306007064	0.25
1.261068262111319	0.21875
1.2660451766557435	0.21875
1.2710292519658721	0.21875
1.276021278417079	0.25
1.2810219901684892	0.28125
1.2860319699047826	0.28125
1.2910519083870953	0.28125
1.2960821189304126	0.28125
1.3011208535587024	0.28125
1.3061667836078628	0.28125
1.3112205537195782	0.28125
1.3162828599672278	0.28125
1.3213544305352143	0.28125
1.3264359721813939	0.28125
1.3315281679130901	0.25
1.3366316628302324	0.25
1.3417464085349542	0.21875
1.3468694981583127	0.21875
1.352001294804989	0.234375
1.3571424013833215	0.28125
1.362293411503328	0.28125
1.3674549127528526	0.28125
1.3726274837634296	0.28125
1.3778116881765892	0.28125
1.3830073791536435	0.28125
1.3882110310547806	0.28125
1.3934224259801815	0.28125
1.3986421455333038	0.28125
1.4038707535049244	0.28125
1.4091087926518882	0.28125
1.4143565383869943	0.25
1.419612728160718	0.234375
1.4248757350600953	0.21875
1.430146134187457	0.21875
1.4354246918232147	0.25
1.4407121055829926	0.28125
1.4460090413445021	0.28125
1.451316133168753	0.28125
1.4566339802453176	0.28125
1.4619628040592474	0.28125
1.4673008231809501	0.28125
1.472646475696476	0.28125
1.478000404165318	0.28125
1.4833632397148204	0.28125
1.4887355988879534	0.28125
1.49411808059234	0.265625
1.499511263035101	0.25
1.5049156992337727	0.21875
1.510331906564686	0.21875
1.5157598817063689	0.234375
1.5211969582839644	0.25
1.5266415621182845	0.25
1.532094215889962	0.25
1.537555422334445	0.28125
1.5430256637850768	0.28125
1.5485054019185973	0.28125
1.553994674388436	0.28125
1.5594915710759674	0.265625
1.5649962948956635	0.265625
1.5705093858650065	0.265625
1.57603134446225	0.25
1.5815625255152277	0.25
1.5871033113883988	0.234375
1.5926541828947764	0.21875
1.598215001197538	0.21875
1.6037830214942657	0.21875
1.6093587983633084	0.21875
1.6149428719486507	0.21875
1.6205357665313653	0.21875
1.626137989019692	0.171875
1.6317500274795025	0.21875
1.6373723497638104	0.171875
1.6430054022625895	0.234375
1.6486495985227687	0.21875
1.6543052653786177	0.21875
1.6599722647847073	0.21875
1.6656481642446046	0.21875
1.6713313415977533	0.203125
1.6770222023813683	0.1875
1.6827211428495712	0.1875
1.688428550518862	0.1875
1.694144804623274	0.1875
1.6998702764560243	0.140625
1.705605329581959	0.09375
1.7113503199110869	0.140625
1.7171053033491188	0.09375
1.7228689081007205	0.09375
1.7286411799591392	0.09375
1.734422478753543	0.09375
1.7402131500148956	0.09375
1.7460131420679101	0.09375
1.7518205750974132	0.09375
1.7576356548907994	0.078125
1.7634588086175922	0.171875
1.7692904467149984	0.109375
1.7751309622562104	0.0625
1.7809807304433842	0.0625
1.7868401082355774	0.0625
1.7927094341191359	0.0625
1.7985890280247552	0.0625
1.804479191393135	0.0625
1.8103802073868522	0.0625
1.816291759080562	0.0625
1.8222106579765276	0.0625
1.8281364282376336	0.078125
1.8340694433261486	0.078125
1.8400100712893857	0.09375
1.8459586742420513	0.09375
1.851915607817264	0.09375
1.8578812206004929	0.09375
1.8638558535600764	0.09375
1.8698398394861968	0.09375
1.8758335024478359	0.09375
1.881837045090502	0.09375
1.8878498182461643	0.09375
1.8938703259892016	0.09375
1.8998989175564198	0.09375
1.905935933135558	0.09375
1.9119816537307806	0.09375
1.9180363166468104	0.09375
1.924100274056161	0.09375
1.9301738723053117	0.09375
1.9362574495295506	0.09375
1.942351107148285	0.09375
1.9484537654870566	0.09375
1.9545650949258664	0.09375
1.960685331099517	0.09375
1.9668146985770827	0.09375
1.9729534113565221	0.09375
1.979101673476147	0.09375
1.9852596797398774	0.09375
1.9914276165493996	0.09375
1.9976051594264	0.09375
2.003789603172376	0.09375
2.0099810332725547	0.109375
2.016179728024886	0.125
2.0223859674868176	0.125
2.0286000336204424	0.125
2.034822210087222	0.125
2.0410527816643396	0.125
2.047292033268296	0.125
2.0535402485876366	0.125
2.059797708345043	0.125
2.0660646882286993	0.125
2.0723411988344815	0.125
2.078626023171018	0.125
2.0849193414323692	0.125
2.0912213650301172	0.125
2.097532280475487	0.125
2.1038522502258945	0.125
2.1101814141672977	0.125
2.1165198916881565	0.125
2.1228677842732604	0.125
2.1292249594393455	0.125
2.1355901386323892	0.140625
2.1419627826014986	0.15625
2.148343034637845	0.15625
2.1547310434830735	0.15625
2.161126964945752	0.15625
2.1675309631394595	0.15625
2.1739432113070034	0.15625
2.180363892205749	0.15625
2.186793198037223	0.15625
2.1932313299111357	0.15625
2.1996784968418197	0.15625
2.2061348674977084	0.15625
2.212600138214649	0.15625
2.219073069902728	0.15625
2.225553904958962	0.140625
2.2320428608002096	0.140625
2.2385401277887125	0.15625
2.2450458678222662	0.15625
2.2515602136824007	0.15625
2.2580832692174133	0.15625
2.264615110585464	0.15625
2.2711555725110535	0.15625
2.2777033259399864	0.15625
2.284257653213859	0.15625
2.290818603374706	0.15625
2.2973862299556402	0.125
2.3039605880392835	0.140625
2.310541730415666	0.15625
2.3171297370638735	0.15625
2.3237248821092793	0.125
2.330322130656015	0.125
2.33688847546062	0.125
2.343407482384998	0.125
2.3498531350277756	0.125
2.356140775334877	0.125
2.362345288582838	0.21875
2.368503988857079	0.25
2.3746157539461574	0.234375
2.3804583478462704	0.21875
2.3861274279594666	0.171875
2.3917119060833594	0.125
2.3972530810148758	0.125
2.402765786514495	0.125
2.4081544207509	0.125
2.4134691344547203	0.125
2.418743235329138	0.125
2.423994291176203	0.109375
2.4291934834550633	0.125
2.4342622661967654	0.125
2.43921043628168	0.125
2.444104679432294	0.125
2.448976551790352	0.125
2.4538402456492796	0.125
2.4586303080687326	0.125
2.463369526574708	0.125
2.4680855345293615	0.125
2.47279461012005	0.109375
2.477506751109643	0.125
2.4821638371292614	0.125
2.486750446478504	0.125
2.491291472039068	0.125
2.4958204319544586	0.125
2.5003494959085626	0.125
2.5048667317582916	0.125
2.509333163625692	0.125
2.5137785376739554	0.125
2.5182174774545434	0.125
2.5226637282935402	0.125
2.5271256666687787	0.125
2.5315833946052004	0.15625
2.536019855290451	0.1875
2.5404423656315744	0.1875
2.5448593919977456	0.1875
2.5492703145911397	0.1875
2.553670744098195	0.1875
2.5580409520371488	0.1875
2.5624021533446144	0.1875
2.5667633955938727	0.1875
2.571136036931502	0.21875
2.575528623443753	0.21875
2.579939271502788	0.21875
2.5843381647372485	0.265625
2.5887344630995757	0.265625
2.5931279647768695	0.234375
2.5975181009036183	0.234375
2.601895854044015	0.203125
2.6062571760513324	0.125
2.6106165043692724	0.125
2.614981393977982	0.140625
2.6193618787715285	0.15625
2.623763136390928	0.140625
2.628179653562762	0.125
2.6325917310778104	0.125
2.6370033075061947	0.125
2.641412330995746	0.125
2.6458185577573214	0.125
2.6502029712255	0.125
2.65458185890004	0.125
2.6589625447374052	0.125
2.663355450081967	0.15625
2.667767848815413	0.15625
2.6722004790783176	0.125
2.67663578936827	0.125
2.681069166414339	0.125
2.6855004497025936	0.125
2.6899280316225984	0.125
2.69434101791019	0.125
2.698742373507217	0.125
2.7031425252185	0.125
2.707551136446153	0.140625
2.7119767501266137	0.15625
2.7164228075960484	0.140625
2.72088035855875	0.125
2.7253334473837247	0.125
2.7297847486001046	0.125
2.7342311156635333	0.125
2.7386706866817043	0.125
2.7430918858176603	0.125
2.7475081697771673	0.125
2.75192877253362	0.140625
2.7563635667222615	0.15625
2.7608185110574595	0.15625
2.7652920354347086	0.125
2.769758631325321	0.125
2.774222349182991	0.125
2.778679649220988	0.125
2.783133687484066	0.125
2.7875683501273167	0.125
2.791994678770006	0.125
2.7964212602607796	0.125
2.8008592312984364	0.15625
2.8053155454344476	0.15625
2.809790754263646	0.140625
2.8142671896386258	0.125
2.8187379549494507	0.125
2.823204019138575	0.125
2.827664187004358	0.125
2.832109723691509	0.125
2.8365437844175534	0.125
2.8409742245967537	0.125
2.8454130628034884	0.15625
2.849868199650949	0.15625
2.8543419496846045	0.140625
2.858822167197775	0.125
2.8632958718204202	0.125
2.8677671285163964	0.125
2.8722316249365942	0.125
2.876687429548824	0.125
2.8811274452207307	0.125
2.8855620362426477	0.125
2.890002312058085	0.15625
2.8944570060862556	0.15625
2.8989303952754986	0.140625
2.903416657382676	0.125
2.9078953981000435	0.125
2.9123719781536845	0.125
2.916841700806815	0.125
2.9213071026095516	0.125
2.925752661116441	0.125
2.9301913605780743	0.125
2.9346330107173992	0.140625
2.9390871011077504	0.15625
2.94355931913689	0.140625
2.9480486867629616	0.125
2.9525314763313366	0.125
2.9570118537268644	0.125
2.9614884490725	0.125
2.9659617604791624	0.125
2.970417197440278	0.125
2.9748644188374165	0.125
2.979312054822345	0.140625
2.9837703064126577	0.15625
2.9882454413713884	0.15625
2.9927378038146677	0.125
2.997229325622467	0.125
3.001716606495518	0.125
3.006201131878525	0.125
3.010680785721964	0.125
3.0151457555415195	0.125
3.0196013592619306	0.125
3.024055010032014	0.140625
3.0285175457939153	0.15625
3.032995767455182	0.15625
3.0374912880081046	0.125
3.041991153598962	0.125
3.0464869454605874	0.125
3.0509829521926526	0.125
3.055473894849448	0.125
3.0599529865875534	0.125
3.064420143733971	0.125
3.068884831306939	0.140625
3.073356634676244	0.15625
3.077842872941378	0.15625
3.0823458979522487	0.125
3.0868555244334943	0.125
3.0913609291401847	0.125
3.0958666035258973	0.125
3.1003675289755157	0.125
3.104860317041747	0.125
3.109339030304565	0.125
3.1138145894455627	0.140625
3.1182958526609847	0.15625
3.1227905824581237	0.15625
3.1273023605186183	0.125
3.1318257619184435	0.125
3.13634477615507	0.125
3.1408642232866146	0.125
3.14537917876157	0.125
3.149887156212172	0.125
3.1543788302644957	0.125
3.1588669361592157	0.125
3.163359145968526	0.15625
3.1678636413594226	0.15625
3.1723847293640084	0.140625
3.1769193304451386	0.125
3.1814492078415295	0.125
3.185978987510567	0.125
3.190507428546751	0.125
3.195032006215871	0.125
3.1995383170797043	0.125
3.2040404052377576	0.125
3.2085452600440307	0.15625
3.2130614368163517	0.15625
3.21759386846051	0.140625
3.2221414739800953	0.125
3.2266832635768856	0.125
3.23122437593154	0.125
3.2357630236560095	0.125
3.2402988272378246	0.125
3.244814998659278	0.125
3.249326271776294	0.125
3.2538395707571954	0.15625
3.258363284552393	0.15625
3.2629026795008205	0.140625
3.267457678056958	0.125
3.272007971040503	0.125
3.276557633407124	0.125
3.2811053424903296	0.125
3.2856501376799887	0.125
3.290175647561483	0.125
3.2946950441942526	0.125
3.2992161676309912	0.15625
3.3037467471307123	0.15625
3.3082922065127627	0.140625
3.312852476699178	0.125
3.317407016004885	0.125
3.3219608410063137	0.125
3.3265116425850465	0.125
3.3310598217688367	0.125
3.335589551327581	0.125
3.340112546502632	0.125
3.3446372510605364	0.15625
3.3491708098319277	0.15625
3.3537187420873997	0.140625
3.358281250902466	0.125
3.3628388326130416	0.125
3.367395512452687	0.125
3.371948174118143	0.125
3.3764980976703627	0.125
3.3810292399610677	0.125
3.3855531037650004	0.125
3.3900785829478726	0.15625
3.3946122838832418	0.15625
3.3991597916574774	0.140625
3.4037213111507163	0.125
3.4082770640958664	0.125
3.4128321395153667	0.125
3.4173834502733853	0.125
3.421932220609926	0.125
3.42646254435745	0.125
3.430985535603856	0.140625
3.4355102631693253	0.15625
3.4400429093567197	0.15625
3.444589032425035	0.140625
3.449148744804471	0.125
3.453701964982905	0.125
3.458254458084731	0.125
3.4628017034347613	0.125
3.467346502612672	0.125
3.4718719819618524	0.125
3.476390377702421	0.140625
3.4809108587190116	0.15625
3.4854390718988135	0.15625
3.4899805129754684	0.140625
3.4945351399466023	0.125
3.499082212690763	0.125
3.503629062582228	0.125
3.5081710216535154	0.125
3.512710816571366	0.125
3.5172309143478246	0.125
3.521744478112666	0.125
3.5262605218917256	0.125
3.5307843178738008	0.125
3.5353208717108053	0.109375
3.539868512118754	0.09375
3.5444090709811205	0.09375
3.5489496620676912	0.09375
3.5534842386663295	0.09375
3.5580164322234	0.09375
3.562528702320542	0.09375
3.5670352340483795	0.09375
3.5715447557845805	0.09375
3.5760620863100585	0.09375
3.5805918743867418	0.0625
3.585130781863731	0.0625
3.5896638242930763	0.0625
3.5941988285511557	0.0625
3.598734954350956	0.0625
3.6032748374114787	0.0625
3.6078055883798745	0.0625
3.61234704001314	0.0625
3.6169172981701605	0.0625
3.6215251778164954	0.078125
3.62614528448925	0.09375
3.6307777010735753	0.09375
3.6354234239004057	0.09375
3.640082614914041	0.09375
3.6447484526809433	0.09375
3.6494220900575463	0.09375
3.6541045431135353	0.09375
3.658796941609673	0.09375
3.6635006256037097	0.09375
3.668217512442884	0.09375
3.6729500762768206	0.09375
3.677697863122932	0.09375
3.6824535363628548	0.09375
3.687217906972812	0.109375
3.691992013356728	0.125
3.6967772075771825	0.125
3.701574959819658	0.125
3.7063844212336288	0.125
3.711200349042792	0.125
3.716023782752319	0.125
3.7208559858938397	0.125
3.7256983689438328	0.125
3.7305525826221175	0.125
3.7354206271821977	0.125
3.740303950760233	0.125
3.7451975308406795	0.125
3.7500988892641627	0.125
3.7550089940606437	0.140625
3.759929088541509	0.15625
3.7648607898771407	0.15625
3.7698048501931836	0.15625
3.7747557261090856	0.125
3.779713728418353	0.125
3.7846795650591276	0.125
3.7896547707510924	0.125
3.7946411225970693	0.125
3.7996407122981037	0.125
3.804655231434127	0.125
3.8096817027917043	0.125
3.814715754052899	0.125
3.8197584224724186	0.125
3.8248110460046125	0.15625
3.8298753619750654	0.15625
3.834952327854261	0.15625
3.840036713058815	0.140625
3.845127997125254	0.125
3.8502271722538084	0.125
3.8553361327761295	0.125
3.8604569131079365	0.125
3.865591951238265	0.125
3.870742927339821	0.125
3.8759050120235092	0.125
3.881075234353414	0.125
3.886254886042844	0.140625
3.8914456455814017	0.15625
3.8966494483668352	0.15625
3.9018659959462085	0.140625
3.907088813222879	0.125
3.9123188447853305	0.125
3.917558270133736	0.125
3.9228092603458737	0.125
3.9280744428921515	0.125
3.9333562515348373	0.125
3.9386528031580816	0.125
3.943957596344385	0.125
3.9492720340300393	0.140625
3.9545979722923157	0.15625
3.9599374567169034	0.15625
3.965289655115704	0.140625
3.9706482746501783	0.125
3.976014364816453	0.125
3.9813904050791775	0.125
3.9867789261376925	0.125
3.992183004818937	0.125
3.9976046432790056	0.125
4.0030371711347925	0.125
4.008478632314502	0.125
4.013930799240968	0.140625
4.019395994418708	0.15625
4.024875134448891	0.15625
4.030360705980836	0.125
4.035853591834404	0.125
4.041355565810373	0.125
4.046869505841795	0.125
4.052398695302291	0.125
4.05794545331969	0.125
4.063503625076234	0.125
4.069070709330188	0.125
4.074648688208439	0.140625
4.080240048366648	0.15625
4.085845274405859	0.15625
4.091456904546378	0.125
4.0970756538302755	0.125
4.102704276050664	0.125
4.108346039823486	0.125
4.114004793771375	0.125
4.119682828102009	0.125
4.125370442136271	0.125
4.13106820392514	0.125
4.136778663693799	0.15625
4.142504352770647	0.15625
4.148242709275924	0.140625
4.153986924533054	0.125
4.159730030558675	0.125
4.16546602846248	0.125
4.171191290537589	0.125
4.176910515226598	0.125
4.182589181508815	0.125
4.188245380287988	0.125
4.193898664728837	0.15625
4.199557911808837	0.15625
4.205231007723639	0.140625
4.210919261580848	0.125
4.2165940811575355	0.125
4.222258970770355	0.125
4.227913811447227	0.125
4.233561471001642	0.125
4.239179606790015	0.125
4.244770712306293	0.125
4.250355682690653	0.140625
4.255946395691027	0.15625
4.261548270515754	0.15625
4.267164570928822	0.125
4.272773770763911	0.125
4.278371323381111	0.125
4.283961316551608	0.125
4.28954368136705	0.125
4.2951081541765666	0.125
4.300642320754567	0.125
4.30616785473574	0.140625
4.311698462557077	0.15625
4.317238694876861	0.15625
4.322793522144944	0.125
4.328350419238686	0.125
4.333895312652553	0.125
4.339439072343942	0.125
4.344976434342691	0.125
4.350512369454169	0.125
4.356016803029554	0.125
4.3615102493475355	0.140625
4.367007360433325	0.15625
4.372514681800914	0.15625
4.378038057534042	0.125
4.383579005174071	0.125
4.389112778563728	0.125
4.394646965085623	0.125
4.4001899747007105	0.125
4.405744289796855	0.125
4.411306202942145	0.125
4.416859321910858	0.125
4.422413285995639	0.125
4.427978257495225	0.140625
4.433560903894528	0.125
4.4391649733745755	0.125
4.444790877124157	0.125
4.450422945014033	0.125
4.456060512285057	0.125
4.461700235781338	0.125
4.4673441623411065	0.125
4.4729941711032835	0.125
4.47865118943889	0.125
4.484315461889743	0.125
4.489986393170771	0.109375
4.4956631022169935	0.109375
4.501345143963134	0.125
4.5070324630483105	0.125
4.512725458461193	0.125
4.518424509144089	0.125
4.524130035724923	0.125
4.529842459071777	0.125
4.535562141926944	0.125
4.541289348304672	0.125
4.547024234318859	0.125
4.552766869603263	0.125
4.558517280057621	0.125
4.5642754994723385	0.109375
4.570041621563324	0.09375
4.575815836780987	0.109375
4.581598389811168	0.125
4.58738931386963	0.125
4.593188749968451	0.125
4.598997175600929	0.125
4.604815081030278	0.125
4.61064292840804	0.171875
4.616481128897414	0.171875
4.6223300411487696	0.171875
4.628189988175858	0.171875
4.634061284361811	0.125
4.639944262002049	0.171875
4.645839066294322	0.125
4.651743893332143	0.125
4.657653823453829	0.109375
4.663569654240281	0.109375
4.6694923405275555	0.125
4.675422918906343	0.125
4.681362417107477	0.125
4.687311692631904	0.125
4.693271108886337	0.125
4.699241510800096	0.125
4.705223334726003	0.125
4.711215549652561	0.125
4.717217575320481	0.125
4.723229736038266	0.125
4.729251912952627	0.125
4.735284364479603	0.125
4.7413273641516955	0.125
4.7473811063055225	0.125
4.753445702060157	0.125
4.759521193618351	0.140625
4.765607583205261	0.140625
4.7717048694001685	0.140625
4.777813081695808	0.125
4.7839323043446385	0.125
4.790062587455903	0.125
4.79620258187593	0.125
4.802346824209111	0.125
4.808495596033322	0.125
4.814649307935575	0.125
4.820808452781465	0.125
4.8269735552141935	0.125
4.8331451256872535	0.125
4.839323625671137	0.125
4.84550944796951	0.125
4.851702912851343	0.125
4.857904277545526	0.125
4.864113754132471	0.140625
4.870331529484911	0.140625
4.876557780898323	0.15625
4.882792682416016	0.15625
4.889036399281637	0.140625
4.895289070912451	0.125
4.901550785657903	0.125
4.907821552797334	0.125
4.9141012783064815	0.125
4.920389750692716	0.125
4.926686641681668	0.125
4.932991524017732	0.125
4.939303905627674	0.125
4.945623276430847	0.125
4.951949161731619	0.125
4.958281174835789	0.125
4.964619061504809	0.125
4.970962730047873	0.125
4.977312262991574	0.140625
4.983667864602471	0.15625
4.990029057179521	0.15625
4.996392800014031	0.15625
5.002759406242518	0.234375
5.009129327284748	0.171875
5.0155025810748715	0.125
5.021879526644397	0.171875
5.028260049608727	0.21875
5.034644377244305	0.171875
5.041032666895742	0.171875
5.047425016330046	0.234375
5.053821625110471	0.234375
5.060222877030379	0.234375
5.066628463113265	0.234375
5.073038400347124	0.28125
5.079452660325246	0.234375
5.085871221150284	0.25
5.092294001709985	0.203125
5.0987206358065205	0.203125
5.105150943346781	0.203125
5.111584469424617	0.25
5.1180211294480795	0.296875
5.12446049368288	0.234375
5.130902426819006	0.265625
5.137346889996049	0.171875
5.143793952166981	0.21875
5.150243798027432	0.21875
5.156696707680973	0.125
5.163153045007285	0.125
5.169613228651145	0.171875
5.176077694573571	0.125
5.182546874636586	0.125
5.189021161690017	0.125
5.1955008930196085	0.140625
5.201986342794478	0.15625
5.208477707351297	0.15625
5.214975100815053	0.15625
5.221478528563787	0.15625
5.227987200543528	0.15625
5.2344974535842965	0.140625
5.241007690032154	0.125
5.247517291870755	0.125
5.2540261417566105	0.125
5.260534136706718	0.125
5.267041201974901	0.125
5.273547303132053	0.125
5.28005245557172	0.125
5.286556730780475	0.125
5.293060258930808	0.125
5.299563227659837	0.125
5.306065877246204	0.140625
5.312568492730955	0.15625
5.319071393790952	0.15625
5.325574923328684	0.15625
5.332079435778063	0.15625
5.338585286054402	0.15625
5.345092819928496	0.140625
5.351602366419079	0.125
5.358114232604276	0.125
5.36462870107341	0.125
5.371146030080384	0.125
5.37766645631122	0.125
5.384190200027271	0.125
5.390717472181014	0.125
5.397248482924899	0.125
5.4037834507608675	0.125
5.410322611390424	0.140625
5.4168661282470785	0.140625
5.423413731392394	0.15625
5.429965701179532	0.15625
5.436522457337112	0.15625
5.443084446873205	0.15625
5.4496521323813045	0.140625
5.456225977958317	0.1875
5.462805694566517	0.171875
5.469387302789339	0.171875
5.475970016086809	0.21875
5.482553998832732	0.21875
5.489139469820122	0.21875
5.4957267016565385	0.21875
5.502316015455014	0.21875
5.508907771469315	0.21875
5.515502356717866	0.234375
5.522100170803022	0.234375
5.52870161120747	0.25
5.535307059274327	0.25
5.54191686789801	0.203125
5.5485313517107135	0.203125
5.555150780281525	0.203125
5.561775374580185	0.1875
5.568405306711657	0.125
5.575040702707631	0.125
5.581681647962258	0.125
5.588328194710821	0.125
5.594980370848744	0.125
5.601637966786649	0.125
5.6082994978426	0.125
5.614963728597091	0.125
5.621631002789826	0.125
5.628301360447058	0.140625
5.634973223099743	0.15625
5.641646210002654	0.15625
5.648320391362398	0.15625
5.654995859977871	0.15625
5.661672728974244	0.15625
5.668351127093957	0.1875
5.675031192042953	0.171875
5.681713062562301	0.171875
5.688396870000903	0.21875
5.695082730196786	0.21875
5.7017707364344155	0.21875
5.708460954142623	0.21875
5.715153417845241	0.21875
5.721848130690888	0.21875
5.728545066683774	0.21875
5.735244175527029	0.21875
5.741945389786296	0.21875
5.748648633893497	0.21875
5.755353834349813	0.21875
5.762060930364442	0.21875
5.768769884093725	0.21875
5.7754806896347555	0.171875
5.782193379986296	0.15625
5.788908031318988	0.15625
5.795624764090134	0.15625
5.802343740780734	0.125
5.809065160301039	0.125
5.815789024929477	0.125
5.822514088228065	0.125
5.8292393773771485	0.140625
5.835965129137151	0.15625
5.842691586995727	0.15625
5.849418990557562	0.15625
5.856147564399613	0.15625
5.862877507227435	0.15625
5.8696089821450705	0.15625
5.876342108764085	0.140625
5.883076957738439	0.140625
5.889813548135393	0.125
5.896551847852064	0.125
5.903291777077091	0.125
5.910033214588957	0.125
5.9167760064878525	0.125
5.9235199767873965	0.125
5.930264939156705	0.125
5.937010709012918	0.125
5.943757115128701	0.125
5.950504009945219	0.140625
5.957251277870705	0.15625
5.963998840993665	0.15625
5.970746661837335	0.15625
5.977494743011332	0.140625
5.984242800084996	0.140625
5.990988917389763	0.125
5.997732375546872	0.125
6.004473405543796	0.125
6.01121227184298	0.125
6.017949260228634	0.125
6.024684665045924	0.125
6.031418776656465	0.125
6.038151869894277	0.125
6.0448841942217415	0.125
6.05161596616381	0.140625
6.058347364445515	0.15625
6.065078528072725	0.140625
6.071809557371778	0.140625
6.078540517768676	0.125
6.085271246718554	0.125
6.092000639452827	0.125
6.0987287906557155	0.125
6.105455879904344	0.140625
6.112182022581316	0.140625
6.118907251146135	0.140625
6.125631503751442	0.140625
6.132353890450247	0.140625
6.139069136404958	0.15625
6.145771980578458	0.15625
6.152462161519676	0.15625
6.159140144131498	0.15625
6.165806871489792	0.15625
6.172463705787743	0.140625
6.179112307431058	0.140625
6.185754475715618	0.140625
6.19239176761333	0.140625
6.199023663924464	0.140625
6.205645944488487	0.140625
6.212257371350831	0.125
6.218858677895161	0.125
6.225450769869402	0.125
6.232032545769474	0.125
6.23859903386015	0.125
6.245151298765734	0.125
6.251690767226071	0.125
6.2582191105519	0.125
6.264738104626064	0.125
6.271249488179066	0.125
6.277753997332795	0.125
6.28424786263385	0.125
6.290730387558955	0.125
6.297202894242047	0.125
6.30366696248773	0.125
6.310124304907569	0.125
6.31657662922994	0.0625
6.323025506892708	0.0625
6.329472261652003	0.0625
6.335917131481323	0.0625
6.342355975097605	0.0625
6.348785795846845	0.0625
6.3552037254547225	0.0625
6.361607327219079	0.0625
6.367997394315195	0.0625
6.37437508224753	0.0625
6.38074182914655	0.0625
6.387099246232964	0.0625
6.393448995495493	0.078125
6.399792671170963	0.078125
6.406131698739739	0.078125
6.412467260917079	0.078125
6.418800255501744	0.09375
6.425131285646965	0.09375
6.431460455804389	0.09375
6.437786166703532	0.09375
6.444105472995113	0.09375
6.450415812196596	0.09375
6.456718452135865	0.09375
6.46301486535006	0.09375
6.469306307979426	0.09375
6.475593359570024	0.09375
6.48187437189385	0.09375
6.488149388355199	0.09375
6.4944189174872715	0.09375
6.500683620753136	0.09375
6.506944289388303	0.09375
6.5132018122029285	0.09375
6.519457138605649	0.09375
6.5257112410275155	0.09375
6.5319650802243325	0.09375
6.538218983794655	0.09375
6.544469955627858	0.09375
6.550715693434291	0.09375
6.556955091295963	0.09375
6.563188391027523	0.09375
6.569416011899551	0.09375
6.575638525921293	0.09375
6.58185662370359	0.09375
6.588071075551322	0.09375
6.594282692091819	0.125
6.600492287944166	0.125
6.606700270744861	0.125
6.612905075030656	0.125
6.619106575561125	0.125
6.625305476920432	0.125
6.631502462386874	0.125
6.637698174153781	0.125
6.643893199502846	0.125
6.650088062183144	0.125
6.65628321790254	0.125
6.6624790527608075	0.125
6.668675883591094	0.125
6.67487366797392	0.125
6.681070640995366	0.125
6.687265324703832	0.15625
6.693458192740411	0.1875
6.699649650799817	0.1875
6.705840034590054	0.1875
6.712029610965406	0.1875
6.718218370521452	0.1875
6.72440524762489	0.1875
6.730590312240133	0.1875
6.736773853375368	0.1875
6.74295611651672	0.1875
6.749137303479037	0.1875
6.755317573219725	0.1875
6.761497044152257	0.15625
6.767675798332065	0.15625
6.7738538876323835	0.15625
6.780031341724635	0.15625
6.786208177387932	0.171875
6.792384408431097	0.171875
6.79856005535856	0.171875
6.804735153874666	0.171875
6.810909761410328	0.171875
6.817083961062935	0.171875
6.823257862637847	0.15625
6.829431600824279	0.15625
6.8356052947647274	0.140625
6.8417788695939175	0.140625
6.847952288090631	0.140625
6.854125751791073	0.125
6.86029926841321	0.125
6.866473013904521	0.125
6.872647211580259	0.125
6.87882207494847	0.125
6.884997801807484	0.125
6.8911745701483325	0.125
6.897352535982141	0.125
6.903531832959084	0.125
6.909712573436885	0.125
6.915894603005989	0.125
6.922076580377404	0.125
6.928258518823921	0.125
6.934440571877881	0.125
6.940622888592492	0.140625
6.946805614502957	0.140625
6.952988876577716	0.15625
6.959172543603258	0.15625
6.965355731836885	0.15625
6.971538675559426	0.15625
6.977721614768036	0.15625
6.98390479129715	0.15625
6.990088444196798	0.15625
6.996272804728306	0.15625
7.002458091375729	0.140625
7.008644505262515	0.140625
7.014832226314367	0.140625
7.021021410431874	0.125
7.027212187841764	0.125
7.033404662694573	0.125
7.039598913877847	0.125
7.0457949577850805	0.125
7.051992588133582	0.125
7.05819172289604	0.125
7.0643924145158845	0.125
7.070594697327427	0.125
7.076798591168641	0.125
7.083004105266487	0.140625
7.0892112420871065	0.140625
7.095420000865526	0.15625
7.101630380576447	0.15625
7.107842382174361	0.15625
7.1140560100105175	0.15625
7.120271272417982	0.15625
7.126488181535473	0.15625
7.132706752507626	0.15625
7.138927002247442	0.15625
7.145148947971583	0.140625
7.151372485921366	0.140625
7.157596846990719	0.125
7.163821467159171	0.125
7.170046390567051	0.125
7.176271672412249	0.125
7.182497377057344	0.125
7.18872357629306	0.125
7.194950333281149	0.125
7.20117749145505	0.125
7.207404258771933	0.125
7.213630789506689	0.140625
7.219857249588428	0.140625
7.226083814946844	0.140625
7.2323106698787685	0.15625
7.238538005364862	0.15625
7.244766017274748	0.15625
7.250994904416692	0.15625
7.25722486641156	0.15625
7.263456101396342	0.15625
7.269688803586476	0.15625
7.275923104165763	0.15625
7.282158813123771	0.15625
7.288395833365936	0.15625
7.294634348047551	0.15625
7.300874530447183	0.140625
7.3071165414959545	0.140625
7.313360527416674	0.125
7.319606617562458	0.125
7.325854922536717	0.125
7.332105532664595	0.140625
7.338358516871528	0.140625
7.34461392200895	0.15625
7.350871772651456	0.15625
7.357132071374455	0.15625
7.363394799507125	0.15625
7.3696598846096	0.15625
7.3759269598605695	0.15625
7.382195285751898	0.15625
7.388464806748046	0.15625
7.394735458986674	0.140625
7.4010071722940465	0.125
7.407279872307124	0.125
7.413553482669605	0.125
7.41982792727139	0.125
7.4261031325022	0.140625
7.432379029494685	0.15625
7.438655470001932	0.15625
7.444931903606827	0.15625
7.451208253815478	0.15625
7.457484528203062	0.140625
7.463760752033821	0.125
7.470036968073288	0.125
7.47631322673018	0.125
7.482589584912294	0.125
7.488866114807684	0.125
7.49514289597037	0.125
7.501420010134253	0.125
7.5076975380484345	0.140625
7.513975560079022	0.15625
7.520254161078469	0.1875
7.5265334474164725	0.1875
7.532813576409714	0.1875
7.539094758050535	0.1875
7.545377269305558	0.1875
7.551661433666273	0.1875
7.55794748212717	0.1875
7.564235867832259	0.1875
7.570527090087176	0.1875
7.576821638850635	0.203125
7.5831199765310435	0.203125
7.589422563184475	0.21875
7.59572971788409	0.21875
7.602040793244736	0.21875
7.608355800094064	0.21875
7.6146753035863695	0.21875
7.62099403640369	0.21875
7.627282301082691	0.21875
7.633547846379303	0.21875
7.639724482556285	0.21875
7.645848635689046	0.234375
7.651929351646234	0.25
7.657995291033078	0.25
7.664062117460275	0.25
7.670102474852403	0.25
7.676074970419111	0.25
7.682018121611223	0.234375
7.687938371288034	0.234375
7.693846931312918	0.21875
7.6997026103957396	0.21875
7.705528540907667	0.234375
7.711336924142042	0.25
7.7171363155845984	0.25
7.722942439892092	0.25
7.7287612877949545	0.234375
7.734565044674235	0.21875
7.740355771069728	0.21875
7.746132194042834	0.125
7.751895566651102	0.125
7.757628778755734	0.125
7.7633394680566	0.140625
7.769043458315682	0.15625
7.7747423234767625	0.15625
7.780449040854291	0.140625
7.786170613448894	0.125
7.791892583640502	0.125
7.797607833641232	0.125
7.803316460436387	0.125
7.80901848401422	0.125
7.814693787933523	0.125
7.820350429376813	0.125
7.826003417826233	0.140625
7.831655459993675	0.15625
7.837316668391248	0.140625
7.8429924681900225	0.125
7.848665907778639	0.125
7.854334944507336	0.125
7.859998878428891	0.125
7.865658274015886	0.125
7.87129159420796	0.125
7.87691009633726	0.125
7.882527320191086	0.140625
7.888144779860087	0.15625
7.893772959313635	0.140625
7.8994162585513354	0.125
7.905056149758697	0.125
7.910694572428052	0.125
7.916328619174897	0.125
7.921958073906619	0.125
7.92756349523759	0.125
7.933157367028769	0.140625
7.938750512187293	0.15625
7.9443455986208775	0.15625
7.9499529887896685	0.140625
7.955575726877247	0.125
7.961192324032696	0.125
7.966807485880105	0.125
7.972417015016642	0.125
7.97802079096681	0.125
7.983597483317811	0.125
7.989165490473321	0.140625
7.994733902599789	0.15625
8.000305714547402	0.140625
8.005890079923605	0.140625
8.011485667557046	0.125
8.017072263792622	0.125
8.022656686917326	0.125
8.02823413519593	0.125
8.033797607230618	0.125
8.039339550975006	0.125
8.044875897813537	0.140625
8.050412884569953	0.15625
8.055955485977087	0.140625
8.061511430947954	0.125
8.067075254088728	0.125
8.072633415554678	0.125
8.07818992291931	0.125
8.08374149653825	0.125
8.089273936596701	0.125
8.094790313500997	0.125
8.100304063820664	0.140625
8.105817389153525	0.15625
8.11133911040233	0.140625
8.11687532429482	0.125
8.12241584887002	0.125
8.127953276481374	0.125
8.133486705847396	0.125
8.139016249877503	0.125
8.144522720151935	0.125
8.150016892299371	0.125
8.155510318672738	0.140625
8.16100354896135	0.15625
8.166506887600786	0.140625
8.172023700669001	0.125
8.177535423542894	0.125
8.183045881507306	0.125
8.188549445285476	0.125
8.194048670805378	0.125
8.199524061851784	0.125
8.204990519393165	0.140625
8.210456225428215	0.15625
8.215924166960809	0.140625
8.22140390784469	0.125
8.226896992458846	0.125
8.232382178234223	0.125
8.237865431982812	0.125
8.243345755000224	0.125
8.248818238934582	0.125
8.254271129250291	0.125
8.259718476613193	0.140625
8.265164136340005	0.15625
8.270615089847452	0.140625
8.276079215074079	0.125
8.281553853183135	0.125
8.287024034505976	0.125
8.292491630892997	0.125
8.297955703095278	0.125
8.303403421135208	0.125
8.308836728260852	0.140625
8.314267400346333	0.140625
8.319697449431516	0.15625
8.325135336320113	0.140625
8.330585774859575	0.125
8.336036066323121	0.125
8.34148442347354	0.125
8.346927293759414	0.125
8.35236630544898	0.125
8.357783112218705	0.125
8.363190210951345	0.140625
8.368596900549319	0.15625
8.374004490721527	0.140625
8.37942257975752	0.125
8.384853520613042	0.125
8.39027806135589	0.125
8.395701391971548	0.125
8.401121462369044	0.125
8.406534218960916	0.125
8.411928023855934	0.125
8.417316147810908	0.140625
8.422703436675652	0.15625
8.428095543127563	0.140625
8.433500102459684	0.125
8.438914276187925	0.125
8.44432457604016	0.125
8.449733344285702	0.125
8.455138080496143	0.125
8.460527401985603	0.125
8.465903196585547	0.140625
8.471276904786588	0.15625
8.47665085217425	0.15625
8.482032512118256	0.140625
8.487425968055952	0.125
8.492817101708537	0.125
8.498207018224482	0.125
8.503591214205409	0.125
8.508972623251143	0.125
8.514332028730355	0.125
8.519682866463231	0.140625
8.525034474007084	0.15625
8.53038752315429	0.140625
8.5357508362335	0.125
8.541124793544626	0.125
8.546492448028685	0.125
8.551859501160958	0.125
8.557223158004065	0.125
8.56257818901495	0.125
8.5679169048693	0.140625
8.573251521239808	0.140625
8.578585814759721	0.15625
8.583925969865621	0.140625
8.589278305802868	0.125
8.59463704319352	0.125
8.599993875560605	0.125
8.605348759809026	0.125
8.610700551594949	0.125
8.616034923902019	0.125
8.62135862933653	0.140625
8.626682087093123	0.15625
8.632005916395824	0.140625
8.637338848098734	0.125
8.642683487510462	0.125
8.64802253681106	0.125
8.65336143995663	0.125
8.658694099994372	0.125
8.66402057613773	0.125
8.669328269174834	0.140625
8.674630242166332	0.140625
8.679932894014218	0.15625
8.685239481171182	0.140625
8.690556833112655	0.125
8.695880011124189	0.125
8.701200233369004	0.125
8.706519665391266	0.125
8.711836402876827	0.125
8.71713947301854	0.125
8.722430730871718	0.125
8.727720888410175	0.125
8.733010843648954	0.109375
8.738309068311052	0.109375
8.743619470216002	0.09375
8.748929562635094	0.09375
8.754239295861428	0.09375
8.759544566731094	0.09375
8.764845565041442	0.09375
8.770126559652148	0.09375
8.775400985612768	0.09375
8.780676368314824	0.09375
8.785954691427486	0.078125
8.79124326311667	0.0625
8.796538600532546	0.0625
8.801831029854931	0.0625
8.807127251088918	0.0625
8.8124253230736	0.0625
8.817729964451948	0.0625
8.823044820991191	0.0625
8.828385603178408	0.078125
8.833741111023429	0.078125
8.839107555305242	0.09375
8.844481880217206	0.09375
8.849859528005538	0.09375
8.855241335557988	0.09375
8.860628617763274	0.09375
8.86602409355317	0.09375
8.871431059796086	0.09375
8.87685112806693	0.09375
8.88227952702677	0.09375
8.887713637633636	0.09375
8.893154027609201	0.09375
8.898602224228364	0.109375
8.904059865123399	0.109375
8.909526404403978	0.125
8.914997089688677	0.125
8.920472458777763	0.125
8.925953318961115	0.125
8.931441499978268	0.125
8.936940183737944	0.125
8.942451166259183	0.125
8.947970257053866	0.125
8.953495557075248	0.125
8.959027082363628	0.125
8.964566399358528	0.140625
8.970115080288032	0.140625
8.975671964463555	0.140625
8.981233063079436	0.140625
8.98679900147069	0.125
8.992370642823012	0.125
8.997949531191606	0.125
9.003538558540843	0.125
9.009138857735193	0.125
9.014747078924685	0.125
9.020360711878762	0.125
9.025980574199215	0.125
9.03160835652813	0.140625
9.037245175421047	0.140625
9.042887126995211	0.15625
9.048534098562309	0.140625
9.054185978716003	0.125
9.059843773486952	0.125
9.065509226216841	0.125
9.071185015452755	0.125
9.076869842417775	0.125
9.082561638264512	0.125
9.088258826017352	0.125
9.093962841747599	0.125
9.09967534781808	0.140625
9.105395984787592	0.140625
9.111121462792248	0.140625
9.116851695319923	0.140625
9.122587618367739	0.125
9.128330548637777	0.125
9.134082873420839	0.125
9.13984675841493	0.125
9.145618529770498	0.125
9.151396116343275	0.125
9.157180298898949	0.125
9.162972967967455	0.140625
9.168775482582715	0.140625
9.174583635296854	0.15625
9.180396673016233	0.140625
9.186215524226972	0.125
9.192041460723965	0.125
9.197876622670373	0.125
9.203723761954327	0.125
9.209579055532524	0.125
9.215440920501809	0.125
9.221309409388997	0.125
9.227186463928033	0.140625
9.233073510218118	0.140625
9.23896620849208	0.15625
9.244864000044092	0.140625
9.250767711817064	0.125
9.25667872047229	0.125
9.262599204693231	0.125
9.268531445289224	0.125
9.274471723457347	0.125
9.280418161115126	0.125
9.286371445839047	0.125
9.292333206107621	0.140625
9.298302245083585	0.140625
9.304276668688123	0.140625
9.310257250195631	0.140625
9.316243969713756	0.125
9.322238483484975	0.125
9.328243102022403	0.125
9.334257333974682	0.125
9.340278522654863	0.125
9.346305638291081	0.125
9.352340209068188	0.125
9.358382835547628	0.140625
9.364430280625559	0.15625
9.370483424210583	0.140625
9.376541925411045	0.125
9.382607252194477	0.125
9.388681317748059	0.125
9.394764926442475	0.125
9.400854739497731	0.125
9.406949303883641	0.125
9.413049816750116	0.125
9.41915568466541	0.140625
9.42526388496172	0.15625
9.431371569039944	0.140625
9.437474185482847	0.125
9.44357211080632	0.125
9.449665334459795	0.125
9.45575382752219	0.125
9.461837560400317	0.125
9.467916358342139	0.125
9.473990646825328	0.125
9.480060735863722	0.140625
9.486126182020563	0.140625
9.49218734457177	0.140625
9.49824502379043	0.125
9.50430010870628	0.125
9.510353561550765	0.125
9.516406467625831	0.125
9.52246027445473	0.125
9.528516747407393	0.125
9.53457622135636	0.125
9.540637498473	0.125
9.546701558637595	0.140625
9.552769711833479	0.140625
9.558843589862427	0.140625
9.564924701965825	0.125
9.571013315060998	0.125
9.577112737373351	0.125
9.5832273322772	0.125
9.589354813856744	0.125
9.595495807873963	0.125
9.601647936644746	0.125
9.607813178294808	0.140625
9.613994213067805	0.140625
9.620186581266609	0.140625
9.626389352919341	0.125
9.632606071102051	0.125
9.638838200074943	0.125
9.645089918468802	0.125
9.651368447569375	0.125
9.657672783064692	0.125
9.66397200683294	0.140625
9.670269750391135	0.140625
9.676567159899452	0.140625
9.682875136822947	0.125
9.689199237611126	0.125
9.695519378339839	0.125
9.701838599658478	0.125
9.708158688860912	0.125
9.714478670533596	0.125
9.720767918254856	0.125
9.72704562074231	0.140625
9.733326545081049	0.140625
9.739613255659306	0.140625
9.745913970006548	0.125
9.752233308286126	0.125
9.75855336831617	0.125
9.764877479373988	0.125
9.771212436554046	0.125
9.777557752605658	0.125
9.783912200367059	0.125
9.790258473198083	0.125
9.796612640217855	0.125
9.80298633125505	0.125
9.80938105511582	0.125
9.815781019426758	0.125
9.822182325200094	0.125
9.828584817386727	0.125
9.834988912059398	0.125
9.84139531921593	0.125
9.847804781521067	0.125
9.85421789454005	0.125
9.860635044520224	0.125
9.867056444380788	0.125
9.873482213888536	0.109375
9.879912464762109	0.125
9.886347362393128	0.125
9.892787149177575	0.125
9.89923212625622	0.125
9.90568241995795	0.125
9.91213682395398	0.125
9.918593123913618	0.125
9.925051412705235	0.125
9.931511852944904	0.125
9.937974675230992	0.125
9.944440170864553	0.109375
9.95090866990325	0.125
9.957380506327384	0.109375
9.963855979132518	0.125
9.97033531509325	0.125
9.976818652032051	0.125
9.983306049761994	0.125
9.989797526775838	0.125
9.996020793688103	0.125
