0.0008296865709749866	0.5
0.006265405119514778	0.5
0.011050000390002672	0.5
0.015585612080764037	0.5
0.01988647043635363	0.5
0.024169308727222057	0.5
0.028578190099579855	0.5
0.033041326745221644	0.5
0.03748383916830686	0.5
0.04191783745144956	0.5
0.046385532130208455	0.5
0.050845274955510625	0.5
0.05529645666799588	0.5
0.05973289449202723	0.5
0.06415475799566009	0.5
0.06856209384829942	0.5
0.07295741600667766	0.5
0.07734433621488396	0.5
0.08172380634728015	0.5
0.08609627836205652	0.5
0.0904601388578092	0.5
0.09481516057324374	0.5
0.09916128527943328	0.5
0.10349874935288472	0.5
0.1078275377386778	0.5
0.11214519377210645	0.5
0.11645128846565392	0.5
0.12074973493659179	0.5
0.12503449031764824	0.5
0.12930177591353098	0.5
0.13355487612947214	0.5
0.13779669839806197	0.5
0.1420293634264496	0.5
0.14625410622801335	0.5
0.15047271323029193	0.5
0.15468767965822317	0.5
0.15890233315579605	0.5
0.16311579196147347	0.5
0.16732886958801782	0.5
0.17154191158950277	0.5
0.17575512168225352	0.5
0.17996863900862275	0.5
0.1841825579420037	0.5
0.1883969330262419	0.5
0.1926117010394943	0.5
0.1968263890134201	0.5
0.20104089558517768	0.5
0.2052551157666382	0.5
0.20946863384956677	0.5
0.2136812962156275	0.5
0.21789276792288748	0.5
0.22210156791525273	0.5
0.22630758705275614	0.5
0.23051233106749947	0.5
0.23471670015543225	0.5
0.2389206552612812	0.5
0.2431239597495722	0.5
0.24732600055471213	0.5
0.25152703691255973	0.5
0.2557273848919465	0.5
0.259927360442452	0.5
0.26412725254461444	0.5
0.2683273040150783	0.5
0.2725276914679312	0.5
0.2767284986456388	0.5
0.28092978705352356	0.5
0.28513151300536194	0.5
0.2893328576027792	0.5
0.29353180565109105	0.5
0.29772952996949176	0.5
0.3019275474056059	0.5
0.30612697340071937	0.5
0.3103273138993438	0.5
0.31452875321954804	0.5
0.31873153081793026	0.5
0.32293600294943825	0.5
0.32714250195441685	0.5
0.33135208018958595	0.5
0.3355651926744289	0.5
0.3397813761936004	0.5
0.3439979003789908	0.5
0.3482131765400846	0.5
0.3524288385764861	0.5
0.35664667734298283	0.5
0.36086861809078463	0.5
0.36509660354654144	0.5
0.36933075275010335	0.5
0.3735650434814539	0.5
0.3778037434625206	0.5
0.38205102936959284	0.5
0.3863103563223549	0.5
0.390581008982625	0.5
0.3948575632282653	0.5
0.39914265298931023	0.5
0.40343841147307474	0.5
0.407747085048129	0.5
0.4120710982012701	0.5
0.416407084534011	0.5
0.4207475133221002	0.5
0.42509543983462894	0.5
0.42945357498651404	0.5
0.43382430342266237	0.5
0.43820977472816675	0.5
0.44261160067738586	0.5
0.44702724348285083	0.5
0.4514506912067429	0.5
0.45588617241880863	0.5
0.4603392339693217	0.5
0.4648117708846201	0.5
0.46930490970442523	0.5
0.47381932323354636	0.5
0.47835456771688084	0.5
0.4829059510996599	0.5
0.48747414309477993	0.5
0.49205955664735	0.5
0.496662760127339	0.5
0.5012836965969119	0.5
0.5059221279787782	0.5
0.5105767917111401	0.5
0.5152414643016945	0.5
0.5199157359595621	0.5
0.5245995410707199	0.5
0.5292933571691595	0.5
0.5339969693944492	0.5
0.5387107226867057	0.5
0.5434345678713425	0.5
0.5481681200643033	0.5
0.5529107374130904	0.5
0.5576615839158767	0.5
0.5624196610872948	0.5
0.5671836462880652	0.5
0.571951048243398	0.5
0.5767192771248132	0.5
0.5814875160051575	0.5
0.5862550522586845	0.5
0.5910213816655957	0.5
0.5957855757145706	0.5
0.6005431593160302	0.5
0.6052912120041841	0.5
0.6100322003508943	0.5
0.6147682048925089	0.5
0.6195010355359397	0.5
0.6242322809134426	0.5
0.6289633282205305	0.5
0.633695354933819	0.5
0.6384292990211804	0.5
0.6431658199720576	0.5
0.6479052663154172	0.5
0.6526470424168279	0.5
0.6573873585647729	0.5
0.6621259921710027	0.5
0.6668636357392744	0.5
0.6716007353238164	0.5
0.6763373165387928	0.5
0.6810719636790479	0.5
0.6858032959553397	0.5
0.6905322021181904	0.5
0.6952583536582324	0.5
0.6999801376798336	0.5
0.7046948258519566	0.5
0.7094044570096121	0.5
0.7141108793109491	0.5
0.7188155487480622	0.5
0.7235192487374156	0.5
0.7282231318789473	0.5
0.7329282584168844	0.5
0.7376354596816826	0.5
0.742345324988146	0.5
0.747056999521018	0.5
0.7517637954099253	0.5
0.7564662175609679	0.5
0.7611653873951743	0.5
0.7658622915590263	0.5
0.7705577752445626	0.5
0.7752525405706463	0.5
0.779947149722168	0.5
0.7846420321201536	0.5
0.7893374947731979	0.5
0.7940337354150565	0.5
0.7987308574672507	0.5
0.803428542491269	0.5
0.8081247463320513	0.5
0.8128191898994865	0.5
0.8175124075137868	0.5
0.8222048210888544	0.5
0.8268967511266431	0.5
0.8315884282064306	0.5
0.836280004903001	0.5
0.8409708860608123	0.5
0.845657088082144	0.5
0.8503380179066626	0.5
0.8550150487203212	0.5
0.859689075810352	0.5
0.8643609537912886	0.5
0.8690316460539886	0.5
0.8737019665342896	0.5
0.8783725819023409	0.5
0.8830440151023266	0.5
0.8877166497070286	0.5
0.8923907348554426	0.5
0.8970663493125038	0.5
0.901742550205091	0.5
0.9064153904113919	0.5
0.9110857926599403	0.5
0.9157545248523914	0.5
0.9204221988555618	0.5
0.9250892745862356	0.5
0.9297560296088462	0.5
0.9344221326240347	0.5
0.9390861651719374	0.5
0.9437491671131384	0.5
0.9484123612447263	0.5
0.9530761657837107	0.5
0.957736578170153	0.5
0.9623945587002705	0.5
0.967050958025986	0.5
0.9717061426547693	0.5
0.976360692414586	0.5
0.9810153631847986	0.5
0.9856709263755178	0.5
0.9903281881367065	0.5
0.9949875876495113	0.5
0.9996469876449987	0.5
1.0043034378537745	0.5
1.00895838481537	0.5
1.0136131000593145	0.5
1.0182691926593024	0.5
1.0229282265025326	0.5
1.0275916953109208	0.5
1.0322602592891166	0.5
1.0369309657640013	0.5
1.0416041894772416	0.5
1.0462773970834827	0.5
1.0509497951830185	0.5
1.0556237569415323	0.5
1.0603014716630783	0.5
1.0649849210967037	0.5
1.0696758025572362	0.5
1.07437527027812	0.5
1.0790841461480638	0.5
1.083800145531332	0.5
1.0885169660093608	0.5
1.0932367812732424	0.5
1.0979615407048335	0.5
1.102692973817821	0.5
1.1074325995371588	0.5
1.112181667174311	0.5
1.1169401198517732	0.5
1.1217044947912032	0.5
1.1264759551981276	0.5
1.1312558707130398	0.5
1.1360444046890992	0.5
1.1408366701836958	0.5
1.1456331787254608	0.5
1.1504356270220653	0.5
1.1552455515762075	0.5
1.1600643312586125	0.5
1.1648931918195258	0.5
1.1697332122667545	0.5
1.1745853328637479	0.5
1.1794494444536006	0.5
1.184320376079997	0.5
1.1891952567641046	0.5
1.1940756128272325	0.5
1.1989628394444731	0.5
1.2038582013390353	0.5
1.208762835755512	0.5
1.2136777573685582	0.5
1.2186031596774465	0.5
1.2235357621285607	0.5
1.2284759789291557	0.5
1.2334250074863367	0.5
1.2383839022962166	0.5
1.243352454208614	0.5
1.2483251263944048	0.5
1.2533031926057814	0.5
1.2582881367654688	0.5
1.2632813232671982	0.5
1.2682839933441286	0.5
1.2732972642843268	0.5
1.2783221312128197	0.5
1.2833594710808622	0.5
1.2884100484556058	0.5
1.2934729906477471	0.5
1.2985402317423236	0.5
1.3036128188131266	0.5
1.3086920611726114	0.5
1.3137791611502971	0.5
1.3188752122940022	0.5
1.3239811999922502	0.5
1.3290976695765844	0.5
1.3342229225823403	0.5
1.3393544763041627	0.5
1.3444936332741944	0.5
1.3496415826117045	0.5
1.3547993975785648	0.5
1.3599676772504694	0.5
1.365144488991807	0.5
1.3703264761231715	0.5
1.375515013404039	0.5
1.3807113904388784	0.5
1.3859168047458703	0.5
1.3911323569693521	0.5
1.3963590481534778	0.5
1.4015977789382408	0.5
1.4068493504960602	0.5
1.412114466997278	0.5
1.4173922173017557	0.5
1.4226745817141055	0.5
1.4279627168059308	0.5
1.4332577506988875	0.5
1.4385607332982366	0.5
1.443872633828764	0.5
1.449194340023688	0.5
1.4545266588264463	0.5
1.4598695300222218	0.5
1.4652190978371047	0.5
1.4705758678934104	0.5
1.4759409394441192	0.5
1.4813153294562218	0.5
1.4866999690860119	0.5
1.4920956588125363	0.5
1.4975019615775853	0.5
1.5029142372942539	0.5
1.5083335958297404	0.5
1.5137610833256592	0.5
1.5191976771803228	0.5
1.5246442822681194	0.5
1.530101728372128	0.5
1.5355707687829736	0.5
1.5410520799988858	0.5
1.5465462624484516	0.5
1.5520530548644804	0.5
1.5575678856750006	0.5
1.563088093424676	0.5
1.5686146152468283	0.5
1.5741483379096548	0.5
1.5796900955385553	0.5
1.585240668172602	0.5
1.5908007810792308	0.5
1.596371104737764	0.5
1.6019516556872329	0.5
1.6075394891268011	0.5
1.6131345993995134	0.5
1.6187378176678227	0.5
1.6243499949228573	0.5
1.629971915432469	0.5
1.635604294308314	0.5
1.6412477762590703	0.5
1.646902149673719	0.5
1.6525634211079063	0.5
1.6582318962925071	0.5
1.6639083354107482	0.5
1.6695934479379464	0.5
1.6752878906982227	0.5
1.6809922666331452	0.5
1.6867071242765124	0.5
1.6924329579196238	0.5
1.6981702084413302	0.5
1.7039192647670205	0.5
1.7096794718291497	0.5
1.7154453810438455	0.5
1.7212167899216817	0.5
1.7269943938653185	0.5
1.7327788561441158	0.5
1.7385708061658136	0.5
1.7443708380328657	0.5
1.7501795093901806	0.5
1.755997340574622	0.5
1.7618248140791186	0.5
1.7676619299584924	0.5
1.7735065013670486	0.5
1.779358522490859	0.5
1.7852184394838784	0.5
1.7910867819380853	0.5
1.7969640471742878	0.5
1.8028506861574283	0.5
1.8087470450747467	0.5
1.81465246072883	0.5
1.8205634002975688	0.5
1.826480439415535	0.5
1.8324041298027052	0.5
1.8383349993904752	0.5
1.8442735527148666	0.5
1.8502202715197544	0.5
1.8561756155090772	0.5
1.8621400231861975	0.5
1.868113912721225	0.5
1.8740976827917448	0.5
1.8800917133503643	0.5
1.8860956441283854	0.5
1.8921055159516393	0.5
1.8981205635512746	0.5
1.9041414031311215	0.5
1.9101686307073151	0.5
1.9162028202693078	0.5
1.9222445222144848	0.5
1.9282942620692656	0.5
1.9343525395025896	0.5
1.9404198276313627	0.5
1.946496572612145	0.5
1.9525826887100832	0.5
1.9586756713107385	0.5
1.9647757517555695	0.5
1.9708834561664117	0.5
1.9769992871899242	0.5
1.9831237236261043	0.5
1.9892572202915133	0.5
1.995399662318579	0.5
2.001548282441918	0.5
2.0077030821491397	0.5
2.0138646567404876	0.5
2.020033582864705	0.5
2.0262104167818014	0.5
2.0323956927634423	0.5
2.038589921648668	0.5
2.0447935895728837	0.5
2.051007156887408	0.5
2.057231057285076	0.5
2.0634656971445122	0.5
2.069711455101743	0.5
2.075967902123646	0.5
2.0822308529190923	0.5
2.0885001955681743	0.5
2.0947764312761783	0.5
2.101060038439211	0.5
2.107351472563783	0.5
2.1136511663756616	0.5
2.1199595301028267	0.5
2.12627695191613	0.5
2.1326037985091872	0.5
2.138940415796329	0.5
2.145286749646383	0.5
2.151640848652779	0.5
2.1580024652195027	0.5
2.1643720379698244	0.5
2.170749989561452	0.5
2.1771367261017933	0.5
2.183532636457706	0.5
2.189938091469728	0.5
2.1963534430899614	0.5
2.202778550557474	0.5
2.209211016543566	0.5
2.2156510257243154	0.5
2.2220989683981407	0.5
2.2285552155382207	0.5
2.2350201188642416	0.5
2.2414940138282615	0.5
2.2479772319145357	0.5
2.25447007755426	0.5
2.2609728205505806	0.5
2.267485703598024	0.5
2.2740089440997	0.5
2.2805427351179723	0.5
2.2870869982230575	0.5
2.2936400524715155	0.5
2.3001996969567866	0.5
2.306766360953754	0.5
2.3133404763156413	0.5
2.3199218773787056	0.5
2.3265105555970216	0.5
2.3331064354914095	0.5
2.3397094521876416	0.5
2.3463195781094806	0.5
2.3529368365575816	0.5
2.3595613102168285	0.5
2.3661931465302066	0.5
2.372832574038642	0.5
2.379480316264285	0.5
2.3861112663897424	0.5
2.3925815834228845	0.5
2.398971183422706	0.5
2.4053228399581488	0.5
2.4115446609827167	0.5
2.4176386223645596	0.5
2.4236847742642547	0.5
2.4297017531574685	0.5
2.4356150569871287	0.5
2.4412968076537878	0.5
2.446852640363676	0.5
2.4523897666580696	0.5
2.457922174881695	0.5
2.4633250554631103	0.5
2.4686690444650825	0.5
2.473977188016553	0.5
2.479264122111111	0.5
2.4845172742229114	0.5
2.489649720295841	0.5
2.4946995081462386	0.5
2.499732868577866	0.5
2.5047981507746524	0.5
2.5098260096591933	0.5
2.514809551338725	0.5
2.519726070935165	0.5
2.524597598612744	0.5
2.5294421568969443	0.5
2.5342727881242575	0.5
2.539095018607857	0.5
2.543917997771733	0.5
2.54873589069961	0.5
2.55353203308876	0.5
2.5583071253498053	0.5
2.5630601596170153	0.5
2.5677944557404127	0.5
2.5725076132287277	0.5
2.5771877352352885	0.5
2.581847131689563	0.5
2.5864956548843727	0.5
2.5911396820970065	0.5
2.595783352415787	0.5
2.6004314947374563	0.5
2.6050822076372473	0.5
2.60971651025951	0.5
2.6143431236681076	0.5
2.6189650686031976	0.5
2.6235792518780916	0.5
2.6281831585126363	0.5
2.632769996719841	0.5
2.637347712459301	0.5
2.641922270071657	0.5
2.646495944031364	0.5
2.651072245862841	0.5
2.655653421984451	0.5
2.6602378273884093	0.5
2.664816074632404	0.5
2.6693929166377535	0.5
2.673969083986937	0.5
2.678541864810307	0.5
2.6831030962742846	0.5
2.687657866804338	0.5
2.6922105117648485	0.5
2.696762806417024	0.5
2.701317193249131	0.5
2.7058779488308713	0.5
2.710445088101269	0.5
2.7150076201144016	0.5
2.719567866301797	0.5
2.7241279810244445	0.5
2.7286849298708087	0.5
2.7332332869347122	0.5
2.7377764170575527	0.5
2.7423179309904255	0.5
2.746861567883711	0.5
2.751408815838086	0.5
2.755963547068497	0.5
2.760519414267133	0.5
2.7650714799373275	0.5
2.7696228840019934	0.5
2.774170459035397	0.5
2.7787125458657567	0.5
2.7832485093688257	0.5
2.7877817595766645	0.5
2.79231642604021	0.5
2.7968552067936114	0.5
2.8014003105714935	0.5
2.805949791886366	0.5
2.810494650051651	0.5
2.815038707801757	0.5
2.8195797857423495	0.5
2.824117548048227	0.5
2.828648416735373	0.5
2.8331760802876005	0.5
2.8377046604405924	0.5
2.842236493789099	0.5
2.8467752346505804	0.5
2.85131993685482	0.5
2.8558594790988083	0.5
2.8603978931967946	0.5
2.8649332899853617	0.5
2.86946632662385	0.5
2.8739930241222877	0.5
2.8785162916292384	0.5
2.883040557899517	0.5
2.887568927979494	0.5
2.8921038781010155	0.5
2.89664641451191	0.5
2.9011859162854545	0.5
2.9057244034592737	0.5
2.9102614998593936	0.5
2.914795614522814	0.5
2.9193237646084	0.5
2.9238483217505804	0.5
2.9283736598980874	0.5
2.932902895894471	0.5
2.9374385075153633	0.5
2.9419815856924245	0.5
2.9465218426526403	0.5
2.9510611434922613	0.5
2.955600290203106	0.5
2.960138003089994	0.5
2.9646695259651645	0.5
2.9691975403948083	0.5
2.9737261851332644	0.5
2.9782585752654973	0.5
2.982797148349979	0.5
2.987343358891245	0.5
2.9918884847200076	0.5
2.996432275229863	0.5
3.0009757021625116	0.5
3.0055176756916926	0.5
3.010053614638062	0.5
3.0145861409326504	0.5
3.019118910784378	0.5
3.0236550571796843	0.5
3.028196984949008	0.5
3.0327466498460782	0.5
3.03729750973936	0.5
3.0418471241532825	0.5
3.046398265917829	0.5
3.0509476217771585	0.5
3.055491113048993	0.5
3.0600318193753315	0.5
3.0645722305419736	0.5
3.0691155064502924	0.5
3.0736640567841556	0.5
3.0782201313381474	0.5
3.082778351266024	0.5
3.08733493874932	0.5
3.091893166756214	0.5
3.0964502817677193	0.5
3.101002865393843	0.5
3.105552777462247	0.5
3.110101998638182	0.5
3.1146537103276866	0.5
3.11921032140353	0.5
3.123774476171094	0.5
3.1283423868256994	0.5
3.1329083655439867	0.5
3.137475643801881	0.5
3.1420418504091643	0.5
3.1466036299424784	0.5
3.151162807721035	0.5
3.155721101912633	0.5
3.160281570524926	0.5
3.1648466535240205	0.5
3.1694191532365097	0.5
3.1739958305840976	0.5
3.17857098771853	0.5
3.183147364168791	0.5
3.1877230721713956	0.5
3.192293958137024	0.5
3.196861966669713	0.5
3.2014294965403884	0.5
3.205998938121275	0.5
3.210572789803486	0.5
3.2151537096118945	0.5
3.219737656699772	0.5
3.224320688578069	0.5
3.2289046413973073	0.5
3.233487045505266	0.5
3.2380640255016075	0.5
3.2426379919573214	0.5
3.247212006259622	0.5
3.2517877851271413	0.5
3.2563678737242236	0.5
3.2609547576817497	0.5
3.2655435640885173	0.5
3.2701317735119355	0.5
3.2747198933757606	0.5
3.279306820156103	0.5
3.28388788611744	0.5
3.2884659885001493	0.5
3.2930445460131357	0.5
3.2976248916814446	0.5
3.3022095861448095	0.5
3.306800736244298	0.5
3.3113918110372342	0.5
3.3159822950679794	0.5
3.3205709937327854	0.5
3.325158882774824	0.5
3.329740070161015	0.5
3.334318168023839	0.5
3.3388969299335955	0.5
3.343477613184581	0.5
3.3480634086750376	0.5
3.3526552975160504	0.5
3.35724526787635	0.5
3.3618347950354526	0.5
3.3664226391967804	0.5
3.3710098822188357	0.5
3.375590679233115	0.5
3.380168502985642	0.5
3.384747082523121	0.5
3.3893277851369232	0.5
3.393914120558833	0.5
3.3985063046925763	0.5
3.4030954006137266	0.5
3.4076839148307663	0.5
3.4122695401004366	0.5
3.4168545023593935	0.5
3.421432381118631	0.5
3.426007469680436	0.5
3.4305831821368358	0.5
3.435161826589298	0.5
3.439745506835567	0.5
3.4443349626879582	0.5
3.448920881237617	0.5
3.4535063985729475	0.5
3.458089214906719	0.5
3.4626712998645726	0.5
3.4672462587390327	0.5
3.471818719172638	0.5
3.4763919672621584	0.5
3.480968219470437	0.5
3.485549134496125	0.5
3.490134345912219	0.5
3.4947159999674877	0.5
3.499295833513581	0.5
3.5038730362215467	0.5
3.508448372481058	0.5
3.513017225447087	0.5
3.517583819255041	0.5
3.5221505265862856	0.5
3.526721025147399	0.5
3.531296401898409	0.5
3.5358743056240995	0.5
3.540449274549917	0.5
3.545022643478414	0.5
3.5495937313903583	0.5
3.5541624312520335	0.5
3.5587251450887085	0.5
3.5632860372744473	0.5
3.567847771481599	0.5
3.5724128448579564	0.5
3.576982256522491	0.5
3.5815532733490203	0.5
3.5861215338235635	0.5
3.5906874676346883	0.5
3.595251349511629	0.5
3.599812499982006	0.5
3.604368268498922	0.5
3.6089225921530086	0.5
3.6134779114144604	0.5
3.618036320865762	0.5
3.6225996308414903	0.5
3.627168720452021	0.5
3.6317383732334654	0.5
3.636313150263373	0.5
3.640897349904251	0.5
3.6454957224500566	0.5
3.650110799070085	0.5
3.654741739146027	0.5
3.6593833588214033	0.5
3.664036288980697	0.5
3.668701155363029	0.5
3.673379399234376	0.5
3.67807189993326	0.5
3.6827744830586515	0.5
3.6874857374024916	0.5
3.692206407586676	0.5
3.6969374559206387	0.5
3.701679961880788	0.5
3.706434617216351	0.5
3.7112028797216876	0.5
3.715984210574234	0.5
3.7207742395845065	0.5
3.7255733784427676	0.5
3.7303815947865324	0.5
3.735201847447139	0.5
3.740034915756762	0.5
3.744879826716987	0.5
3.749732721971924	0.5
3.754593527029254	0.5
3.759462851950149	0.5
3.7643412459671497	0.5
3.769230181709984	0.5
3.7741311841241725	0.5
3.7790431487782876	0.5
3.78396222490455	0.5
3.788889025198934	0.5
3.793825863811874	0.5
3.7987718492045195	0.5
3.8037310218087277	0.5
3.808702927087425	0.5
3.813687357794934	0.5
3.8186817334038534	0.5
3.823684437600282	0.5
3.8286966340995616	0.5
3.8337197459741694	0.5
3.8387550888361117	0.5
3.8438040644026215	0.5
3.8488646988691557	0.5
3.8539328657548713	0.5
3.8590104957663405	0.5
3.864098615011689	0.5
3.8691988018351213	0.5
3.8743150395653747	0.5
3.8794462084645773	0.5
3.884588579397853	0.5
3.8897395098067684	0.5
3.894900406864242	0.5
3.9000731362548864	0.5
3.9052599201926337	0.5
3.910460724410882	0.5
3.9156701737859105	0.5
3.9208884336229946	0.5
3.9261177955804527	0.5
3.931357093715171	0.5
3.9366114253353506	0.5
3.941883378846862	0.5
3.9471690548439566	0.5
3.9524635768285097	0.5
3.957767799987817	0.5
3.9630837975694395	0.5
3.9684140682860454	0.5
3.9737581791613663	0.5
3.9791076642517877	0.5
3.9844628780383298	0.5
3.9898253243489608	0.5
3.9951979242914235	0.5
4.0005842973848935	0.5
4.005988311072629	0.5
4.0114117436507835	0.5
4.0168472207531005	0.5
4.022291968165949	0.5
4.027748018168392	0.5
4.033217093488871	0.5
4.038694628195672	0.5
4.044176718232613	0.5
4.049664341629111	0.5
4.055161651607869	0.5
4.060672093716157	0.5
4.066202702491973	0.5
4.071751416491437	0.5
4.077311920725264	0.5
4.082882054596058	0.5
4.0884632874726226	0.5
4.094057199312599	0.5
4.0996584631592885	0.5
4.10526406925947	0.5
4.110875757887038	0.5
4.116497060137181	0.5
4.122131521206765	0.5
4.12778386167061	0.5
4.133457357401565	0.5
4.13914572221142	0.5
4.144843976980624	0.5
4.150553838235999	0.5
4.1562785943377305	0.5
4.162011788894414	0.5
4.1677502679325915	0.5
4.17349793405875	0.5
4.179260586858066	0.5
4.185039547818153	0.5
4.190831121417924	0.5
4.196625710579482	0.5
4.2024134506003765	0.5
4.208194076043715	0.5
4.213965483626779	0.5
4.219729296769158	0.5
4.225478903293569	0.5
4.231217054973431	0.5
4.236950268386744	0.5
4.242681589826283	0.5
4.248414115364286	0.5
4.254148965849409	0.5
4.259877526372325	0.5
4.265598485556656	0.5
4.271311368008021	0.5
4.277016896666879	0.5
4.28271233243691	0.5
4.288395508012101	0.5
4.294072946090029	0.5
4.299748132766076	0.5
4.30542620753552	0.5
4.311106063471635	0.5
4.3167811142677985	0.5
4.322448799921549	0.5
4.32811268522436	0.5
4.3337701633308745	0.5
4.339424701512014	0.5
4.3450696224938845	0.5
4.350708561494442	0.5
4.356346118239668	0.5
4.361985382146403	0.5
4.367629596570938	0.5
4.373278387392348	0.5
4.378920946034538	0.5
4.384561677725841	0.5
4.390204987999781	0.5
4.3958529471890095	0.5
4.401504017782309	0.5
4.407160559821294	0.5
4.4128203795925325	0.5
4.418482083888112	0.5
4.424149402898909	0.5
4.42982564344865	0.5
4.435511328416268	0.5
4.441207487732515	0.5
4.446911878380632	0.5
4.452621749368095	0.5
4.458339446475801	0.5
4.464066385924564	0.5
4.46980324389954	0.5
4.475549913460161	0.5
4.481304353484743	0.5
4.487063161664672	0.5
4.492825881648479	0.5
4.498593586487075	0.5
4.504366910391031	0.5
4.510146135043952	0.5
4.515931284199662	0.5
4.521722263828091	0.5
4.527518995663959	0.5
4.53332150305838	0.5
4.539129937847055	0.5
4.544944561075194	0.5
4.550765701157953	0.5
4.556593711963752	0.5
4.56242894604285	0.5
4.56827175466283	0.5
4.574122733223666	0.5
4.5799834496016425	0.5
4.585853961875017	0.5
4.591734670924417	0.5
4.597625942597413	0.5
4.603527781855068	0.5
4.6094408913192835	0.5
4.615366397761542	0.5
4.621303234422442	0.5
4.627253166574084	0.5
4.633217231429293	0.5
4.639193126298577	0.5
4.645181415238347	0.5
4.65118229109886	0.5
4.657195888059706	0.5
4.663222291991166	0.5
4.669261512920067	0.5
4.675312764710621	0.5
4.681372671397406	0.5
4.687444719799651	0.5
4.693524377005708	0.5
4.699620650934043	0.5
4.7057291126961225	0.5
4.711848392749653	0.5
4.717978239178595	0.5
4.724118458625612	0.5
4.730268866864968	0.5
4.736428167235727	0.5
4.742597117152798	0.5
4.748776249152549	0.5
4.754966596834314	0.5
4.76116577518413	0.5
4.767374401000346	0.5
4.773590360745217	0.5
4.779813993937891	0.5
4.786045656239743	0.5
4.792286670215879	0.5
4.798537862923862	0.5
4.804797059493042	0.5
4.811064788931295	0.5
4.817342073793075	0.5
4.8236278298247175	0.5
4.829922577983028	0.5
4.836226519033088	0.5
4.842539799068889	0.5
4.848862495438288	0.5
4.8551946063463	0.5
4.861536051441633	0.5
4.867886679097644	0.5
4.874246279968108	0.5
4.880614603783218	0.5
4.88699137571724	0.5
4.893376313528431	0.5
4.899769145371915	0.5
4.906169624469995	0.5
4.9125775335244715	0.5
4.918992714401054	0.5
4.925415078494209	0.5
4.931844603076518	0.5
4.9382813154391405	0.5
4.944724817812022	0.5
4.951173036332283	0.5
4.9576261585498	0.5
4.964084427497018	0.5
4.970548108118944	0.5
4.977017455731077	0.5
4.98349269173681	0.5
4.989973988256704	0.5
4.996461461053987	0.5
5.002955168720842	0.5
5.009455115333417	0.5
5.015961254033997	0.5
5.022473491238863	0.5
5.028991691656149	0.5
5.035515683984188	0.5
5.0420452677643945	0.5
5.0485802223263825	0.5
5.055120318799872	0.5
5.06166533561738	0.5
5.068215076865102	0.5
5.074769391562981	0.5
5.081328190897228	0.5
5.087891459983657	0.5
5.094459261130648	0.5
5.101031726778348	0.5
5.107609042067843	0.5
5.1141914189410596	0.5
5.120778842793295	0.5
5.127369961553774	0.5
5.13396344391937	0.5
5.140559586347898	0.5
5.147158712889344	0.5
5.153761198774737	0.5
5.160367466501843	0.5
5.166977959058105	0.5
5.1735930963081	0.5
5.180213224512356	0.5
5.186838570752793	0.5
5.193469041521118	0.5
5.2001035315908934	0.5
5.206741544521741	0.5
5.21338291996542	0.5
5.220027484616761	0.5
5.226675052532597	0.5
5.233325430397919	0.5
5.2399784297050305	0.5
5.2466338851455365	0.5
5.253291676844799	0.5
5.259951753220673	0.5
5.2666141500028925	0.5
5.2732789999181335	0.5
5.279946527922833	0.5
5.286617029155655	0.5
5.29329083060175	0.5
5.299968241770482	0.5
5.306649503202098	0.5
5.313334743233484	0.5
5.320023952576233	0.5
5.326716843497962	0.5
5.333412415403329	0.5
5.340110756715717	0.5
5.346812219442612	0.5
5.353516898371804	0.5
5.360224020556963	0.5
5.366932472697481	0.5
5.373642306171758	0.5
5.38035356320034	0.5
5.387066269255962	0.5
5.393780437184545	0.5
5.400496081100022	0.5
5.407213235885037	0.5
5.413931977044756	0.5
5.420652435717866	0.5
5.427374804603622	0.5
5.434099172795613	0.5
5.440824260973	0.5
5.447546589612227	0.5
5.4542662884949396	0.5
5.460983645069658	0.5
5.467699107065528	0.5
5.474413266073213	0.5
5.481126824540257	0.5
5.487840550641794	0.5
5.494555227047466	0.5
5.5012716001587645	0.5
5.507990335943083	0.5
5.514711987251329	0.5
5.521436975722879	0.5
5.5281655892509285	0.5
5.534897994086586	0.5
5.541634259001345	0.5
5.548374387484947	0.5
5.555118353419295	0.5
5.561866135602526	0.5
5.568617747027961	0.5
5.5753732558194855	0.5
5.582132796021313	0.5
5.588896567837385	0.5
5.595664828206776	0.5
5.602437873698433	0.5
5.6092160183401	0.5
5.615999569298251	0.5
5.62278880322437	0.5
5.629583945677282	0.5
5.636384298922667	0.5
5.643184866896985	0.5
5.649984493534588	0.5
5.656783417182807	0.5
5.663581877097689	0.5
5.670380104981917	0.5
5.677178318100016	0.5
5.683976714710644	0.5
5.690775472355299	0.5
5.697574749275894	0.5
5.704374688922596	0.5
5.711175427180227	0.5
5.717977101614626	0.5
5.724779861753781	0.5
5.731583879210084	0.5
5.738389356356952	0.5
5.745196532322843	0.5
5.752005685268256	0.5
5.758817130253571	0.5
5.765631212450487	0.5
5.772448295941459	0.5
5.779268748826032	0.5
5.7860929257506335	0.5
5.792921149254461	0.5
5.799753691455011	0.5
5.806590757580748	0.5
5.813432472711432	0.5
5.82027887283546	0.5
5.827129901007676	0.5
5.833985409016822	0.5
5.840845164573018	0.5
5.847708863619227	0.5
5.854576146974704	0.5
5.861446090079862	0.5
5.868315044013594	0.5
5.875181340745341	0.5
5.882044822586212	0.5
5.888905351753707	0.5
5.89576282797218	0.5
5.9026172044213565	0.5
5.9094685005269625	0.5
5.916316810288139	0.5
5.923162305174613	0.5
5.930005231074104	0.5
5.936845899281942	0.5
5.943684672046747	0.5
5.950521943662735	0.5
5.957358118484379	0.5
5.964193587500845	0.5
5.971028705229323	0.5
5.977862658419657	0.5
5.984689321588035	0.5
5.991508078960035	0.5
5.998315683489792	0.5
6.005110550124964	0.5
6.011893432800275	0.5
6.018665214310082	0.5
6.025426861770716	0.5
6.032179376362295	0.5
6.038923743251448	0.5
6.0456608868978545	0.5
6.052391635693258	0.5
6.059116698341817	0.5
6.065835916513492	0.5
6.072545580169866	0.5
6.0792462319398535	0.5
6.085938572271587	0.5
6.092622969775501	0.5
6.099298079677371	0.5
6.1059632077447015	0.5
6.112618554265553	0.5
6.119262235640695	0.5
6.125895010471892	0.5
6.1325177182565245	0.5
6.139131053769381	0.5
6.14573470015871	0.5
6.152328651112939	0.5
6.158913786726038	0.5
6.16549102390342	0.5
6.1720612695400465	0.5
6.178624995007652	0.5
6.185180405836541	0.5
6.191725878893275	0.5
6.198261629707712	0.5
6.204787873239786	0.5
6.211304649724241	0.5
6.217811082249596	0.5
6.224307775173534	0.5
6.230795513411579	0.5
6.237275205632976	0.5
6.243747849670363	0.5
6.25021448752433	0.5
6.256675973778449	0.5
6.263131421326676	0.5
6.269577018888903	0.5
6.276013844383514	0.5
6.2824429855155035	0.5
6.288865497283839	0.5
6.295282365599005	0.5
6.301694479932806	0.5
6.308102566828855	0.5
6.314506960228676	0.5
6.320907970631592	0.5
6.327306041630934	0.5
6.333701553426283	0.5
6.340094843572335	0.5
6.346486225781556	0.5
6.35287600514528	0.5
6.359264488785324	0.5
6.365651991578063	0.5
6.372038837144657	0.5
6.378424463705143	0.5
6.3848039951625735	0.5
6.391176941911534	0.5
6.397543603758487	0.5
6.403904353790581	0.5
6.410259633952429	0.5
6.416609946768315	0.5
6.422955844196244	0.5
6.429297914660308	0.5
6.435636769277186	0.5
6.441973028189932	0.5
6.4483073077678315	0.5
6.454640209246164	0.5
6.460972309184038	0.5
6.4673032525863405	0.5
6.473628234420304	0.5
6.47994661158713	0.5
6.486259069261692	0.5
6.492566318751834	0.5
6.4988690918397936	0.5
6.5051681354872315	0.5
6.511464206695507	0.5
6.517758067335183	0.5
6.52405047884316	0.5
6.530342196727914	0.5
6.536633964880282	0.5
6.542926509747353	0.5
6.549220534469279	0.5
6.555516713106097	0.5
6.561815685091845	0.5
6.568118050045436	0.5
6.574424363044263	0.5
6.580735024940033	0.5
6.587049849566265	0.5
6.593369026417535	0.5
6.599692896803321	0.5
6.60602016719009	0.5
6.612346234990838	0.5
6.618671344316897	0.5
6.624995759950012	0.5
6.631319707858102	0.5
6.637643128180084	0.5
6.6439661353899195	0.5
6.650288978785548	0.5
6.656611907962697	0.5
6.662935171208093	0.5
6.669259009778556	0.5
6.675583027235066	0.5
6.681903995319076	0.5
6.6882223466453015	0.5
6.694538540480706	0.5
6.700853057935383	0.5
6.7071663962697725	0.5
6.713479062404411	0.5
6.719791565773476	0.5
6.726104362533999	0.5
6.7324174309020925	0.5
6.738729880949267	0.5
6.745042160265714	0.5
6.751354724788944	0.5
6.757668033787119	0.5
6.763982544594396	0.5
6.7702987071866305	0.5
6.776616958739604	0.5
6.782937463514217	0.5
6.789258901866913	0.5
6.795579815345281	0.5
6.801898811836122	0.5
6.80821624784847	0.5
6.814532500036154	0.5
6.82084796161613	0.5
6.827163039429481	0.5
6.8334781515738845	0.5
6.839793725428002	0.5
6.846110195805448	0.5
6.852428002932363	0.5
6.858747589947332	0.5
6.865069399676851	0.5
6.8713938705380615	0.5
6.87772143155048	0.5
6.884051960043975	0.5
6.89038261414843	0.5
6.896712683485174	0.5
6.903042377112723	0.5
6.90937191900795	0.5
6.915701548505283	0.5
6.922031520070754	0.5
6.92836210215921	0.5
6.93469357497722	0.5
6.941026227081044	0.5
6.94736035086503	0.5
6.953696080811151	0.5
6.960032587675737	0.5
6.966368880557933	0.5
6.972705306082887	0.5
6.979042213648615	0.5
6.985379948736584	0.5
6.991718846181707	0.5
6.998059223850833	0.5
7.004401372322763	0.5
7.010745213097214	0.5
7.017089192700026	0.5
7.0234336879600745	0.5
7.029779089709589	0.5
7.036125794565181	0.5
7.042474196113516	0.5
7.0488246760294215	0.5
7.055177512785922	0.5
7.061532249423078	0.5
7.067887356235283	0.5
7.074243011226245	0.5
7.080599403341038	0.5
7.086956729238638	0.5
7.09331518876125	0.5
7.099674979431029	0.5
7.1060362904264	0.5
7.11239929656524	0.5
7.118763839494002	0.5
7.125128207606158	0.5
7.13149216623189	0.5
7.137855886741317	0.5
7.1442195357053775	0.5
7.150583273355871	0.5
7.156947253524749	0.5
7.163311625064706	0.5
7.169676534572577	0.5
7.176042130067994	0.5
7.182408565142415	0.5
7.188776003006303	0.5
7.195144619838409	0.5
7.201514606886871	0.5
7.207886170885941	0.5
7.214259532523435	0.5
7.2206349229029	0.5
7.227012578166033	0.5
7.233392512646273	0.5
7.2397736076514825	0.5
7.246155539859901	0.5
7.252538498729877	0.5
7.258922674022079	0.5
7.265308250169482	0.5
7.271695400698145	0.5
7.278084283260932	0.5
7.2844750357599795	0.5
7.290867704195555	0.5
7.297261680913994	0.5
7.303655315372811	0.5
7.31004871432997	0.5
7.316441989053994	0.5
7.322835257535136	0.5
7.329228647155116	0.5
7.335622297350627	0.5
7.34201636179327	0.5
7.348411009655319	0.5
7.354806425628821	0.5
7.361202808501278	0.5
7.367600285411063	0.5
7.373998379170528	0.5
7.380396042496615	0.5
7.386793517343888	0.5
7.39319105819988	0.5
7.399588927111034	0.5
7.405987388010427	0.5
7.412386700789666	0.5
7.418787115580564	0.5
7.4251888676779645	0.5
7.431592173464444	0.5
7.437997227602076	0.5
7.444404201642533	0.5
7.450813244081888	0.5
7.4572244817593285	0.5
7.463638022379183	0.5
7.470053957832455	0.5
7.476472367916944	0.5
7.482893324030772	0.5
7.4893168438465105	0.5
7.495742552823107	0.5
7.50216949013383	0.5
7.508597165834	0.5
7.515025896287897	0.5
7.521456055683184	0.5
7.527887973191658	0.5
7.534321624033493	0.5
7.540756627963702	0.5
7.547192752110172	0.5
7.5536285340970855	0.5
7.560063710021264	0.5
7.566498432542132	0.5
7.572932890222382	0.5
7.57936726707449	0.5
7.585801784929526	0.5
7.59223664975622	0.5
7.598672022996999	0.5
7.60510804180201	0.5
7.611544824692748	0.5
7.61798242965963	0.5
7.624420849229688	0.5
7.630859647876431	0.5
7.637298089633943	0.5
7.643736587397464	0.5
7.650175660928491	0.5
7.656616087256783	0.5
7.66305881682122	0.5
7.669505139179577	0.5
7.675954944409191	0.5
7.682408955372477	0.5
7.688867250687074	0.5
7.695330682328078	0.5
7.701800703144356	0.5
7.708275835308066	0.5
7.714752252315158	0.5
7.721230085607085	0.5
7.727709210647349	0.5
7.734189782061319	0.5
7.740672048122238	0.5
7.747156525028152	0.5
7.753644317171223	0.5
7.760136843759877	0.5
7.766634791802089	0.5
7.773137679242279	0.5
7.779644656110278	0.5
7.786149735757918	0.5
7.792609862597557	0.5
7.799024055411189	0.5
7.8053991252952075	0.5
7.811750424337406	0.5
7.818084957322484	0.5
7.824382145136838	0.5
7.830627523133836	0.5
7.836833722381541	0.5
7.8430103819640875	0.5
7.849148472132908	0.5
7.855252104032592	0.5
7.861324686478086	0.5
7.8673747250290775	0.5
7.8734052893677005	0.5
7.879425616854551	0.5
7.8854407396654915	0.5
7.891444654446382	0.5
7.897426118064258	0.5
7.903387242274674	0.5
7.90933417477068	0.5
7.915263466635245	0.5
7.92116656839844	0.5
7.927051996708324	0.5
7.932927409975642	0.5
7.938794801969357	0.5
7.944657480031917	0.5
7.950518060181758	0.5
7.956368186776785	0.5
7.962206582021171	0.5
7.968032474627703	0.5
7.97385094377478	0.5
7.97966176636042	0.5
7.985455213849247	0.5
7.991239388824708	0.5
7.997019657324908	0.5
8.002797460760485	0.5
8.008574955910085	0.5
8.014351139477158	0.5
8.020120482012038	0.5
8.025883418081941	0.5
8.031640666889514	0.5
8.037393183804562	0.5
8.04313378344699	0.5
8.048867745543207	0.5
8.054599661726137	0.5
8.060330123188587	0.5
8.066062455406518	0.5
8.071796332669154	0.5
8.077525303739774	0.5
8.083248896946616	0.5
8.08896795770293	0.5
8.094680725704634	0.5
8.100383073846416	0.5
8.106081061078553	0.5
8.111778299851252	0.5
8.117475627877782	0.5
8.123174772044578	0.5
8.128868399136488	0.5
8.134557552356942	0.5
8.1402405337569	0.5
8.145919887115031	0.5
8.151591127353122	0.5
8.15725483242648	0.5
8.162916300629227	0.5
8.168577769867886	0.5
8.174240928497115	0.5
8.179906346812723	0.5
8.18556741401186	0.5
8.191226312596797	0.5
8.196881703460152	0.5
8.202534484011823	0.5
8.208178207684435	0.5
8.213817442077431	0.5
8.219455619875585	0.5
8.22509410001395	0.5
8.230736112642795	0.5
8.236380165705343	0.5
8.242021322987833	0.5
8.24765804213517	0.5
8.253291532663326	0.5
8.258918390052848	0.5
8.264537544852503	0.5
8.270154494734774	0.5
8.275771948450803	0.5
8.281390900156001	0.5
8.287011082668796	0.5
8.292626153589906	0.5
8.298236975755662	0.5
8.303843721179875	0.5
8.309447032260499	0.5
8.31504098882554	0.5
8.320630296436358	0.5
8.326219562196815	0.5
8.331810127901168	0.5
8.337403262458444	0.5
8.342996689293495	0.5
8.348587771252886	0.5
8.354177021854397	0.5
8.359764165793644	0.5
8.36534639834966	0.5
8.370921089748702	0.5
8.376493978632904	0.5
8.38206828858919	0.5
8.387644118679386	0.5
8.393223692067465	0.5
8.398801983574499	0.5
8.40437771307302	0.5
8.409949057925873	0.5
8.415517041569322	0.5
8.421076912000547	0.5
8.426631544979912	0.5
8.432185935440275	0.5
8.437743076350333	0.5
8.443301520328589	0.5
8.448856464099965	0.5
8.454407680679743	0.5
8.459953690762765	0.5
8.465496857052322	0.5
8.471034899694718	0.5
8.47656465713399	0.5
8.482091948885332	0.5
8.487620692517282	0.5
8.49315164001075	0.5
8.498685190674031	0.5
8.504215930827668	0.5
8.509745499742717	0.5
8.51527226795909	0.5
8.52079660800006	0.5
8.526314953565572	0.5
8.531828346250075	0.5
8.537341423416922	0.5
8.54285566011517	0.5
8.54837274882953	0.5
8.553893801090009	0.5
8.559411621732954	0.5
8.56492597029888	0.5
8.570437078973317	0.5
8.575944099596283	0.5
8.581442508435543	0.5
8.586938014690926	0.5
8.592434531703823	0.5
8.597933027414898	0.5
8.603432894774533	0.5
8.608927160972122	0.5
8.614417570654686	0.5
8.619903407279779	0.5
8.625385945720806	0.5
8.630861529315714	0.5
8.636331745772376	0.5
8.641801305733106	0.5
8.647272440453321	0.5
8.652745556315576	0.5
8.65822098593444	0.5
8.663693721153228	0.5
8.669165336241317	0.5
8.67463385486569	0.5
8.680099671413222	0.5
8.685558023557272	0.5
8.691014067196596	0.5
8.696470357875391	0.5
8.701927568764544	0.5
8.707388290451073	0.5
8.712850179347955	0.5
8.71830975723653	0.5
8.723764844277335	0.5
8.729216038916382	0.5
8.734659952117307	0.5
8.740098932749243	0.5
8.745537361907465	0.5
8.750977157373764	0.5
8.756418225480536	0.5
8.761857921781036	0.5
8.767294112053907	0.5
8.772725564078776	0.5
8.778153396067262	0.5
8.783577435708288	0.5
8.788994125399	0.5
8.794408519921483	0.5
8.799823225906486	0.5
8.805238528226337	0.5
8.810656945902213	0.5
8.816076482811011	0.5
8.821495010555951	0.5
8.826910730128747	0.5
8.832323718932651	0.5
8.837730364103999	0.5
8.843132666635558	0.5
8.848533865066656	0.5
8.853934265691736	0.5
8.859337362928509	0.5
8.864744263337888	0.5
8.870147952619817	0.5
8.875546486115935	0.5
8.880941164634303	0.5
8.886330719147372	0.5
8.891713196123355	0.5
8.897093609743036	0.5
8.902475772518416	0.5
8.907862371200551	0.5
8.9132554241989	0.5
8.918657125915988	0.5
8.924068115365952	0.5
8.92948763916472	0.5
8.934916508345118	0.5
8.940357215356112	0.5
8.945809043586262	0.5
8.951268468591211	0.5
8.956736569171358	0.5
8.96221147191017	0.5
8.967692683227837	0.5
8.973181369161964	0.5
8.978678427795417	0.5
8.984181589812783	0.5
8.989687795842887	0.5
8.995197363075619	0.5
9.00071117704732	0.5
9.00623266603701	0.5
9.01176394054587	0.5
9.017306253229524	0.5
9.022857347747847	0.5
9.028418473100674	0.5
9.0339850985812	0.5
9.039558319397331	0.5
9.045139461653049	0.5
9.050727693460386	0.5
9.056319833030095	0.5
9.06191663327649	0.5
9.067516972662828	0.5
9.07312431154417	0.5
9.078741032900506	0.5
9.084368651065759	0.5
9.090004739131967	0.5
9.09565070999735	0.5
9.101304064941667	0.5
9.106963588747064	0.5
9.112630533047644	0.5
9.11830290237205	0.5
9.123978928656017	0.5
9.129661047288675	0.5
9.135348307182783	0.5
9.141043728038095	0.5
9.146751394442349	0.5
9.15247179373001	0.5
9.158200665671597	0.5
9.163937432081877	0.5
9.169681208522249	0.5
9.175432619730755	0.5
9.181190557938795	0.5
9.186951546295294	0.5
9.192717154555643	0.5
9.198491081188509	0.5
9.204272221956787	0.5
9.21006346449999	0.5
9.215867286977204	0.5
9.221680044018967	0.5
9.227501581397568	0.5
9.233331113359739	0.5
9.23916857771079	0.5
9.245011338894368	0.5
9.250856835746657	0.5
9.256706136711305	0.5
9.262563351914576	0.5
9.268428698157448	0.5
9.274304171609144	0.5
9.280191240645305	0.5
9.286086127588238	0.5
9.291987957222178	0.5
9.297897758460012	0.5
9.303815493192308	0.5
9.309736028467238	0.5
9.315659136671862	0.5
9.321586023243277	0.5
9.327521279134237	0.5
9.333465955892212	0.5
9.339420359383109	0.5
9.34538485464803	0.5
9.351356294993431	0.5
9.357334319699477	0.5
9.363320584929502	0.5
9.369313177500032	0.5
9.375307817653608	0.5
9.381304981665263	0.5
9.387306519657804	0.5
9.39331647403935	0.5
9.399334343494413	0.5
9.405361786904288	0.5
9.411395016301283	0.5
9.417434262069262	0.5
9.423477682488487	0.5
9.42952287899691	0.5
9.435565513598394	0.5
9.441602287172408	0.5
9.447633400594002	0.5
9.453659172727825	0.5
9.459679620988306	0.5
9.465694576808836	0.5
9.471704493848819	0.5
9.477709900583212	0.5
9.483711376752174	0.5
9.48970952446976	0.5
9.49570453481301	0.5
9.50169467204551	0.5
9.507680650623305	0.5
9.513664564129696	0.5
9.519649092804634	0.5
9.525633866317362	0.5
9.531622114751732	0.5
9.537613712538576	0.5
9.543608717256019	0.5
9.54960934943398	0.5
9.55561763245398	0.5
9.561631055458363	0.5
9.567646818887331	0.5
9.573666138684088	0.5
9.579693376319133	0.5
9.585731301095093	0.5
9.591780716374297	0.5
9.597843032446033	0.5
9.603919501758039	0.5
9.610007987438477	0.5
9.616107058731584	0.5
9.622219211035892	0.5
9.628344986547896	0.5
9.634481281606506	0.5
9.640624443144075	0.5
9.646779632627377	0.5
9.652950102044787	0.5
9.659139548056483	0.5
9.6653476397134	0.5
9.67157939828359	0.5
9.677835550347305	0.5
9.68411460324143	0.5
9.690414771817778	0.5
9.696740709268465	0.5
9.703094539509765	0.5
9.709475094040707	0.5
9.71587352441747	0.5
9.722295092404718	0.5
9.728747646150191	0.5
9.735237656518953	0.5
9.74174819670414	0.5
9.748256368661226	0.5
9.754767117537009	0.5
9.76128235568335	0.5
9.767795915236551	0.5
9.774308971273472	0.5
9.780821439120295	0.5
9.787336244597526	0.5
9.79385424475516	0.5
9.800370175743021	0.5
9.80688617965525	0.5
9.813406488718494	0.5
9.819933195509924	0.5
9.826466152813463	0.5
9.833003647144137	0.5
9.839541827823757	0.5
9.846083613558179	0.5
9.852630701885841	0.5
9.859183393287058	0.5
9.865741947824775	0.5
9.872306803277333	0.5
9.878877705211515	0.5
9.885453976382424	0.5
9.89203482762621	0.5
9.898619602529076	0.5
9.905207905996269	0.5
9.911799618477161	0.5
9.91839483066923	0.5
9.924993669678404	0.5
9.93159577537329	0.5
9.93820045643185	0.5
9.944808033874354	0.5
9.95141922095449	0.5
9.958033369175446	0.5
9.9646507638581	0.5
9.97127150326711	0.5
9.977895649720207	0.5
9.984523279262708	0.5
9.991154493784425	0.5
9.997275469416156	0.5
