0.0008296865709749866	0.02543663136144907
0.006222310909207917	0.04559068173292451
0.010714341733509937	0.05131803316426944
0.014955807287168416	0.050911797101973966
0.01910669406728603	0.048657649731472394
0.023248309694223413	0.045587023983577
0.02743119473890225	0.04178401402684497
0.03168432243989665	0.04143097132502084
0.03601277524515254	0.04312859006141749
0.04036975517708313	0.04567436640536547
0.04471453748120742	0.04565712787132428
0.049050702792878084	0.042782000727643446
0.05337049648619309	0.04202727389683775
0.05767093422409069	0.04174750321346381
0.06195916448762687	0.04494703963913451
0.0662382474579406	0.04426933031244309
0.07050938021714688	0.03865794458862518
0.07477030801029183	0.041325396646435905
0.07902189427258705	0.042075840792067574
0.08327135321289164	0.0430925008240793
0.08751915131713944	0.04360740714581376
0.09176550362187465	0.044728463121949176
0.09601043890464563	0.04438854639938275
0.10025391895867741	0.043625264379326345
0.10449589607269737	0.04269221746849407
0.10873633752232428	0.04036785693870241
0.11297516770763931	0.03827517681224081
0.11721222678641448	0.03742381729521736
0.12144693632248413	0.03621296319239701
0.12567530606468796	0.03809320172618223
0.12989636226888354	0.043655459805523725
0.1341113129076993	0.04364230176210805
0.13832127008194345	0.04297033847271321
0.1425272350850916	0.0401041197388036
0.14673009392993355	0.036908863466907714
0.15093054289063756	0.03605606924041455
0.1551289949551566	0.036037578625475485
0.15932584677124334	0.03942579503819977
0.1635217290325265	0.04085766985954972
0.16771773992445618	0.04209747433392288
0.1719144496985477	0.04362066178080432
0.1761121988442775	0.044625723220939315
0.1803112037427914	0.04528289043918303
0.1845115742859306	0.0456880837508498
0.18871333503512516	0.045621583768747434
0.19291644699249724	0.046687255497603816
0.197120826526904	0.05170033883038226
0.20132598660363107	0.051324254040065506
0.20552951530073701	0.04939571395080936
0.20973074696381577	0.04614231046833397
0.21393029457122184	0.043804297364203784
0.21812868221392356	0.04182844774383172
0.22232634857968586	0.03841092416258231
0.22652365390273663	0.03664119583879807
0.23072087668208344	0.03590804838969979
0.23491822104570348	0.03537086086290363
0.23911583767463337	0.03505471997705278
0.2433138185677323	0.03597073339081763
0.24751223126010716	0.037428390616374596
0.25171112929280093	0.03817785305574589
0.2559105658707175	0.03834656668696205
0.2601106020669217	0.03886536961520029
0.2643112867683308	0.04333884618194977
0.2685126217382336	0.04604761668247652
0.27271466869743033	0.045459874074638126
0.2769174952425716	0.04481777152316603
0.281120983570326	0.04424350678710457
0.28532416328789123	0.04362007832772737
0.28952705107925214	0.04271606526064127
0.2937295951483066	0.04218599305448216
0.29793111098645186	0.0408742355571564
0.3021316736284125	0.03799192125422692
0.3063312395524184	0.0366175613626022
0.31052975136106464	0.03609784874482592
0.3147275562630775	0.035755469616460235
0.3189253055757321	0.03554908817196488
0.3231236866664531	0.03542579661032365
0.3273231264889695	0.03558305641021674
0.33152477945207975	0.03906006520446394
0.33572995906762443	0.04583306111074414
0.3399386986564127	0.046816086661110735
0.3441480320476761	0.04684608963621264
0.34835838021388327	0.04654567104325332
0.35257049047776645	0.046009410281320835
0.3567853498231324	0.04532274479267227
0.36100397056744554	0.044631369566133075
0.36522604614478044	0.04398891722688351
0.36945024780025726	0.043238131996899284
0.37367651049923684	0.04232521912556734
0.3779040164112927	0.039863325058786
0.3821345642463575	0.036988079515301225
0.3863700821300361	0.03587871376814382
0.39061259474376	0.035356227777943526
0.39486355153353064	0.03498878366773913
0.3991200366845217	0.03576822920919529
0.40337659467481424	0.04065421274185791
0.4076360542168166	0.04378142767027734
0.4119013010862979	0.04376552391504398
0.41617522894003495	0.04366589253856496
0.42046067629630296	0.043687256326596494
0.4247598132330817	0.04419836137985842
0.4290712796655558	0.044572574703045785
0.43339301359287646	0.04465364112736625
0.4377271833920641	0.04439984154307915
0.442071950419457	0.04393480444564497
0.44642502095866765	0.04336364068476048
0.4507895357452603	0.04229964684839362
0.4551683254388579	0.04014613385065846
0.4595638881231339	0.038120891246552005
0.4639783829807013	0.03691996401713646
0.4684132291893601	0.03713223027786581
0.4728657241688533	0.041590834914798445
0.47732658541783024	0.045230819526329256
0.4817985074591294	0.04516879526101856
0.4862838303207709	0.044751633004803795
0.4907845417151502	0.04462392238304062
0.4953023115424235	0.04467644393810592
0.4998385053189783	0.04470648404799375
0.5043941813885063	0.044651559179128865
0.5089701485412139	0.04437740759714764
0.5135665857840666	0.0443438655070255
0.5181809998184104	0.04483688314657427
0.5228112687287724	0.04497944440277886
0.5274580386139941	0.04412925946965902
0.5321218181653983	0.04295454330286683
0.5368029253113187	0.041947127484116734
0.5415014300515126	0.043781902999712984
0.5462167116294427	0.048393425334261664
0.550946055181883	0.04818574344089645
0.5556892210007509	0.04771018796386839
0.5604459506725015	0.04728841658024035
0.5652156550536622	0.046894426454471894
0.5699970645334688	0.046545797589031115
0.5747859870192266	0.04623535799522418
0.5795747671213404	0.04576626586807686
0.5843634534393957	0.04526904519640544
0.5891516581253738	0.04537343110499757
0.5939367029799332	0.0457262583790315
0.5987166206810857	0.04497205685466078
0.6034916493843396	0.04381300974088922
0.6082625138646917	0.0429941732724283
0.6130302296647804	0.04617613446012303
0.6177960267942862	0.049349857186533445
0.6225611734188532	0.048872767917618035
0.627326745642874	0.04826513417182662
0.6320934160157395	0.04765153682612413
0.6368615253169161	0.047027408509020825
0.641629294286699	0.04644702865683667
0.6463967846538365	0.045959481969570726
0.6511626714427248	0.045400031931064726
0.655924419213695	0.044762572836691064
0.6606831927055685	0.043807979672388773
0.6654398648268324	0.0426572480976666
0.6701949552494693	0.0410761362929451
0.674948762499885	0.039601642496918235
0.6797012929505188	0.039455146042694254
0.684451971659088	0.04453038027892139
0.6891997882620063	0.04693636837352464
0.6939447255161615	0.04650032772855485
0.698686421861748	0.046099640230110976
0.7034249776648178	0.04567614333355325
0.7081606425706153	0.04522574257030153
0.7128938196549064	0.04475935684462874
0.7176250236013336	0.044244606975843766
0.7223548132324803	0.04352680948510068
0.7270837205425543	0.04276145484887797
0.7318121937018531	0.04201561004699818
0.7365405625078838	0.039912308521499906
0.7412686945381615	0.0365591475823167
0.7459948447141205	0.03523063572894671
0.7507194171763943	0.03653600798610601
0.7554427816338832	0.042198544995935026
0.7601652076236255	0.04498280352461488
0.7648868699142607	0.04453046849768293
0.7696075586571985	0.043700211268115116
0.7743255188526731	0.04279784768596278
0.7790404713137278	0.04263877896367159
0.7837527979408039	0.04254542818675409
0.7884628316911401	0.042285595184128784
0.7931708290088734	0.041731683358927414
0.7978769987946204	0.04110741589484772
0.8025815242059282	0.04033470642856427
0.8072845775818877	0.03734502464759136
0.8119863045479326	0.03408432000137734
0.8166866385739295	0.03258840450698983
0.8213851924576314	0.03243043315990727
0.8260822077819847	0.03650583433669323
0.8307779079059272	0.04016593573784448
0.8354724949768128	0.04018319555786631
0.840166146238149	0.040719024293301376
0.8448589803676315	0.041689105982320986
0.8495508609942765	0.04191481142228328
0.8542414519261359	0.04205421137026716
0.8589310490869275	0.042086263621089616
0.8636198885669948	0.04188038296974055
0.8683081506841297	0.041475154691250675
0.8729959668219414	0.04077636722663571
0.8776830648817597	0.03772002773594228
0.8823673967679369	0.03463643532109641
0.8870488060058543	0.03320223835252271
0.8917277500354582	0.031875164090841714
0.896404633770851	0.033248870349085934
0.9010797987078022	0.039357885545419566
0.9057535220952131	0.040615117835284924
0.9104260921264135	0.040628530305638254
0.9150977601777892	0.040620756201237486
0.9197687349771413	0.04059513917120406
0.9244391164642716	0.04055680898887346
0.9291085547061352	0.040523589915779513
0.9337765357687439	0.04041919150502719
0.9384432624893819	0.04010319107559686
0.9431086585049406	0.04033985073497297
0.9477728144600508	0.03898379484263493
0.9524358688531567	0.0355523865358762
0.9570979467679465	0.03410287584995265
0.961759182767821	0.033191975311780565
0.966419747525724	0.03295308279620847
0.9710798758374108	0.035725657957088076
0.9757398917448287	0.041310759311909855
0.98040022718547	0.04166524180395566
0.9850614312689912	0.04133273026722478
0.98972369710529	0.04109703395702895
0.9943848009709924	0.04106954962598785
0.9990437648865248	0.040725367332084504
1.00370114931281	0.04028700056643203
1.0083575949440176	0.040117436204843544
1.0130136451379623	0.039750696455456196
1.0176687673932474	0.039065117424748684
1.0223221241334188	0.03587138398312502
1.026974807884307	0.03349825213734652
1.0316279667377044	0.0331869761657051
1.0362827835157553	0.032123902680485886
1.04094045136263	0.03237767347703785
1.0456018201419741	0.03454846018051664
1.0502659252587268	0.03993077344400599
1.0549325269528949	0.040718532360863244
1.0596029032984806	0.041631329598270664
1.0642783699578182	0.04212630730633077
1.068959477868844	0.042116736062140635
1.0736431187558455	0.041929456844306635
1.078327876408863	0.04149235902947712
1.0830153070509019	0.03985448465592854
1.08770686586455	0.03861658743163764
1.0924032160080905	0.037509099936216816
1.0971015864531508	0.03380107971876008
1.1018023204207865	0.0318895752016362
1.1065067934848385	0.03226321435718682
1.1112165083347856	0.03121135186639549
1.1159325590122025	0.03138393127751871
1.1206562058278553	0.03272300554480534
1.1253883342291364	0.03793999201479116
1.1301281311095064	0.04041806905985579
1.1348742450597638	0.04031063040326992
1.1396277987580339	0.039853664420233095
1.1443896405475942	0.03866707443441915
1.1491607256069758	0.038416719173503956
1.153941680124309	0.03890859934759587
1.1587311514939225	0.03827586230725142
1.1635257747649452	0.03768830156812723
1.1683267302745213	0.03735127024328566
1.173135021307288	0.03373273232267312
1.1779512222817543	0.03200961825350121
1.182773729881888	0.03130533654026159
1.1876010362512681	0.03207942972872778
1.1924340111550822	0.03167172195083431
1.1972744782788842	0.03181096350118363
1.202123209350236	0.03611613840222573
1.206981002730827	0.03943727388332878
1.211848757659452	0.039677046247328304
1.2167272689247517	0.04025966300449061
1.2216167872030383	0.04115039497174643
1.2265155283675648	0.040970452639938496
1.231422080477182	0.04070085308722108
1.23633728316316	0.04081449031777734
1.2412619769734698	0.040141998815020306
1.2461968641665677	0.03894632178267411
1.251142510993171	0.035216564250982706
1.2560996306007064	0.03318274150979357
1.261068262111319	0.03216212804669807
1.2660451766557435	0.03158489673569978
1.2710292519658721	0.03152532153082183
1.276021278417079	0.032359320381655995
1.2810219901684892	0.03720666271226143
1.2860319699047826	0.04206483016672287
1.2910519083870953	0.042701969977110454
1.2960821189304126	0.04302827738599475
1.3011208535587024	0.04324990046715664
1.3061667836078628	0.04335061981465122
1.3112205537195782	0.04332635377549976
1.3162828599672278	0.043021941549863274
1.3213544305352143	0.04239382953937518
1.3264359721813939	0.03998842252562411
1.3315281679130901	0.03588238058731708
1.3366316628302324	0.03372858591000685
1.3417464085349542	0.03256116318571813
1.3468694981583127	0.032061149206836004
1.352001294804989	0.031992288221222735
1.3571424013833215	0.03406020183283649
1.362293411503328	0.0401397499774769
1.3674549127528526	0.04337832059360626
1.3726274837634296	0.04386962070699262
1.3778116881765892	0.04406767313982418
1.3830073791536435	0.04410634698850889
1.3882110310547806	0.04400839685806017
1.3934224259801815	0.043729932525615765
1.3986421455333038	0.04314771062161933
1.4038707535049244	0.0419111133410021
1.4091087926518882	0.03830581680998883
1.4143565383869943	0.035020040555783255
1.419612728160718	0.03338286239864942
1.4248757350600953	0.032362396437180065
1.430146134187457	0.03202123159214172
1.4354246918232147	0.03228159452156463
1.4407121055829926	0.035651274326956015
1.4460090413445021	0.04155802566012
1.451316133168753	0.04284554071327693
1.4566339802453176	0.04312701104159292
1.4619628040592474	0.043305790755072425
1.4673008231809501	0.043374525472557116
1.472646475696476	0.043308140178515545
1.478000404165318	0.042946871771659866
1.4833632397148204	0.042215175133994844
1.4887355988879534	0.0395998194315194
1.49411808059234	0.03596320053009757
1.499511263035101	0.03365525019344697
1.5049156992337727	0.032571162790563185
1.510331906564686	0.03182327168848287
1.5157598817063689	0.031825544368232504
1.5211969582839644	0.03379363198739803
1.5266415621182845	0.038765857653000294
1.532094215889962	0.040456197807871006
1.537555422334445	0.040728303379298975
1.5430256637850768	0.041664358820723606
1.5485054019185973	0.04190912912620624
1.553994674388436	0.04206043559249021
1.5594915710759674	0.04185387950008045
1.5649962948956635	0.04114699859818153
1.5705093858650065	0.039319975846254004
1.57603134446225	0.03565754156855249
1.5815625255152277	0.03353810644224011
1.5871033113883988	0.03253998510961584
1.5926541828947764	0.031687030057213725
1.598215001197538	0.03134874568950851
1.6037830214942657	0.0318361787147177
1.6093587983633084	0.03447357919037353
1.6149428719486507	0.03546396424657361
1.6205357665313653	0.03467257357420444
1.626137989019692	0.03490257328590475
1.6317500274795025	0.03465883557396509
1.6373723497638104	0.03459728434075034
1.6430054022625895	0.034347385606991736
1.6486495985227687	0.034741335907671145
1.6543052653786177	0.03273359990892382
1.6599722647847073	0.02965721616481884
1.6656481642446046	0.028092692239906143
1.6713313415977533	0.027249131578037024
1.6770222023813683	0.026495299611575995
1.6827211428495712	0.0262323600923396
1.688428550518862	0.026091226246552253
1.694144804623274	0.025285521983084824
1.6998702764560243	0.02527551987971771
1.705605329581959	0.024229384466852747
1.7113503199110869	0.023977219399212813
1.7171053033491188	0.023457741276249833
1.7228689081007205	0.023336516910418232
1.7286411799591392	0.023006576066235598
1.734422478753543	0.02216674122452235
1.7402131500148956	0.019413860362764265
1.7460131420679101	0.016723752273642905
1.7518205750974132	0.015575513269229088
1.7576356548907994	0.015103465283298723
1.7634588086175922	0.01568029403390756
1.7692904467149984	0.016144687472645226
1.7751309622562104	0.01560294826917236
1.7809807304433842	0.014050339428806468
1.7868401082355774	0.014055420766314533
1.7927094341191359	0.014058466972139694
1.7985890280247552	0.014059252415934722
1.804479191393135	0.0140590441130261
1.8103802073868522	0.014058354043347963
1.816291759080562	0.01405724080405602
1.8222106579765276	0.014055524176719967
1.8281364282376336	0.014287356022755954
1.8340694433261486	0.014664543067893143
1.8400100712893857	0.01526909330036651
1.8459586742420513	0.016445685421126212
1.851915607817264	0.017909922195485425
1.8578812206004929	0.0196843668871739
1.8638558535600764	0.021236264771201854
1.8698398394861968	0.022203180538846116
1.8758335024478359	0.022679214253022092
1.881837045090502	0.022858213003939053
1.8878498182461643	0.023084885528239934
1.8938703259892016	0.023305641216443112
1.8998989175564198	0.023431898760818727
1.905935933135558	0.02347728907580294
1.9119816537307806	0.02347048231908045
1.9180363166468104	0.02346345793280563
1.924100274056161	0.023455245694525183
1.9301738723053117	0.023446597017581828
1.9362574495295506	0.023435491581164876
1.942351107148285	0.023425293822808065
1.9484537654870566	0.023420730252759973
1.9545650949258664	0.023421609369173473
1.960685331099517	0.023425635852582588
1.9668146985770827	0.02342895081308317
1.9729534113565221	0.023432000741649455
1.979101673476147	0.023435014173942788
1.9852596797398774	0.02343745727712298
1.9914276165493996	0.02343923404824428
1.9976051594264	0.023440575882078648
2.003789603172376	0.023442745810638377
2.0099810332725547	0.023606986072339887
2.016179728024886	0.02418249870846535
2.0223859674868176	0.025375694015134807
2.0286000336204424	0.02746716926130799
2.034822210087222	0.03009976922913678
2.0410527816643396	0.031702540094282014
2.047292033268296	0.03210848056051517
2.0535402485876366	0.032202411418952935
2.059797708345043	0.03233608214628116
2.0660646882286993	0.03241740360797487
2.0723411988344815	0.03237908169995153
2.078626023171018	0.03172719286641158
2.0849193414323692	0.03000547578830859
2.0912213650301172	0.028526166540732145
2.097532280475487	0.02812720137870694
2.1038522502258945	0.02811502837916075
2.1101814141672977	0.028115327802569996
2.1165198916881565	0.028121471852269486
2.1228677842732604	0.028128410796558867
2.1292249594393455	0.02813689134409183
2.1355901386323892	0.02821494858837213
2.1419627826014986	0.028772661399159426
2.148343034637845	0.02995888808227825
2.1547310434830735	0.03228065473702104
2.161126964945752	0.03511170431382838
2.1675309631394595	0.036345749768408084
2.1739432113070034	0.03645867959714339
2.180363892205749	0.036595954076096573
2.186793198037223	0.03673679080296892
2.1932313299111357	0.036195434478811975
2.1996784968418197	0.034176694603038016
2.2061348674977084	0.03191416727996497
2.212600138214649	0.030321969456913855
2.219073069902728	0.029570136538293868
2.225553904958962	0.028940377249149822
2.2320428608002096	0.028523624827216498
2.2385401277887125	0.028905111677253577
2.2450458678222662	0.02967974523741847
2.2515602136824007	0.031191874256475016
2.2580832692174133	0.033234239514229755
2.264615110585464	0.03316096028217678
2.2711555725110535	0.03175769932689102
2.2777033259399864	0.030415293306889503
2.284257653213859	0.029706501643929316
2.290818603374706	0.029117155840308225
2.2973862299556402	0.028088845815187467
2.3039605880392835	0.02711382372436224
2.310541730415666	0.024475919243973944
2.3171297370638735	0.022044493452206992
2.3237248821092793	0.022506458708131418
2.330322130656015	0.026232410981115832
2.33688847546062	0.028004153584793183
2.343407482384998	0.028146750531500776
2.3498531350277756	0.028131743442746254
2.356140775334877	0.027861291467118236
2.362345288582838	0.027933987490625804
2.368503988857079	0.025383883235809274
2.3746157539461574	0.023666467247706144
2.3804583478462704	0.023743555260153888
2.3861274279594666	0.02673066688399766
2.3917119060833594	0.027959085056441613
2.3972530810148758	0.02816227683574446
2.402765786514495	0.028004768879393276
2.4081544207509	0.027042078569342105
2.4134691344547203	0.02324440584425161
2.418743235329138	0.02020259967775826
2.423994291176203	0.019132295314338105
2.4291934834550633	0.01944406553518501
2.4342622661967654	0.021707628395032603
2.43921043628168	0.026522800684322577
2.444104679432294	0.02809787981505744
2.448976551790352	0.02780830869163541
2.4538402456492796	0.027329016283374252
2.4586303080687326	0.026454443524380568
2.463369526574708	0.02423771988009163
2.4680855345293615	0.02145972879530736
2.47279461012005	0.019753617523576038
2.477506751109643	0.01926046988489864
2.4821638371292614	0.021194944038450902
2.486750446478504	0.026036382763802195
2.491291472039068	0.027895830148822486
2.4958204319544586	0.027781588081433252
2.5003494959085626	0.027897705569138936
2.5048667317582916	0.027927857133377948
2.509333163625692	0.027762151865579038
2.5137785376739554	0.027034001519641405
2.5182174774545434	0.023863371761458023
2.5226637282935402	0.02058455677042609
2.5271256666687787	0.020293268320761903
2.5315833946052004	0.024479974309208754
2.536019855290451	0.029182104154560583
2.5404423656315744	0.03008543419917901
2.5448593919977456	0.030242243590400276
2.5492703145911397	0.03028522282997028
2.553670744098195	0.0303179543406508
2.5580409520371488	0.03019249143143668
2.5624021533446144	0.0296966259026381
2.5667633955938727	0.027323377654667774
2.571136036931502	0.024072368531031903
2.575528623443753	0.025390060625801077
2.579939271502788	0.030282342875587752
2.5843381647372485	0.03232627055488599
2.5887344630995757	0.03280171753247983
2.5931279647768695	0.032159916497522915
2.5975181009036183	0.031081631972298886
2.601895854044015	0.030694486217306027
2.6062571760513324	0.02849039417154501
2.6106165043692724	0.02731388415818149
2.614981393977982	0.024825539269485927
2.6193618787715285	0.022581744168789098
2.623763136390928	0.025673895093714982
2.628179653562762	0.028078100383936287
2.6325917310778104	0.02816770547941581
2.6370033075061947	0.028150447321340616
2.641412330995746	0.028135113342403418
2.6458185577573214	0.0281327413503736
2.6502029712255	0.02805323610255401
2.65458185890004	0.02771652822815291
2.6589625447374052	0.026472361696551483
2.663355450081967	0.02354690770912213
2.667767848815413	0.024370609061317838
2.6722004790783176	0.02789504888247222
2.67663578936827	0.028149552393301573
2.681069166414339	0.028157329135878168
2.6855004497025936	0.028139942700502234
2.6899280316225984	0.028131712589834705
2.69434101791019	0.028107356588024362
2.698742373507217	0.02787611463158669
2.7031425252185	0.027218089442946642
2.707551136446153	0.024786759130320135
2.7119767501266137	0.023744033246483637
2.7164228075960484	0.027245369259805335
2.72088035855875	0.028218030232331694
2.7253334473837247	0.02816557706594864
2.7297847486001046	0.028145618388657822
2.7342311156635333	0.02813331285538447
2.7386706866817043	0.028125754521279005
2.7430918858176603	0.027983426436509452
2.7475081697771673	0.02760140707469823
2.75192877253362	0.02592378269795844
2.7563635667222615	0.02358380217761016
2.7608185110574595	0.026336780812987747
2.7652920354347086	0.02835017293831808
2.769758631325321	0.02816329779883874
2.774222349182991	0.028151597262623933
2.778679649220988	0.028137298761551372
2.783133687484066	0.028132667140418822
2.7875683501273167	0.02804804986031372
2.791994678770006	0.027717296343244817
2.7964212602607796	0.02660844272566531
2.8008592312984364	0.02399376179599535
2.8053155454344476	0.025316806157526538
2.809790754263646	0.02845342152642024
2.8142671896386258	0.02813533057943316
2.8187379549494507	0.028157049528061813
2.823204019138575	0.028141919615114856
2.827664187004358	0.028133760949329067
2.832109723691509	0.02807922874567693
2.8365437844175534	0.027796158938966066
2.8409742245967537	0.027039460301106655
2.8454130628034884	0.02446403471176151
2.849868199650949	0.02447177605562339
2.8543419496846045	0.02800528678314735
2.858822167197775	0.02821638815362425
2.8632958718204202	0.028162032303800537
2.8677671285163964	0.028146190004642857
2.8722316249365942	0.028136625448657214
2.876687429548824	0.02810116564848899
2.8811274452207307	0.027862972810206176
2.8855620362426477	0.027293763186584257
2.890002312058085	0.025121114366403137
2.8944570060862556	0.024146662853112143
2.8989303952754986	0.027723109253592775
2.903416657382676	0.028223046876473416
2.9078953981000435	0.028159921940253962
2.9123719781536845	0.0281502344600758
2.916841700806815	0.028140062796660814
2.9213071026095516	0.02811200302362163
2.925752661116441	0.027895859846492992
2.9301913605780743	0.02740830500947492
2.9346330107173992	0.02543020704643257
2.9390871011077504	0.02398500683167739
2.94355931913689	0.02730912811188162
2.9480486867629616	0.028146254727607078
2.9525314763313366	0.0281416612386794
2.9570118537268644	0.02815363618330679
2.9614884490725	0.02814285724068607
2.9659617604791624	0.028120849478974586
2.970417197440278	0.027937162695035968
2.9748644188374165	0.02756437712319465
2.979312054822345	0.02596001078832153
2.9837703064126577	0.023890660049759975
2.9882454413713884	0.02702606588222937
2.9927378038146677	0.028223656137983843
2.997229325622467	0.02810800452654628
3.001716606495518	0.028157047426712704
3.006201131878525	0.028145970222697724
3.010680785721964	0.028124416781590972
3.0151457555415195	0.027948476129531875
3.0196013592619306	0.027594193994311213
3.024055010032014	0.02612662939225462
3.0285175457939153	0.02385472094229542
3.032995767455182	0.026638557296564024
3.0374912880081046	0.028225570103685732
3.041991153598962	0.028062894704613112
3.0464869454605874	0.028159784872512784
3.0509829521926526	0.02814840081846966
3.055473894849448	0.02813000820211905
3.0599529865875534	0.02797229117554597
3.064420143733971	0.027635445322803022
3.068884831306939	0.026427152887299982
3.073356634676244	0.02384847974755553
3.077842872941378	0.02605736292739353
3.0823458979522487	0.0281877343749458
3.0868555244334943	0.028004847569831005
3.0913609291401847	0.028157637341981446
3.0958666035258973	0.02815092328975296
3.1003675289755157	0.028132615921843872
3.104860317041747	0.0279807958962429
3.109339030304565	0.02765785965877001
3.1138145894455627	0.02662018009596658
3.1182958526609847	0.024042575990331723
3.1227905824581237	0.02581510372924788
3.1273023605186183	0.02823204009639064
3.1318257619184435	0.027939545952238187
3.13634477615507	0.02814545333342241
3.1408642232866146	0.02815327896982976
3.14537917876157	0.028133082289288024
3.149887156212172	0.027980448700375877
3.1543788302644957	0.02766651699572542
3.1588669361592157	0.026641018961093194
3.163359145968526	0.02407745651611576
3.1678636413594226	0.025411890923465637
3.1723847293640084	0.02823752294424503
3.1769193304451386	0.02788203547492558
3.1814492078415295	0.02812825552378271
3.185978987510567	0.02815502271558463
3.190507428546751	0.02813606231596146
3.195032006215871	0.027993759053617617
3.1995383170797043	0.027695684671234587
3.2040404052377576	0.026896351808300006
3.2085452600440307	0.02440509333630388
3.2130614368163517	0.02521147183202545
3.21759386846051	0.02820708124029881
3.2221414739800953	0.02789042184001967
3.2266832635768856	0.028095234294905864
3.23122437593154	0.028157012651904546
3.2357630236560095	0.028132321387482152
3.2402988272378246	0.027977692091356504
3.244814998659278	0.02768739981893174
3.249326271776294	0.026903484410524585
3.2538395707571954	0.024464825795957608
3.258363284552393	0.02527724694240825
3.2629026795008205	0.02826426361289273
3.267457678056958	0.027840761505141733
3.272007971040503	0.02806367356620979
3.276557633407124	0.028156918669703074
3.2811053424903296	0.028127929788448032
3.2856501376799887	0.02797151116793973
3.290175647561483	0.02769131612827036
3.2946950441942526	0.02696735013025736
3.2992161676309912	0.024597445414095063
3.3037467471307123	0.025301019988474237
3.3082922065127627	0.028265271287058618
3.312852476699178	0.027863592276628713
3.317407016004885	0.02802572181254276
3.3219608410063137	0.028150731350951537
3.3265116425850465	0.028114877362649886
3.3310598217688367	0.027952654657510078
3.335589551327581	0.027678966306751283
3.340112546502632	0.026960727319407147
3.3446372510605364	0.024741461771967697
3.3491708098319277	0.0256210806147787
3.3537187420873997	0.02835437679256122
3.358281250902466	0.02783291659212801
3.3628388326130416	0.027991041971607577
3.367395512452687	0.028126211662309036
3.371948174118143	0.02808917911481612
3.3764980976703627	0.027927452686567426
3.3810292399610677	0.027654800858477928
3.3855531037650004	0.02686879455797192
3.3900785829478726	0.024656357173854997
3.3946122838832418	0.02591107618146198
3.3991597916574774	0.028344545802683217
3.4037213111507163	0.027794827954163083
3.4082770640958664	0.02796158567562766
3.4128321395153667	0.02809489561439365
3.4173834502733853	0.028061139684650637
3.421932220609926	0.02790524518589784
3.42646254435745	0.027634177890940508
3.430985535603856	0.026866766311217587
3.4355102631693253	0.024746422395926955
3.4400429093567197	0.026418071750270417
3.444589032425035	0.02835182566495841
3.449148744804471	0.02777066529494691
3.453701964982905	0.027933226401184574
3.458254458084731	0.028058242262244903
3.4628017034347613	0.02802244555259546
3.467346502612672	0.02786621575275733
3.4718719819618524	0.027590471740272605
3.476390377702421	0.0266472027559213
3.4809108587190116	0.024681806759636264
3.4854390718988135	0.026800335277187864
3.4899805129754684	0.02822434439446201
3.4945351399466023	0.027680958933026734
3.499082212690763	0.027915039605485675
3.503629062582228	0.028030432229634278
3.5081710216535154	0.027990613598091053
3.512710816571366	0.027831875959031183
3.5172309143478246	0.027551809207695226
3.521744478112666	0.026364930436606804
3.5262605218917256	0.023342362362367815
3.5307843178738008	0.023607675993639117
3.5353208717108053	0.023536883563723285
3.539868512118754	0.02297653180974847
3.5444090709811205	0.02321044217135937
3.5489496620676912	0.023314125470910774
3.5534842386663295	0.02326770543630442
3.5580164322234	0.023098592896229737
3.562528702320542	0.02280605046307375
3.5670352340483795	0.02127403159574497
3.5715447557845805	0.017920352437920995
3.5760620863100585	0.015789071739241507
3.5805918743867418	0.014553674305374692
3.585130781863731	0.013988758882531186
3.5896638242930763	0.014076334632117962
3.5941988285511557	0.014092062090827246
3.598734954350956	0.014077140756726511
3.6032748374114787	0.014069100362353199
3.6078055883798745	0.014065208241305466
3.61234704001314	0.014063808382794857
3.6169172981701605	0.014065376183141623
3.6215251778164954	0.0144080586731965
3.62614528448925	0.015189224017490257
3.6307777010735753	0.016751691718340227
3.6354234239004057	0.02007808150389443
3.640082614914041	0.022337036808793884
3.6447484526809433	0.022795667109033062
3.6494220900575463	0.023115258532339852
3.6541045431135353	0.023281093171533755
3.658796941609673	0.023376342120767446
3.6635006256037097	0.023404483967852587
3.668217512442884	0.02337244386548088
3.6729500762768206	0.023288786538103273
3.677697863122932	0.02314952110570592
3.6824535363628548	0.022888113716803785
3.687217906972812	0.021848519453311465
3.691992013356728	0.020603037298377147
3.6967772075771825	0.02065320070330531
3.701574959819658	0.023247171589418383
3.7063844212336288	0.02639663595979557
3.711200349042792	0.026366276570731983
3.716023782752319	0.025920099408331183
3.7208559858938397	0.027268268568897754
3.7256983689438328	0.027789465082257214
3.7305525826221175	0.02796482369598453
3.7354206271821977	0.02800623968639999
3.740303950760233	0.027946162228730476
3.7451975308406795	0.027789817588646647
3.7500988892641627	0.027540036739783384
3.7550089940606437	0.026684236485239994
3.759929088541509	0.024595545616888977
3.7648607898771407	0.023216313573152174
3.7698048501931836	0.02478356261540716
3.7747557261090856	0.02694104517570426
3.779713728418353	0.026082231623909706
3.7846795650591276	0.025932943042174104
3.7896547707510924	0.02745089461923323
3.7946411225970693	0.02783229719900317
3.7996407122981037	0.027973062231143358
3.804655231434127	0.027979237314787558
3.8096817027917043	0.027877906494266275
3.814715754052899	0.027667424032528885
3.8197584224724186	0.027200412599155493
3.8248110460046125	0.025706957654497493
3.8298753619750654	0.023635245669572817
3.834952327854261	0.024128674020510138
3.840036713058815	0.026702681743138744
3.845127997125254	0.026335386084899277
3.8502271722538084	0.02598550192715803
3.8553361327761295	0.0274564207930355
3.8604569131079365	0.027846965729370465
3.865591951238265	0.027980595667378632
3.870742927339821	0.027970571936841132
3.8759050120235092	0.027845886712675016
3.881075234353414	0.02760560888428304
3.886254886042844	0.026941786651443467
3.8914456455814017	0.024924085821210532
3.8966494483668352	0.023376856909885904
3.9018659959462085	0.025131659638000008
3.907088813222879	0.026741746113237708
3.9123188447853305	0.02587887990515265
3.917558270133736	0.02702803908703833
3.9228092603458737	0.027782014559027502
3.9280744428921515	0.027965218851600315
3.9333562515348373	0.027979311785200668
3.9386528031580816	0.027866914712586805
3.943957596344385	0.027628227802176712
3.9492720340300393	0.02698964853165185
3.9545979722923157	0.024900701649357825
3.9599374567169034	0.023253665294373598
3.965289655115704	0.0250530424632334
3.9706482746501783	0.026527980590029542
3.976014364816453	0.02615536369710747
3.9813904050791775	0.02742660220013311
3.9867789261376925	0.027858201658646286
3.992183004818937	0.02797537255394921
3.9976046432790056	0.027935927728824916
4.0030371711347925	0.02775708189893137
4.008478632314502	0.027379088832525506
4.013930799240968	0.02577255707204936
4.019395994418708	0.02350494913832358
4.024875134448891	0.023756426558909062
4.030360705980836	0.026206650425960838
4.035853591834404	0.02603312907482084
4.041355565810373	0.027155143277635817
4.046869505841795	0.027810839265109615
4.052398695302291	0.027956704842917724
4.05794545331969	0.027927151321608355
4.063503625076234	0.027747501440002303
4.069070709330188	0.027342650559343408
4.074648688208439	0.02560761728577548
4.080240048366648	0.023332304249851925
4.085845274405859	0.02384606811022562
4.091456904546378	0.026167974420720958
4.0970756538302755	0.02623020861146962
4.102704276050664	0.027476316085836377
4.108346039823486	0.027861629543899074
4.114004793771375	0.027943892219748596
4.119682828102009	0.027856203804295755
4.125370442136271	0.027616073765813848
4.13106820392514	0.0267633147818375
4.136778663693799	0.024349950382064167
4.142504352770647	0.02305980198680782
4.148242709275924	0.0251850088208689
4.153986924533054	0.02607562470701988
4.159730030558675	0.027005786358695404
4.16546602846248	0.027779561118983664
4.171191290537589	0.027921783755984485
4.176910515226598	0.02787091620671368
4.182589181508815	0.02766302241936198
4.188245380287988	0.02707348359752057
4.193898664728837	0.024890866018759054
4.199557911808837	0.022992176139765865
4.205231007723639	0.024396191640272208
4.210919261580848	0.025931675897956842
4.2165940811575355	0.026684952079083446
4.222258970770355	0.027704245678721335
4.227913811447227	0.027886646445856388
4.233561471001642	0.027862959641836736
4.239179606790015	0.027680383075263704
4.244770712306293	0.027197565293581145
4.250355682690653	0.02516210830157416
4.255946395691027	0.023023805855975805
4.261548270515754	0.023836883669306485
4.267164570928822	0.02570748063612449
4.272773770763911	0.026400374379357584
4.278371323381111	0.027647593308264544
4.283961316551608	0.02785549225026489
4.28954368136705	0.027852127520941777
4.2951081541765666	0.027686434630570755
4.300642320754567	0.02726628816221096
4.30616785473574	0.025409551713758045
4.311698462557077	0.023202733334539902
4.317238694876861	0.023542634774717068
4.322793522144944	0.02559368083279387
4.328350419238686	0.026319597981399167
4.333895312652553	0.02760456786284519
4.339439072343942	0.02783756117111067
4.344976434342691	0.02784799409861391
4.350512369454169	0.027690870590819948
4.356016803029554	0.027272793161049757
4.3615102493475355	0.02532343376331984
4.367007360433325	0.02278947495534334
4.372514681800914	0.022317354330742493
4.378038057534042	0.024317402579125146
4.383579005174071	0.02653190299287269
4.389112778563728	0.02758967433793331
4.394646965085623	0.027901965202828012
4.4001899747007105	0.027932296263605626
4.405744289796855	0.027799157639938548
4.411306202942145	0.02744927944659329
4.416859321910858	0.02567929435102074
4.422413285995639	0.022282680938630024
4.427978257495225	0.02064421802614869
4.433560903894528	0.020555589378776235
4.4391649733745755	0.023520686206968018
4.444790877124157	0.027173731005892116
4.450422945014033	0.028065371475031842
4.456060512285057	0.028182608147474374
4.461700235781338	0.0281608075138035
4.4673441623411065	0.028037625242551524
4.4729941711032835	0.02772036272710109
4.47865118943889	0.026348205651490014
4.484315461889743	0.02279939000896316
4.489986393170771	0.020231577457395365
4.4956631022169935	0.019223723672114994
4.501345143963134	0.01962902599537578
4.5070324630483105	0.02317584549642194
4.512725458461193	0.027159445801509176
4.518424509144089	0.028105172543428043
4.524130035724923	0.02817146135597338
4.529842459071777	0.028159051995441033
4.535562141926944	0.028155860687779893
4.541289348304672	0.02809637545036716
4.547024234318859	0.027796948705849388
4.552766869603263	0.026234969020415055
4.558517280057621	0.0227215331895889
4.5642754994723385	0.020155193985588387
4.570041621563324	0.019048001033051588
4.575815836780987	0.01888030585174642
4.581598389811168	0.020288889046590312
4.58738931386963	0.024230681749662204
4.593188749968451	0.027524857600010926
4.598997175600929	0.028123404290534153
4.604815081030278	0.02815291234637578
4.61064292840804	0.028394469596132725
4.616481128897414	0.02890291681341787
4.6223300411487696	0.029149327790159017
4.628189988175858	0.028614213445275337
4.634061284361811	0.028872992867836438
4.639944262002049	0.027558213295505
4.645839066294322	0.024734602634320518
4.651743893332143	0.021126331787716147
4.657653823453829	0.019784952680064003
4.663569654240281	0.01917418780649995
4.6694923405275555	0.019678537544934836
4.675422918906343	0.022705875919932308
4.681362417107477	0.02633481371386201
4.687311692631904	0.028005929690095556
4.693271108886337	0.028156870032054304
4.699241510800096	0.028141599461831056
4.705223334726003	0.02813293882505777
4.711215549652561	0.02812958575705212
4.717217575320481	0.028130582792508445
4.723229736038266	0.028134158103431967
4.729251912952627	0.02809398548110755
4.735284364479603	0.027890435375247696
4.7413273641516955	0.02737825207622043
4.7473811063055225	0.025617192901718665
4.753445702060157	0.02306244566949183
4.759521193618351	0.021205511659610772
4.765607583205261	0.02078410588959695
4.7717048694001685	0.022024846328039565
4.777813081695808	0.02511051624395653
4.7839323043446385	0.027702535167046745
4.790062587455903	0.028125097506579783
4.79620258187593	0.02814920008681912
4.802346824209111	0.028135821365577334
4.808495596033322	0.028128014865651325
4.814649307935575	0.02812344212182518
4.820808452781465	0.028122583895301895
4.8269735552141935	0.028125509749676918
4.8331451256872535	0.028129456651519807
4.839323625671137	0.02805604163947496
4.84550944796951	0.027846855615369686
4.851702912851343	0.027457982694178523
4.857904277545526	0.026201746864932596
4.864113754132471	0.02419339354406699
4.870331529484911	0.02254939789026921
4.876557780898323	0.023120376646756792
4.882792682416016	0.025952039157743394
4.889036399281637	0.028198650240345385
4.895289070912451	0.028410560355731203
4.901550785657903	0.02815467941894011
4.907821552797334	0.02813805751709521
4.9141012783064815	0.028129271239366677
4.920389750692716	0.028123437621081354
4.926686641681668	0.02812061273801351
4.932991524017732	0.02812166306667539
4.939303905627674	0.028126294094447158
4.945623276430847	0.02811972402713258
4.951949161731619	0.028013100380544793
4.958281174835789	0.02778300073066764
4.964619061504809	0.027402667849348937
4.970962730047873	0.026147283128626242
4.977312262991574	0.024417731754002688
4.983667864602471	0.02343210564733348
4.990029057179521	0.025487104603984494
4.996392800014031	0.028695303242453486
5.002759406242518	0.02962810957743218
5.009129327284748	0.03004226252711324
5.0155025810748715	0.028921467420534124
5.021879526644397	0.028638440010809608
5.028260049608727	0.028629801011443183
5.034644377244305	0.029136328274457796
5.041032666895742	0.02943353639694931
5.047425016330046	0.03049407635024206
5.053821625110471	0.030418339678289507
5.060222877030379	0.030463686710802036
5.066628463113265	0.03039077616967108
5.073038400347124	0.030705098643333338
5.079452660325246	0.03057002356550988
5.085871221150284	0.02939264790587879
5.092294001709985	0.027072164165561418
5.0987206358065205	0.028018082551708467
5.105150943346781	0.03000699761841283
5.111584469424617	0.03158372326262186
5.1180211294480795	0.03269773563117124
5.12446049368288	0.032470250010877826
5.130902426819006	0.03194849444217936
5.137346889996049	0.03134717325115388
5.143793952166981	0.030990766540463045
5.150243798027432	0.029919053578120886
5.156696707680973	0.02991774650270552
5.163153045007285	0.028896403342008
5.169613228651145	0.028898932502761883
5.176077694573571	0.028564116770243085
5.182546874636586	0.02786921880729883
5.189021161690017	0.027618666709244382
5.1955008930196085	0.027250187726281266
5.201986342794478	0.026542977795412176
5.208477707351297	0.027166229779387298
5.214975100815053	0.02835856342207993
5.221478528563787	0.029674527666170746
5.227987200543528	0.029434846089608523
5.2344974535842965	0.02885627813739765
5.241007690032154	0.028450513938636346
5.247517291870755	0.028139624534158292
5.2540261417566105	0.028131361139524868
5.260534136706718	0.028126384494297836
5.267041201974901	0.028126052191260232
5.273547303132053	0.02812904268966131
5.28005245557172	0.028125999897952052
5.286556730780475	0.028048901667975572
5.293060258930808	0.027891278674280828
5.299563227659837	0.027650169955905374
5.306065877246204	0.027413106795434357
5.312568492730955	0.026987666395048727
5.319071393790952	0.028040076640538026
5.325574923328684	0.02887936659878737
5.332079435778063	0.029736876457852845
5.338585286054402	0.029387196332076076
5.345092819928496	0.028852266125803393
5.351602366419079	0.028387446761392543
5.358114232604276	0.02814340079005597
5.36462870107341	0.028135131158601456
5.371146030080384	0.028129901964239055
5.37766645631122	0.028128933861641742
5.384190200027271	0.028131487996698717
5.390717472181014	0.028104653819976032
5.397248482924899	0.02800151545554752
5.4037834507608675	0.027804477528778952
5.410322611390424	0.02764560164523234
5.4168661282470785	0.027308070606299677
5.423413731392394	0.027500919255767996
5.429965701179532	0.02841532845625937
5.436522457337112	0.02955364150766268
5.443084446873205	0.029555738240190293
5.4496521323813045	0.02911751441173773
5.456225977958317	0.029678354539900365
5.462805694566517	0.029745505487267666
5.469387302789339	0.029760652145196888
5.475970016086809	0.030680352256481563
5.482553998832732	0.031451821599164015
5.489139469820122	0.03170549367751233
5.4957267016565385	0.03191068075364463
5.502316015455014	0.03199190964330736
5.508907771469315	0.03193880495450224
5.515502356717866	0.03178674791862299
5.522100170803022	0.03176685554172161
5.52870161120747	0.03151934227705208
5.535307059274327	0.03262368427162159
5.54191686789801	0.032337764657054936
5.5485313517107135	0.031769907403986476
5.555150780281525	0.031066216437392956
5.561775374580185	0.03030773454999891
5.568405306711657	0.029257816021634114
5.575040702707631	0.028147047985088224
5.581681647962258	0.028138335578829842
5.588328194710821	0.028132796250030713
5.594980370848744	0.028131304319159313
5.601637966786649	0.028128983290968405
5.6082994978426	0.028069148367530432
5.614963728597091	0.02794525526269343
5.621631002789826	0.027727747064633913
5.628301360447058	0.027870847655777613
5.634973223099743	0.02777655263467846
5.641646210002654	0.029136254077039563
5.648320391362398	0.02945127162448703
5.654995859977871	0.02988324317565407
5.661672728974244	0.029303205669200603
5.668351127093957	0.02970830637972934
5.675031192042953	0.029926515677890182
5.681713062562301	0.0299442397706076
5.688396870000903	0.03097208100706379
5.695082730196786	0.03190938194769129
5.7017707364344155	0.032357191336723976
5.708460954142623	0.03277511245058579
5.715153417845241	0.03308783316759015
5.721848130690888	0.03327280924038308
5.728545066683774	0.03327772356223506
5.735244175527029	0.03318157349604395
5.741945389786296	0.03363247953765366
5.748648633893497	0.034336895990376606
5.755353834349813	0.03464562819658212
5.762060930364442	0.0338215401429664
5.768769884093725	0.03274865213143834
5.7754806896347555	0.03153881848096109
5.782193379986296	0.03014185722017416
5.788908031318988	0.029703958363790074
5.795624764090134	0.029451971075995325
5.802343740780734	0.029004450999354343
5.809065160301039	0.028132343558835003
5.815789024929477	0.028121142103293306
5.822514088228065	0.028047642088337005
5.8292393773771485	0.028152061285269002
5.835965129137151	0.028675332096571044
5.842691586995727	0.02976293958465398
5.849418990557562	0.03154429511887653
5.856147564399613	0.03240872979407892
5.862877507227435	0.0312733235411858
5.8696089821450705	0.029996658041569268
5.876342108764085	0.029145861243450828
5.883076957738439	0.028582965228158487
5.889813548135393	0.028337189716485335
5.896551847852064	0.02814403767941247
5.903291777077091	0.02813691585467183
5.910033214588957	0.028133906043593455
5.9167760064878525	0.02812391786836923
5.9235199767873965	0.028058461912661387
5.930264939156705	0.027944059067304995
5.937010709012918	0.02774333289421249
5.943757115128701	0.027457218408796957
5.950504009945219	0.02668336098957146
5.957251277870705	0.02701566903521508
5.963998840993665	0.0278353223998536
5.970746661837335	0.029067489888279563
5.977494743011332	0.029101732529379015
5.984242800084996	0.02846263964516705
5.990988917389763	0.028169386434790604
5.997732375546872	0.028115915090469523
6.004473405543796	0.02814751777031192
6.01121227184298	0.02810261645565081
6.017949260228634	0.02802637390202527
6.024684665045924	0.027889166556744623
6.031418776656465	0.027681396137617564
6.038151869894277	0.027006901909565055
6.0448841942217415	0.025273296089283193
6.05161596616381	0.024029015715475346
6.058347364445515	0.022836579813918723
6.065078528072725	0.024184812414674104
6.071809557371778	0.025463515197975312
6.078540517768676	0.02756143214093195
6.085271246718554	0.0279702537031176
6.092000639452827	0.02803887930858854
6.0987287906557155	0.02811173677861392
6.105455879904344	0.028218902266505346
6.112182022581316	0.028522245682542552
6.118907251146135	0.028607659167634848
6.125631503751442	0.028668096012859808
6.132353890450247	0.028704011326155205
6.139069136404958	0.028981099278884946
6.145771980578458	0.029000257282542387
6.152462161519676	0.02887399562389219
6.159140144131498	0.0286294285350362
6.165806871489792	0.028178337305055607
6.172463705787743	0.027354764092265078
6.179112307431058	0.026948893287025856
6.185754475715618	0.026074694935406956
6.19239176761333	0.02600158072776334
6.199023663924464	0.02555051430368322
6.205645944488487	0.02520400658711804
6.212257371350831	0.024839769512975146
6.218858677895161	0.02471363608057085
6.225450769869402	0.024677540016608872
6.232032545769474	0.02464783820567323
6.23859903386015	0.02462403561713782
6.245151298765734	0.02459302505330897
6.251690767226071	0.024502188570587884
6.2582191105519	0.02437274340558126
6.264738104626064	0.024150438526668386
6.271249488179066	0.023812205183921614
6.277753997332795	0.022539147101207843
6.28424786263385	0.021034399619183894
6.290730387558955	0.019097409594934524
6.297202894242047	0.01710849970265825
6.30366696248773	0.016018970419499772
6.310124304907569	0.015231337629364175
6.31657662922994	0.014425798050830916
6.323025506892708	0.01409686340454985
6.329472261652003	0.014094108601048167
6.335917131481323	0.014089080663456691
6.342355975097605	0.014082576184617685
6.348785795846845	0.014074107482113126
6.3552037254547225	0.014066630994456
6.361607327219079	0.014060846303059768
6.367997394315195	0.014056683384515318
6.37437508224753	0.014053490263411234
6.38074182914655	0.014050698348725441
6.387099246232964	0.014048832251315238
6.393448995495493	0.014113264089211338
6.399792671170963	0.014416935916257357
6.406131698739739	0.014521843497237624
6.412467260917079	0.014655603116901682
6.418800255501744	0.01489726325154532
6.425131285646965	0.015440193330384511
6.431460455804389	0.016188617291739132
6.437786166703532	0.017486768832744783
6.444105472995113	0.01887205965321486
6.450415812196596	0.019551727476479094
6.456718452135865	0.02050232399662836
6.46301486535006	0.0218499789654691
6.469306307979426	0.022934491152189596
6.475593359570024	0.0231218630731367
6.48187437189385	0.023270854059730124
6.488149388355199	0.023332999140240774
6.4944189174872715	0.02334940095254399
6.500683620753136	0.02336834498775773
6.506944289388303	0.02340655304678445
6.5132018122029285	0.02344999410836227
6.519457138605649	0.023463585715374498
6.5257112410275155	0.023459917837711675
6.5319650802243325	0.023456027744579017
6.538218983794655	0.023452349742106714
6.544469955627858	0.023449900755989163
6.550715693434291	0.023447979830426794
6.556955091295963	0.02343014455646685
6.563188391027523	0.023387339272455863
6.569416011899551	0.02334456869064102
6.575638525921293	0.023290740431723307
6.58185662370359	0.023222115094285654
6.588071075551322	0.023317136344932966
6.594282692091819	0.023822202963794885
6.600492287944166	0.023158024776753803
6.606700270744861	0.022551479518518006
6.612905075030656	0.022076427795165273
6.619106575561125	0.02172773570927027
6.625305476920432	0.021954919490363295
6.631502462386874	0.02288062200971487
6.637698174153781	0.023860541723078103
6.643893199502846	0.024503214710944805
6.650088062183144	0.025765543268079383
6.65628321790254	0.027061491321806082
6.6624790527608075	0.027548908898727166
6.668675883591094	0.02766231810111407
6.67487366797392	0.027786344816369424
6.681070640995366	0.027824461092065822
6.687265324703832	0.02823405895896052
6.693458192740411	0.029316847021713933
6.699649650799817	0.03005887529607179
6.705840034590054	0.03019932228013472
6.712029610965406	0.030327437342759757
6.718218370521452	0.03039579909014825
6.72440524762489	0.030431866336752683
6.730590312240133	0.03045876647036618
6.736773853375368	0.030476999276976096
6.74295611651672	0.030485059007997296
6.749137303479037	0.030464289268076393
6.755317573219725	0.0303906095011121
6.761497044152257	0.02994240633693167
6.767675798332065	0.029272172366020432
6.7738538876323835	0.029111168623135016
6.780031341724635	0.028947190493621655
6.786208177387932	0.028925011823040764
6.792384408431097	0.028161491545365003
6.79856005535856	0.027423506076781456
6.804735153874666	0.026979800461305724
6.810909761410328	0.02689217268406426
6.817083961062935	0.02712466397223635
6.823257862637847	0.026735965509127525
6.829431600824279	0.02710592831674314
6.8356052947647274	0.02799428513074622
6.8417788695939175	0.028262240511718807
6.847952288090631	0.02814371054398588
6.854125751791073	0.02797969404250809
6.86029926841321	0.02777342157711827
6.866473013904521	0.02776026279069998
6.872647211580259	0.027840059930957083
6.87882207494847	0.02795702875757981
6.884997801807484	0.028036650279732123
6.8911745701483325	0.028101605058289864
6.897352535982141	0.028151138362327976
6.903531832959084	0.028158376282651748
6.909712573436885	0.028153812646309933
6.915894603005989	0.028121218466632736
6.922076580377404	0.028068213148286753
6.928258518823921	0.028008321965842707
6.934440571877881	0.027901797117573367
6.940622888592492	0.02783486487717888
6.946805614502957	0.02804041875953922
6.952988876577716	0.028114782315132585
6.959172543603258	0.027573364351467605
6.965355731836885	0.027068816377809092
6.971538675559426	0.027172674600969376
6.977721614768036	0.027400874923614215
6.98390479129715	0.027750234170101796
6.990088444196798	0.02804806916933897
6.996272804728306	0.028733131514755927
7.002458091375729	0.02854982689845334
7.008644505262515	0.028286140988904647
7.014832226314367	0.028180639455168514
7.021021410431874	0.02779672728720774
7.027212187841764	0.027692837644124963
7.033404662694573	0.027747085023229572
7.039598913877847	0.027859038357643785
7.0457949577850805	0.02797586850017301
7.051992588133582	0.02804566663104745
7.05819172289604	0.028076926195431888
7.0643924145158845	0.028071703400184445
7.070594697327427	0.02803406968629324
7.076798591168641	0.0279678883375954
7.083004105266487	0.02793070062408503
7.0892112420871065	0.028104252123190537
7.095420000865526	0.02815635181071733
7.101630380576447	0.02823963127264633
7.107842382174361	0.027509934866402304
7.1140560100105175	0.027218251428083252
7.120271272417982	0.027180678565914253
7.126488181535473	0.02768734403589961
7.132706752507626	0.02807871509601423
7.138927002247442	0.028639401401748043
7.145148947971583	0.02861969002782059
7.151372485921366	0.0282333970151943
7.157596846990719	0.02783578896920068
7.163821467159171	0.0273231126571081
7.170046390567051	0.0274351302091294
7.176271672412249	0.02713906841855287
7.182497377057344	0.027320140298962688
7.18872357629306	0.027672192689311315
7.194950333281149	0.027808771180063353
7.20117749145505	0.027915441379195754
7.207404258771933	0.02796012807012859
7.213630789506689	0.028100542453618992
7.219857249588428	0.02834515605921863
7.226083814946844	0.028417587849855992
7.2323106698787685	0.028708250459337253
7.238538005364862	0.029058968842516054
7.244766017274748	0.02953514421379696
7.250994904416692	0.03054391415464463
7.25722486641156	0.0312617121367342
7.263456101396342	0.03192783228881382
7.269688803586476	0.0318343177328506
7.275923104165763	0.031478187622386224
7.282158813123771	0.03070308512059957
7.288395833365936	0.02988822640420935
7.294634348047551	0.029260044140059206
7.300874530447183	0.027905979059024217
7.3071165414959545	0.026742564502339534
7.313360527416674	0.02619672057536495
7.319606617562458	0.025744039951509756
7.325854922536717	0.026211600124792837
7.332105532664595	0.02691358105620999
7.338358516871528	0.02754607254048249
7.34461392200895	0.027397132104388662
7.350871772651456	0.026999858197211922
7.357132071374455	0.026458384562675085
7.363394799507125	0.02653725647251446
7.3696598846096	0.02716055986909601
7.3759269598605695	0.028104996093788626
7.382195285751898	0.028932648046766117
7.388464806748046	0.029114697993305676
7.394735458986674	0.028762465378166374
7.4010071722940465	0.028149136126749214
7.407279872307124	0.026145919707694847
7.413553482669605	0.023864397044935728
7.41982792727139	0.021477092689586714
7.4261031325022	0.020709271437701425
7.432379029494685	0.02094480499495318
7.438655470001932	0.02144257197846225
7.444931903606827	0.021777038695787877
7.451208253815478	0.022608627811178773
7.457484528203062	0.02412278338611914
7.463760752033821	0.025960669850094504
7.470036968073288	0.02720362383881979
7.47631322673018	0.027773873679946458
7.482589584912294	0.027844444729472034
7.488866114807684	0.02643001993058285
7.49514289597037	0.023233525559226517
7.501420010134253	0.02028283099074671
7.5076975380484345	0.01986090131533276
7.513975560079022	0.020202547599386205
7.520254161078469	0.02147716472223686
7.5265334474164725	0.023382024250891725
7.532813576409714	0.02586034370708129
7.539094758050535	0.028812498423499793
7.545377269305558	0.030644304876771028
7.551661433666273	0.030618975826812313
7.55794748212717	0.027618377115490988
7.564235867832259	0.02424476505279296
7.570527090087176	0.023967821283931195
7.576821638850635	0.024827458502742716
7.5831199765310435	0.025806817518865054
7.589422563184475	0.026844632062472517
7.59572971788409	0.027982576631729893
7.602040793244736	0.030320966454796892
7.608355800094064	0.03250795808543746
7.6146753035863695	0.03064461744185759
7.62099403640369	0.027100362785037236
7.627282301082691	0.02651889128701581
7.633547846379303	0.027160825188334424
7.639724482556285	0.027813503322094202
7.645848635689046	0.02801040771435783
7.651929351646234	0.028252581982524293
7.657995291033078	0.02909670905833859
7.664062117460275	0.03114556922003463
7.670102474852403	0.031169407232584
7.676074970419111	0.028402191695876287
7.682018121611223	0.02855653203650072
7.687938371288034	0.03171237027398951
7.693846931312918	0.03214455178696534
7.6997026103957396	0.030566529296373445
7.705528540907667	0.028436460887734834
7.711336924142042	0.02679649705780015
7.7171363155845984	0.02631075040532606
7.722942439892092	0.027108294637802226
7.7287612877949545	0.025918488449735617
7.734565044674235	0.025312847983235753
7.740355771069728	0.02838605528504657
7.746132194042834	0.02922032092528023
7.751895566651102	0.027413400253994073
7.757628778755734	0.026792717427292632
7.7633394680566	0.025037740758312797
7.769043458315682	0.023104076545224388
7.7747423234767625	0.022433899613956226
7.780449040854291	0.02223553312487998
7.786170613448894	0.02184992427727715
7.791892583640502	0.023791362129829876
7.797607833641232	0.026861948034622773
7.803316460436387	0.02749413806695754
7.80901848401422	0.027455831443170226
7.814693787933523	0.02689165348414201
7.820350429376813	0.025071315750728084
7.826003417826233	0.02292195455987018
7.831655459993675	0.021947761302553218
7.837316668391248	0.021363063936630938
7.8429924681900225	0.02204313638002895
7.848665907778639	0.024896477470004452
7.854334944507336	0.027316348580007525
7.859998878428891	0.02752190931354992
7.865658274015886	0.027457069058603168
7.87129159420796	0.026773745776110226
7.87691009633726	0.02479156620333791
7.882527320191086	0.022602299638949434
7.888144779860087	0.021408402349520645
7.893772959313635	0.020636681893063464
7.8994162585513354	0.022134259160249685
7.905056149758697	0.02560857073783543
7.910694572428052	0.02747450021512431
7.916328619174897	0.027548152643811236
7.921958073906619	0.027458648927786156
7.92756349523759	0.026661033969280525
7.933157367028769	0.024627981472871967
7.938750512187293	0.022607596959236247
7.9443455986208775	0.02147871694666045
7.9499529887896685	0.02076025784464503
7.955575726877247	0.02287870125950158
7.961192324032696	0.026245405650659036
7.966807485880105	0.027525786180473532
7.972417015016642	0.027543032948876656
7.97802079096681	0.02738577929809155
7.983597483317811	0.026330059848168774
7.989165490473321	0.024315880005144157
7.994733902599789	0.02255516472111089
8.000305714547402	0.021508086194841035
8.005890079923605	0.021045576048229608
8.011485667557046	0.02353120806771642
8.017072263792622	0.02669389238379134
8.022656686917326	0.02751296052586872
8.02823413519593	0.027492713346249493
8.033797607230618	0.02715503762395378
8.039339550975006	0.025662402714672995
8.044875897813537	0.023468582050602718
8.050412884569953	0.022107864474920563
8.055955485977087	0.021009968641290865
8.061511430947954	0.021170526723346912
8.067075254088728	0.02411942205056561
8.072633415554678	0.027033766682768523
8.07818992291931	0.027494570836532905
8.08374149653825	0.02744555742372321
8.089273936596701	0.026815744567763384
8.094790313500997	0.024954664316268683
8.100304063820664	0.022721281308663615
8.105817389153525	0.021433082233368615
8.11133911040233	0.020322608026262075
8.11687532429482	0.021384160644359988
8.12241584887002	0.024905336682627986
8.127953276481374	0.027323359462807166
8.133486705847396	0.027481666216036853
8.139016249877503	0.027374525469803214
8.144522720151935	0.026444097905411718
8.150016892299371	0.024318579346561203
8.155510318672738	0.022246998768499327
8.16100354896135	0.020686769698728406
8.166506887600786	0.019988627052124407
8.172023700669001	0.022072711576491832
8.177535423542894	0.025730110268120793
8.183045881507306	0.02744306173769274
8.188549445285476	0.027458669530899066
8.194048670805378	0.027181060434905802
8.199524061851784	0.025824006308785487
8.204990519393165	0.023520493674671916
8.210456225428215	0.021806508102387333
8.215924166960809	0.02006194211712191
8.22140390784469	0.019907582603776203
8.226896992458846	0.02309077579286801
8.232382178234223	0.026476286433013734
8.237865431982812	0.027450727741361036
8.243345755000224	0.02742333176029229
8.248818238934582	0.026855553528610777
8.254271129250291	0.025115059110468112
8.259718476613193	0.022902583696792
8.265164136340005	0.02121847710991988
8.270615089847452	0.01971516971667778
8.276079215074079	0.020277416264723458
8.281553853183135	0.024230029524582995
8.287024034505976	0.02704223151074637
8.292491630892997	0.027437435000772475
8.297955703095278	0.027309019810154156
8.303403421135208	0.02631465232493572
8.308836728260852	0.024319969697168063
8.314267400346333	0.022386138554147207
8.319697449431516	0.020740535791538638
8.325135336320113	0.019828168502825032
8.330585774859575	0.021399130809654925
8.336036066323121	0.02520127879924683
8.34148442347354	0.027323742250870253
8.346927293759414	0.027397988110696637
8.35236630544898	0.026973211645316374
8.357783112218705	0.025502764896934482
8.363190210951345	0.02332913086394345
8.368596900549319	0.021678478410842084
8.374004490721527	0.020095517416244685
8.37942257975752	0.019840153739937794
8.384853520613042	0.022701954740845583
8.39027806135589	0.02606668603740208
8.395701391971548	0.027390750484742165
8.401121462369044	0.027318044064797053
8.406534218960916	0.026490297852856982
8.411928023855934	0.024620383474391355
8.417316147810908	0.022575286317872274
8.422703436675652	0.0210380155026142
8.428095543127563	0.019705139650021887
8.433500102459684	0.020258313387806464
8.438914276187925	0.023954175665747857
8.44432457604016	0.026810376371660054
8.449733344285702	0.027383983494746196
8.455138080496143	0.027140454141834754
8.460527401985603	0.025916071358676695
8.465903196585547	0.023825788352703003
8.471276904786588	0.0221939748225685
8.47665085217425	0.020613194553911647
8.482032512118256	0.019755963231996233
8.487425968055952	0.02152487640958541
8.492817101708537	0.02512592506059689
8.498207018224482	0.02723695693117304
8.503591214205409	0.02731297873279253
8.508972623251143	0.026598774773102647
8.514332028730355	0.024910605883179237
8.519682866463231	0.02290063657907945
8.525034474007084	0.021382349086040014
8.53038752315429	0.019812576154819232
8.5357508362335	0.019708620579206436
8.541124793544626	0.022885997594692307
8.546492448028685	0.026157253188767975
8.551859501160958	0.027350395933142268
8.557223158004065	0.027098445614635758
8.56257818901495	0.025938649150867722
8.5679169048693	0.023947800945988307
8.573251521239808	0.022255145850760584
8.578585814759721	0.020601401262473684
8.583925969865621	0.0195618055292967
8.589278305802868	0.020536865619479643
8.59463704319352	0.02429946931364558
8.599993875560605	0.026939935799872184
8.605348759809026	0.027322628151347318
8.610700551594949	0.026712925903129164
8.616034923902019	0.025198401297441515
8.62135862933653	0.023239096912623557
8.626682087093123	0.02174430840364474
8.632005916395824	0.02017935014151533
8.637338848098734	0.019658903628957884
8.642683487510462	0.022142658564874067
8.64802253681106	0.02553230388751168
8.65336143995663	0.02725959414321345
8.658694099994372	0.027049040716862916
8.66402057613773	0.025938671186898642
8.669328269174834	0.02404853197508084
8.674630242166332	0.022382162563774746
8.679932894014218	0.020760556010426107
8.685239481171182	0.019467727534489256
8.690556833112655	0.020026097376962596
8.695880011124189	0.023543888081939822
8.701200233369004	0.026493833057900994
8.706519665391266	0.0272760271239929
8.711836402876827	0.026641472353905366
8.71713947301854	0.025132906307682574
8.722430730871718	0.023011465935601827
8.727720888410175	0.02078892328571658
8.733010843648954	0.017745049592283405
8.738309068311052	0.015873039159988233
8.743619470216002	0.017130233068426415
8.748929562635094	0.020355362943359656
8.754239295861428	0.02240920448561707
8.759544566731094	0.022340659495999542
8.764845565041442	0.02127520522959629
8.770126559652148	0.01937924625588421
8.775400985612768	0.017331630193318005
8.780676368314824	0.015609028101364147
8.785954691427486	0.013660384232929049
8.79124326311667	0.011771751931289267
8.796538600532546	0.011565857312555333
8.801831029854931	0.011857022098671408
8.807127251088918	0.012888005398106455
8.8124253230736	0.013631769499231634
8.817729964451948	0.013862290920508136
8.823044820991191	0.013915150789310419
8.828385603178408	0.013833887831450347
8.833741111023429	0.012576819415326335
8.839107555305242	0.01172940146397338
8.844481880217206	0.012653595632018112
8.849859528005538	0.014239923103193924
8.855241335557988	0.017750970825794125
8.860628617763274	0.01971147281372152
8.86602409355317	0.021485231340830132
8.871431059796086	0.022757435738529893
8.87685112806693	0.022960894684411877
8.88227952702677	0.02254214241935085
8.887713637633636	0.021700899153072526
8.893154027609201	0.020517302333292436
8.898602224228364	0.01969819693264254
8.904059865123399	0.019350361857920505
8.909526404403978	0.019427837314069416
8.914997089688677	0.01824016822686564
8.920472458777763	0.018095764713953487
8.925953318961115	0.01880762685132343
8.931441499978268	0.022253081859411723
8.936940183737944	0.02517733453444223
8.942451166259183	0.02708833887635028
8.947970257053866	0.027295835836230953
8.953495557075248	0.02654966101391814
8.959027082363628	0.02520598232209812
8.964566399358528	0.02326885910483668
8.970115080288032	0.022004398046774013
8.975671964463555	0.021050195248158494
8.981233063079436	0.019576161460803647
8.98679900147069	0.01804663888733554
8.992370642823012	0.01778610515608884
8.997949531191606	0.020463483487494587
9.003538558540843	0.02402371668713809
9.009138857735193	0.026495151020852092
9.014747078924685	0.027277561492807016
9.020360711878762	0.026714836329167286
9.025980574199215	0.025464140233938115
9.03160835652813	0.023570790358877887
9.037245175421047	0.0222234299224682
9.042887126995211	0.021221441252288892
9.048534098562309	0.01957227514482864
9.054185978716003	0.017783199766982286
9.059843773486952	0.017464962649477382
9.065509226216841	0.020373026214339802
9.071185015452755	0.024142103968270823
9.076869842417775	0.026622361436413826
9.082561638264512	0.027226940276881818
9.088258826017352	0.026503161874999855
9.093962841747599	0.025082864970778062
9.09967534781808	0.023190065182994057
9.105395984787592	0.021853903432419722
9.111121462792248	0.020873777405045514
9.116851695319923	0.01854767147438733
9.122587618367739	0.017207509298255604
9.128330548637777	0.018000950387738652
9.134082873420839	0.021924483469283322
9.13984675841493	0.02546600856132434
9.145618529770498	0.02714659818508447
9.151396116343275	0.02695274495426673
9.157180298898949	0.0257853794750822
9.162972967967455	0.023914790287711162
9.168775482582715	0.022387420488472698
9.174583635296854	0.021235601881918732
9.180396673016233	0.01912170314714403
9.186215524226972	0.017190109019192424
9.192041460723965	0.017039191325923457
9.197876622670373	0.020779885591505745
9.203723761954327	0.024881122598600904
9.209579055532524	0.026984671895192113
9.215440920501809	0.027001324217185606
9.221309409388997	0.025869755870116078
9.227186463928033	0.024000777820286916
9.233073510218118	0.022411934674126756
9.23896620849208	0.02116792002519271
9.244864000044092	0.018851611297892475
9.250767711817064	0.016834697968664127
9.25667872047229	0.016961573021120176
9.262599204693231	0.02108011895293865
9.268531445289224	0.025255003936188042
9.274471723457347	0.027077661702791255
9.280418161115126	0.026767144375818876
9.286371445839047	0.02542935803725204
9.292333206107621	0.02340472756744682
9.298302245083585	0.021942293487921365
9.304276668688123	0.02051540040207907
9.310257250195631	0.017805924926379262
9.316243969713756	0.016136252907490503
9.322238483484975	0.018149711545488022
9.328243102022403	0.022781664522595137
9.334257333974682	0.026305995441651492
9.340278522654863	0.02706186926175222
9.346305638291081	0.026130624318058536
9.352340209068188	0.024277270943461843
9.358382835547628	0.022467995608494808
9.364430280625559	0.02115088238229982
9.370483424210583	0.01872667762535874
9.376541925411045	0.01626759408722151
9.382607252194477	0.016478788228107857
9.388681317748059	0.021064429361871462
9.394764926442475	0.025525661513678532
9.400854739497731	0.027056857001185368
9.406949303883641	0.026414993583801488
9.413049816750116	0.02474446186806691
9.41915568466541	0.022778851398255157
9.42526388496172	0.021406400381046898
9.431371569039944	0.019267337043101056
9.437474185482847	0.01642462528712748
9.44357211080632	0.01606793640143554
9.449665334459795	0.02034237607091523
9.45575382752219	0.025027439948559764
9.461837560400317	0.026939625012615938
9.467916358342139	0.026412834969854478
9.473990646825328	0.024777967621777742
9.480060735863722	0.022762228561457137
9.486126182020563	0.021360109742406368
9.49218734457177	0.01925603356435799
9.49824502379043	0.016109480557381095
9.50430010870628	0.015004041027940482
9.510353561550765	0.019180032085973044
9.516406467625831	0.02421794292349134
9.52246027445473	0.026813857363676197
9.528516747407393	0.026503661393237916
9.53457622135636	0.02504625368462594
9.540637498473	0.022978682497090203
9.546701558637595	0.02151049369114972
9.552769711833479	0.019622740188954022
9.558843589862427	0.016325363113350894
9.564924701965825	0.014531207654166036
9.571013315060998	0.018143064655361807
9.577112737373351	0.023448317841616176
9.5832273322772	0.026777335622469478
9.589354813856744	0.026938194785586594
9.595495807873963	0.025742602138135152
9.601647936644746	0.02367969223637188
9.607813178294808	0.021999897640729217
9.613994213067805	0.02015910592456938
9.620186581266609	0.016993353431023712
9.626389352919341	0.015084349252492557
9.632606071102051	0.01803545722274414
9.638838200074943	0.023271339301540316
9.645089918468802	0.026583188948895792
9.651368447569375	0.026648040712842113
9.657672783064692	0.025244617818612126
9.66397200683294	0.023163376527536955
9.670269750391135	0.02162340085901806
9.676567159899452	0.019757919057752666
9.682875136822947	0.016574265027151026
9.689199237611126	0.015482178464880092
9.695519378339839	0.019646866156203056
9.701838599658478	0.024624415726843263
9.708158688860912	0.026809278192680263
9.714478670533596	0.026252990746449646
9.720767918254856	0.024456037841539612
9.72704562074231	0.022408043612311045
9.733326545081049	0.02100882389746879
9.739613255659306	0.018758641862129194
9.745913970006548	0.016045175077720054
9.752233308286126	0.016396187042138625
9.75855336831617	0.02117304807189842
9.764877479373988	0.02580453475017358
9.771212436554046	0.027014967916570088
9.777557752605658	0.026087479704395067
9.783912200367059	0.02407019360331763
9.790258473198083	0.021880325546578955
9.796612640217855	0.020198381023184008
9.80298633125505	0.017854180584633537
9.80938105511582	0.015533917999319653
9.815781019426758	0.01679648241655902
9.822182325200094	0.021953372729745364
9.828584817386727	0.026489763642007013
9.834988912059398	0.027381859610804433
9.84139531921593	0.027311885444364054
9.847804781521067	0.02588198014919607
9.85421789454005	0.023872484809219146
9.860635044520224	0.021491877078627233
9.867056444380788	0.019489960091899947
9.873482213888536	0.016593707032210015
9.879912464762109	0.015923356436151462
9.886347362393128	0.018068844554323858
9.892787149177575	0.022643597131379336
9.89923212625622	0.026636072793592935
9.90568241995795	0.02771139540997099
9.91213682395398	0.027867308211020642
9.918593123913618	0.027704290195446225
9.925051412705235	0.026638827109780806
9.931511852944904	0.024665303579691954
9.937974675230992	0.022680942823848957
9.944440170864553	0.020143085006033127
9.95090866990325	0.017932246350721572
9.957380506327384	0.016902441172452345
9.963855979132518	0.01863337502358851
9.97033531509325	0.021271413878938376
9.976818652032051	0.024914098281361458
9.983306049761994	0.027539594478412432
9.989797526775838	0.02804757944795309
9.996020793688103	0.028134173816964047
