x	y1
0.0002348645385937335	0.0
0.0018041847118050144	0.0
0.0033734203143884517	0.0
0.004942464633852013	0.0
0.006511089725622788	0.0
0.008079175975430234	0.0
0.009646710599569688	0.0
0.01121337469471168	0.0
0.012778993253857828	0.0
0.014343614506111435	0.0
0.015907200335899152	0.0
0.01746929239096158	0.0
0.019029855288525965	0.0
0.020588943816113578	0.0
0.02214653282117602	0.0
0.023702213260995836	0.0
0.025255992772225712	0.0
0.026807907360858318	0.0
0.02835783478779102	0.0
0.02990562630394937	0.0
0.031451301951008495	0.0
0.032994794840657926	0.0
0.034536174921157244	0.0
0.03607551206014509	0.0
0.037612876001447644	0.0
0.039148336323377775	0.0
0.040681962398546455	0.0
0.04221382335520279	0.0
0.043743988040113785	0.0
0.04527252498299017	0.0
0.04679950236246027	0.0
0.04832498797358927	0.0
0.049849049196937625	0.0
0.05137175296914835	0.0
0.05289316575504973	0.0
0.05441335352125649	0.0
0.05593238171124994	0.0
0.05745031522191457	0.0
0.05896721838150642	0.0
0.06048315492902622	0.0
0.061998187994968354	0.0
0.06351238008341506	0.0
0.06502579305544365	0.0
0.06653848811381316	0.0
0.06805041611386128	0.0
0.06956095572487804	0.0
0.07106975747835097	0.0
0.07257635646044541	0.0
0.07408039046031985	0.0
0.07558193179484038	0.0
0.07708098022851435	0.0
0.07857758489438631	0.0
0.08007183069228893	0.0
0.0815638013776552	0.0
0.083053579561641	0.0
0.08454124671195168	0.0
0.08602688315434694	0.0
0.08751056807479973	0.0
0.08899237952228489	0.0
0.09047239441217393	0.0
0.09195068853021286	0.0
0.09342733653706012	0.0
0.09490241197336216	0.0
0.09637598726534445	0.0
0.09784813373089572	0.0
0.09931892158612408	0.0
0.10078841995236325	0.0
0.10225669686360762	0.0
0.10372381927435542	0.0
0.10518985306783872	0.0
0.10665486306462027	0.0
0.1081189130315364	0.0
0.10958206569096626	0.0
0.11104438273040759	0.0
0.11250592481233956	0.0
0.11396675158435357	0.0
0.11542692168953328	0.0
0.11688649277706543	0.0
0.1183455215130634	0.0
0.11980406359158575	0.0
0.12126217374583273	0.0
0.12271990575950362	0.0
0.1241773124782987	0.0
0.12563444582154992	0.0
0.12709135679396444	0.0
0.12854809549746654	0.0
0.13000471114312295	0.0
0.1314612520631376	0.0
0.13291776572290248	0.0
0.13437429873309112	0.0
0.13583089686178262	0.0
0.13728760504660384	0.0
0.13874446740687824	0.0
0.14020152725577045	0.0
0.14165882711241604	0.0
0.14311640871402623	0.0
0.14457431302795837	0.0
0.1460325802637426	0.0
0.14749124988505674	0.0
0.1489503606216407	0.0
0.15040992004581816	0.0
0.15186969428125635	0.0
0.15332916369414942	0.0
0.15478837738460363	0.0
0.15624738355411008	0.0
0.15770622951887855	0.0
0.15916496172318279	0.0
0.1606236257527036	0.0
0.16208226634785858	0.0
0.163540907055122	0.0
0.1649993738816039	0.0
0.16645713506246146	0.0
0.1679142455975136	0.0
0.16937075944718602	0.0
0.17082672954879724	0.0
0.17228220783285944	0.0
0.17373724523937562	0.0
0.17519189173411615	0.0
0.1766461963248588	0.0
0.17810020707757676	0.0
0.17955397113255933	0.0
0.181007534720453	0.0
0.18246094317820843	0.0
0.18391424096492212	0.0
0.185367471677561	0.0
0.18682067806655966	0.0
0.18827390205127992	0.0
0.18972718473532413	0.0
0.19118056642169354	0.0
0.19263408662778428	0.0
0.19408778410021355	0.0
0.1955416968294702	0.0
0.19699586206438352	0.0
0.19845031632640536	0.0
0.19990509542370094	0.0
0.20136023446504425	0.0
0.20281576787351482	0.0
0.2042717293999924	0.0
0.20572815213644757	0.0
0.20718506852902568	0.0
0.20864251039092274	0.0
0.21010050891505216	0.0
0.21155909468650075	0.0
0.21301829769477434	0.0
0.21447814734583215	0.0
0.21593867247391008	0.0
0.21739990135313372	0.0
0.21886186170892102	0.0
0.2203245807291761	0.0
0.2217880850752751	0.0
0.2232524008928451	0.0
0.2247175538223383	0.0
0.22618356900940223	0.0
0.22765047111504877	0.0
0.22911828432562323	0.0
0.23058703236257602	0.0
0.23205673849203906	0.0
0.23352742553420938	0.0
0.23499911587254194	0.0
0.23647183146275477	0.0
0.23794559384164882	0.0
0.23942042413574494	0.0
0.24089629964755338	0.0
0.24237294760228353	0.0
0.2438501258332543	0.0
0.2453278635894842	0.0
0.2468061895303591	0.0
0.24828513173881275	0.0
0.2497647177342177	0.0
0.25124497448499056	0.0
0.25272592842091574	0.0
0.25420760544519244	0.0
0.25569003094620846	0.0
0.25717322980904583	0.0
0.25865722642672334	0.0
0.26014204471117924	0.0
0.26162770810400043	0.0
0.26311417615864613	0.0
0.2646010897892854	0.0
0.26608835193211156	0.0
0.26757599394596393	0.0
0.2690640465295941	0.0
0.27055253973782173	0.0
0.27204150299727553	0.0
0.27353096512172975	0.0
0.2750209543270433	0.0
0.27651149824571164	0.0
0.2780026239410396	0.0
0.2794943579209442	0.0
0.2809867261513962	0.0
0.2824797540695089	0.0
0.2839734665962831	0.0
0.2854678881490158	0.0
0.28696304265338257	0.0
0.28845895355520035	0.0
0.28995564383187944	0.0
0.29145313600357275	0.0
0.2929514521440298	0.0
0.29445061389116345	0.0
0.29595064245733704	0.0
0.29745155863937867	0.0
0.2989533828283308	0.0
0.3004561350189414	0.0
0.3019598348189044	0.0
0.3034645014578556	0.0
0.30497015379613074	0.0
0.30647681033329294	0.0
0.307984489216435	0.0
0.30949320824826293	0.0
0.31100298489496725	0.0
0.3125138362938876	0.0
0.31402577926097625	0.0
0.3155388302980663	0.0
0.31705300559995064	0.0
0.31856832106127564	0.0
0.3200847922832561	0.0
0.3216024345802157	0.0
0.32312126298595845	0.0
0.3246412922599751	0.0
0.32616253689349045	0.0
0.3276850111153541	0.0
0.32920872889778124	0.0014445798652688575
0.33073370396194623	0.002208429015507541
0.3322599497834335	0.002879424515536699
0.3337874795975496	0.0031059307412106005
0.33531630640450105	0.0030675589873339426
0.33684644297444033	0.005050256458722004
0.33837790185238537	0.08028944768361196
0.3399106953630144	0.4556242748499164
0.3414448356153409	0.5
0.34298033450727167	0.5
0.3445172037300507	0.5
0.3460554547725924	0.35618039928933976
0.34759507451664445	0.31845059859942254
0.3491359006147927	0.38683117862315053
0.3506777473551375	0.3967076436529157
0.3522206311646158	0.4155127122032571
0.3537645681638602	0.4895521328289949
0.3553095741744284	0.5
0.3568556647258285	0.5
0.3584028550623475	0.5
0.35995116014968714	0.5
0.3615005946814158	0.5
0.36305117308524054	0.5
0.3646029095291062	0.5
0.3661558179271275	0.5
0.3677099119453598	0.5
0.36926520500741405	0.5
0.370821710299921	0.5
0.37237944077784924	0.5
0.37393840916968185	0.5
0.37549862798245576	0.5
0.3770601095066672	0.5
0.378622865821047	0.5
0.3801869087972098	0.5
0.38175220220435396	0.5
0.38331847948403436	0.5
0.38488571936215893	0.5
0.386453938240106	0.5
0.3880231522161815	0.5
0.3895933770930344	0.5
0.3911646283848207	0.5
0.3927369213241216	0.5
0.39431027086862463	0.5
0.39588469170758833	0.5
0.3974601982681104	0.5
0.39903680472122466	0.5
0.4006145249878494	0.5
0.4021933727446054	0.5
0.4037733614295185	0.5
0.4053545042476143	0.5
0.40693681417640964	0.5
0.4085203039712985	0.5
0.4101049861708274	0.5
0.4116908731018502	0.5
0.41327797688454776	0.5
0.4148663094372968	0.5
0.4164558824813694	0.5
0.41804670754544826	0.5
0.41963879596994524	0.5
0.42123215891112026	0.5
0.4228268073450044	0.5
0.42442275207114094	0.5
0.42602000371616633	0.5
0.4276185727372587	0.5
0.4292184694254832	0.5
0.43081970390906316	0.5
0.4324222861566009	0.5
0.434026225980266	0.5
0.4356315330389619	0.5
0.4372382168414731	0.5
0.43884628674959325	0.5
0.44045575198122694	0.5
0.4420666216134603	0.5
0.44367890458559206	0.5
0.44529260970212003	0.5
0.44690774563567914	0.5
0.4485243209299278	0.5
0.4501423440023809	0.5
0.4517618231471898	0.5
0.4533827665378652	0.5
0.455005182229941	0.5
0.4566290781635726	0.5
0.45825446216606186	0.5
0.45988134195429964	0.5
0.4615097251371167	0.5
0.463139619217536	0.5
0.46477103159492067	0.5
0.46640396956701724	0.5
0.46803844033189657	0.5
0.4696744509897975	0.5
0.47131200854488164	0.5
0.4729511199069074	0.5
0.474591791892833	0.5
0.4762340312283578	0.5
0.47787784454941035	0.5
0.4795232384035944	0.5
0.48117021925160186	0.5
0.4828187934686061	0.5
0.48446896734564737	0.5
0.48612074709102526	0.5
0.48777413883171045	0.5
0.48942914861478815	0.5
0.4910857824089416	0.5
0.4927440461059788	0.5
0.49440394552240163	0.5
0.49606548411665724	0.5
0.49772862421610664	0.5
0.49939319931880183	0.5
0.5010592177669866	0.5
0.5027266877914771	0.5
0.5043956175146093	0.5
0.5060660149532846	0.5
0.5077378880220177	0.5
0.509411244535874	0.5
0.5110860922131948	0.5
0.5127624386780252	0.5
0.5144402914621863	0.5
0.5161196580069713	0.5
0.5178005456644813	0.5
0.5194829616986523	0.5
0.521166913286056	0.5
0.5228524075165755	0.5
0.5245394513940633	0.5
0.5262280518370935	0.5
0.5279182156798988	0.5
0.5296099496735701	0.5
0.5313032604875666	0.5
0.532998154711557	0.5
0.5346946388575876	0.5
0.5363927193625442	0.5
0.5380924025908543	0.5
0.5397936948373625	0.5
0.5414966023302916	0.5
0.5432011312342068	0.5
0.5449072876528868	0.5
0.5466150776320183	0.5
0.5483245071616358	0.5
0.550035582178239	0.5
0.5517483085665426	0.5
0.553462692160823	0.5
0.5551787387458532	0.5
0.5568964540574278	0.5
0.5586158437825001	0.5
0.5603369135589644	0.5
0.5620596689751274	0.5
0.5637841155689177	0.5
0.5655102489395255	0.5
0.5672380057026986	0.5
0.5689673197600773	0.5
0.5706981986846089	0.5
0.5724306499086572	0.5
0.5741646807381553	0.5
0.5759002983689412	0.5
0.577637509904698	0.5
0.579376322375921	0.5
0.5811167427593316	0.5
0.5828587779971642	0.5
0.5846024350157468	0.5
0.5863477207427885	0.5
0.5880946421227763	0.5
0.5898432061298676	0.5
0.591593419777666	0.5
0.5933452901252856	0.5
0.5950988242791665	0.5
0.5968540293902052	0.5
0.5986109126459102	0.5
0.6003694812575054	0.5
0.6021297424421445	0.5
0.603891703400685	0.5
0.6056553712917656	0.5
0.6074207532032103	0.5
0.6091878561220384	0.5
0.6109566869045493	0.5
0.6127272522480683	0.5
0.6144995586659682	0.5
0.616273612467503	0.5
0.6180494197438268	0.5
0.6198269863612974	0.5
0.6216063179628325	0.5
0.6233874199776845	0.5
0.625170297639576	0.5
0.6269549560127128	0.5
0.6287414000247887	0.5
0.6305296345057558	0.5
0.6323196642308535	0.5
0.634111493966212	0.5
0.6359051285152488	0.5
0.6377005727640848	0.5
0.6394978317242939	0.5
0.6412969105714605	0.5
0.6430978146782305	0.5
0.6449005496407947	0.5
0.6467051212980127	0.5
0.6485115357426575	0.5
0.6503197993245315	0.5
0.6521299186454532	0.5
0.6539419005463526	0.5
0.6557557520869268	0.5
0.6575714805185094	0.5
0.6593890932509839	0.5
0.6612085978147424	0.5
0.6630300018188287	0.5
0.6648533129065309	0.5
0.6666785387097816	0.5
0.668505686803783	0.5
0.6703347646633063	0.5
0.672165779622069	0.5
0.673998738836526	0.5
0.6758336492552752	0.5
0.6776705175951107	0.5
0.6795093503245244	0.5
0.6813501536552129	0.5
0.6831929335418544	0.5
0.6850376956901421	0.5
0.6868844455727567	0.5
0.688733188452696	0.5
0.6905839294131197	0.5
0.6924366733926638	0.5
0.6942914252249986	0.5
0.6961481896812897	0.5
0.6980069715141429	0.5
0.6998677755016004	0.5
0.7017306064897851	0.5
0.7035954694328737	0.5
0.7054623694291856	0.5
0.7073313117523747	0.5
0.7092023018768856	0.5
0.7110753454970667	0.5
0.7129504485395627	0.5
0.7148276171688431	0.5
0.7167068577859473	0.5
0.7185881770207304	0.5
0.7204715817180691	0.5
0.7223570789186173	0.5
0.7242446758347966	0.5
0.7261343798227547	0.5
0.7280261983510372	0.5
0.7299201389667004	0.5
0.7318162092595544	0.5
0.7337144168251795	0.5
0.7356147692273107	0.5
0.7375172739601701	0.5
0.739421938411343	0.5
0.741328769825794	0.5
0.7432377752716998	0.5
0.7451489616088883	0.5
0.7470623354607933	0.5
0.748977903190979	0.5
0.7508956708854364	0.5
0.7528156443419762	0.5
0.7547378290681409	0.5
0.7566622302890839	0.5
0.7585888529668258	0.5
0.7605177018321558	0.5
0.7624487814302118	0.5
0.7643820961804181	0.5
0.7663176504510144	0.5
0.7682554486478506	0.5
0.7701954953164898	0.5
0.772137795255952	0.5
0.7740823536417917	0.5
0.7760291761554737	0.5
0.7779782691163792	0.5
0.7799296396122266	0.5
0.781883295623277	0.5
0.7838392461354278	0.5
0.7857975012372167	0.5
0.787758072195871	0.5
0.789720971507867	0.5
0.7916862129200027	0.5
0.7936538114177453	0.5
0.7956237831785635	0.5
0.7975961454890991	0.5
0.7995709166263064	0.5
0.8015481157041652	0.5
0.8035277624890166	0.5
0.8055098771880665	0.5
0.8074944802170702	0.5
0.8094815919545538	0.5
0.8114712324910466	0.5
0.8134634213826425	0.5
0.8154581774186898	0.5
0.8174555184134483	0.5
0.8194554610311433	0.5
0.8214580206529458	0.5
0.8234632102022947	0.5
0.8254709964447529	0.5
0.8274811647451048	0.5
0.8294937214518556	0.5
0.8315086731510705	0.5
0.8335260267500102	0.5
0.8355457895529762	0.5
0.8375679693243516	0.5
0.8395925743340922	0.5
0.8416196133815201	0.5
0.8436490957941517	0.5
0.8456810313994402	0.5
0.8477154304687182	0.5
0.8497523036342315	0.5
0.8517916617818708	0.5
0.8538335159239624	0.5
0.8558778770581443	0.5
0.8579247560198249	0.5
0.8599741633368825	0.5
0.8620261090960051	0.5
0.864080602830322	0.5
0.8661376534376829	0.5
0.8681972691380995	0.5
0.8702594574774313	0.5
0.8723242253825444	0.5
0.8743915792709496	0.5
0.8764615252154564	0.5
0.8785340691617893	0.5
0.8806092171945238	0.5
0.8826869758442242	0.5
0.8847673524263566	0.5
0.8868503554004505	0.5
0.8889359947361194	0.5
0.8910242822709136	0.5
0.8931152320435518	0.5
0.8952088605849773	0.5
0.897305187149016	0.5
0.8994042338642491	0.5
0.9015060257894274	0.5
0.9036105908565513	0.5
0.9057179596889195	0.5
0.9078281652862557	0.5
0.9099412425755822	0.5
0.9120571941805247	0.5
0.9141758351617042	0.5
0.9162970243409256	0.5
0.9184207725787241	0.5
0.920547091097962	0.5
0.9226759914020722	0.5
0.9248074851891831	0.5
0.9269415842689105	0.5
0.9290783004889236	0.5
0.9312176456782663	0.5
0.9333596316138063	0.5
0.9355042700150579	0.5
0.9376515725709508	0.5
0.9398015509999292	0.5
0.9419542171420597	0.5
0.9441095830787322	0.5
0.9462676612721351	0.5
0.9484284647133108	0.5
0.9505920070645363	0.5
0.9527583027794295	0.5
0.9549273671830971	0.5
0.9570992164953286	0.5
0.9592738677827422	0.5
0.9614513388311614	0.5
0.9636316479373245	0.5
0.9658148136288965	0.5
0.9680008543328534	0.5
0.9701897880234	0.5
0.9723816318902608	0.5
0.9745764020745976	0.5
0.976774113521738	0.5
0.9789747799962281	0.5
0.981178414294949	0.5
0.9833850286785971	0.5
0.9855946355219316	0.5
0.9878072481608449	0.5
0.9900228818919229	0.5
0.9922415550603668	0.5
0.9944632901571223	0.5
0.9966881148376846	0.5
0.9989160627745154	0.5
1.001147174261709	0.5
1.0033814965042147	0.5
1.0056190835433179	0.5
1.0078599957936536	0.5
1.0101042991931943	0.5
1.0123520639949324	0.5
1.0146033632558957	0.5
1.0168581752818517	0.5
1.0191160019501317	0.5
1.021376755253757	0.5
1.0236404674006503	0.5
1.0259071685259604	0.5
1.02817688573144	0.5
1.0304496422533922	0.5
1.0327254553491843	0.5
1.0350042163879862	0.5
1.0372853000505151	0.5
1.0395688054235872	0.5
1.041854838251164	0.5
1.0441435093210023	0.5
1.0464349325044147	0.5
1.0487292224969549	0.5
1.051026492334007	0.5
1.0533268507783302	0.5
1.0556302615696995	0.5
1.0579359229813177	0.5
1.060243297589966	0.5
1.0625524770537056	0.5
1.0648635554304466	0.5
1.0671766273790617	0.5
1.069491699853964	0.5
1.0718083410528298	0.5
1.0741264220168723	0.5
1.0764457771845526	0.5
1.0787664385032356	0.5
1.0810884363150726	0.5
1.083411798858129	0.5
1.0857365520228577	0.5
1.0880627193513948	0.5
1.0903903222486977	0.5
1.0927193803596496	0.5
1.095049912056548	0.5
1.0973819349776657	0.5
1.0997154665601112	0.5
1.1020505245184693	0.5
1.1043871272336898	0.5
1.1067252940321357	0.5
1.1090650375278372	0.5
1.111406331614185	0.5
1.1137491850946915	0.5
1.116093652434286	0.5
1.1184397882658474	0.5
1.1207876466523932	0.5
1.1231372788061658	0.5
1.1254887151440696	0.5
1.1278419378977165	0.5
1.1301969833228445	0.5
1.1325538892534424	0.5
1.1349126955784399	0.5
1.1372734447346364	0.5
1.139636182158604	0.5
1.142000956639259	0.5
1.14436782051817	0.5
1.1467368296967186	0.5
1.1491080434269025	0.5
1.151481520541985	0.5
1.153857286712096	0.5
1.1562352959571673	0.5
1.1586153490966653	0.5
1.1609959290236598	0.5
1.1633767898523815	0.5
1.1657579481104439	0.5
1.1681394681324941	0.5
1.1705214898051	0.5
1.1729041631298933	0.5
1.1752876354763193	0.5
1.1776720086195378	0.5
1.1800574026747315	0.5
1.1824439508157	0.5
1.1848317821409624	0.5
1.1872210195726578	0.5
1.1896117781392135	0.5
1.192004163667097	0.5
1.1943982719011335	0.5
1.1967941880678736	0.5
1.1991919868912215	0.5
1.2015917330633479	0.5
1.2039934821661147	0.5
1.2063972820286253	0.5
1.2088031536970631	0.5
1.21121081461206	0.5
1.2136191632095459	0.5
1.2160283169873316	0.5
1.2184384034441818	0.5
1.2208495575974314	0.5
1.2232618899324545	0.5
1.2256753674898782	0.5
1.2280900868540856	0.5
1.2305061780988857	0.5
1.232923770633479	0.5
1.2353429908547116	0.5
1.2377639599068526	0.5
1.2401867915910743	0.5
1.2426115904703972	0.5
1.2450384502228782	0.5
1.2474674523059586	0.5
1.2498986650066473	0.5
1.2523321429624668	0.5
1.2547679272419145	0.5
1.257206046065737	0.5
1.259646516227675	0.5
1.26208934523419	0.5
1.2645345341290575	0.5
1.2669820809055992	0.5
1.2694319843447914	0.5
1.271884248060716	0.5
1.2743388844917698	0.5
1.2767959185515314	0.5
1.2792553906503497	0.5
1.2817173588173287	0.5
1.2841817782765346	0.5
1.286647842387754	0.5
1.289114446132046	0.5
1.2915816304736083	0.5
1.294049485359454	0.5
1.2965181101981804	0.5
1.2989876083469982	0.5
1.30145805413884	0.5
1.3039294683061846	0.5
1.3064019524574482	0.5
1.3088756119855405	0.5
1.311350535397686	0.5
1.3138267034907587	0.5
1.31630409299844	0.5
1.3187827828809264	0.5
1.3212628178440171	0.5
1.323744311936415	0.5
1.3262273807955174	0.5
1.3287121386173195	0.5
1.331198695458333	0.5
1.3336871549657199	0.5
1.3361774521878294	0.5
1.3386686893784359	0.5
1.341160542729517	0.5
1.3436531553968374	0.5
1.3461466692191497	0.5
1.3486412228935298	0.5
1.3511369479675088	0.5
1.3536339158435582	0.5
1.3561320045616443	0.5
1.3586313334374527	0.5
1.3611320074987276	0.5
1.3636335393516188	0.5
1.3661326931559263	0.5
1.3686281889363028	0.5
1.3711207193203976	0.5
1.3736112574833397	0.5
1.3761005781459925	0.5
1.3785889294247098	0.5
1.381074651730507	0.5
1.3835566336146201	0.5
1.38603526723107	0.5
1.388509481741876	0.5
1.3909797118212612	0.5
1.3934465065203552	0.5
1.3959104592748328	0.5
1.3983719728634136	0.5
1.400831259667291	0.5
1.4032884249842796	0.5
1.4057420913736407	0.5
1.4081913730097302	0.5
1.4106365413349187	0.5
1.4130784612124423	0.5
1.4155178907169188	0.5
1.4179552590590063	0.5
1.4203908288416838	0.5
1.4228241965818686	0.5
1.4252552611284615	0.5
1.4276848226336378	0.5
1.430113342365804	0.5
1.4325398299214853	0.5
1.4349632736209883	0.5
1.4373835367940455	0.5
1.4398009488408778	0.5
1.4422158677329413	0.5
1.4446285133698002	0.5
1.4470382202822951	0.5
1.4494441242132152	0.5
1.451845988856345	0.5
1.4542445321799335	0.5
1.4566402187695484	0.5
1.459033189369	0.5
1.4614232693010991	0.5
1.4638096329934613	0.5
1.4661896224592204	0.5
1.4685640090982783	0.5
1.4709337553807738	0.5
1.4732998876429677	0.5
1.4756633888294242	0.5
1.478025119883716	0.5
1.4803855802072914	0.5
1.4827440642973422	0.5
1.4850998490093288	0.5
1.4874527203528132	0.5
1.4898038607853763	0.5
1.4921543324010815	0.5
1.4945050033705867	0.5
1.4968562609718719	0.5
1.4992068402756307	0.5
1.5015553960818937	0.5
1.503902604615943	0.5
1.5062471868748766	0.5
1.5085879274340592	0.5
1.5109246249741874	0.5
1.5132572716375705	0.5
1.5155860406544486	0.5
1.5179112599622968	0.5
1.5202333795347078	0.5
1.522552938953157	0.5
1.5248705389773243	0.5
1.527186817765007	0.5
1.5295014660699453	0.5
1.5318087208132647	0.5
1.5341042180475186	0.5
1.536390745280471	0.5
1.5386709187872334	0.5
1.540946558094309	0.5
1.5432182996167416	0.5
1.5454874448356921	0.5
1.5477550213802682	0.5
1.550021474553831	0.5
1.5522869492707358	0.5
1.554551378804627	0.5
1.5568109955571778	0.5
1.5590676254349716	0.5
1.5613231553048128	0.5
1.5635781220437526	0.5
1.565827575397634	0.5
1.5680694097111951	0.5
1.5703075884337543	0.5
1.5725457396706521	0.5
1.5747862975978473	0.5
1.5770270292133894	0.5
1.5792618685342739	0.5
1.5814967880987478	0.5
1.5837366536246005	0.5
1.5859838086714504	0.5
1.5882341415363854	0.5
1.5904899368328083	0.5
1.5927576747371188	0.5
1.5950288799133272	0.5
1.5973008586059159	0.5
1.59957430861623	0.5
1.6018504228908548	0.5
1.6041294652077733	0.5
1.6064114318905296	0.5
1.6086976258193946	0.5
1.6109897623974072	0.5
1.613289214010767	0.5
1.6155947432777586	0.5
1.617907454219116	0.5
1.6202286969029716	0.5
1.622558885926131	0.5
1.6248969029775961	0.5
1.6272433958331467	0.5
1.6296011051832733	0.5
1.6319687731367911	0.5
1.6343411167682664	0.5
1.6367194447435958	0.5
1.639106423479684	0.5
1.641503439587179	0.5
1.643900488789042	0.5
1.646295701505886	0.5
1.6486911360311516	0.5
1.6510879845792712	0.5
1.6534841534134255	0.5
1.655869583529172	0.5
1.6582499187947672	0.5
1.6606294535633235	0.5
1.6630084471759312	0.5
1.6653808984022347	0.5
1.6677476611773707	0.5
1.670112432179796	0.5
1.6724755018624342	0.5
1.6748360904260993	0.5
1.6771972692561332	0.5
1.6795615925220697	0.5
1.681930815608089	0.5
1.6843059841760015	0.5
1.6866870564743823	0.5
1.689071939140045	0.5
1.6914545824678928	0.5
1.6938357511772961	0.5
1.6962190866152886	0.5
1.698603738921223	0.5
1.7009816089368976	0.5
1.703355554537324	0.5
1.7057282397150724	0.5
1.708101615432713	0.5
1.7104761664570627	0.5
1.7128543820518713	0.5
1.7152370633563125	0.5
1.7176221621741747	0.5
1.7200031763137869	0.5
1.7223821918369462	0.5
1.724763076976608	0.5
1.7271487823106488	0.5
1.7295324497102003	0.5
1.7319171988056663	0.5
1.7343022989314483	0.5
1.7366870949851645	0.5
1.7390730747721563	0.5
1.7414585753320577	0.5
1.743838864529649	0.5
1.7462153149423845	0.5
1.748589638850268	0.5
1.7509641558877602	0.5
1.7533357897833592	0.5
1.7556983818520735	0.5
1.758055407903084	0.5
1.7604101788013076	0.5
1.7627641660175255	0.5
1.7651115090292038	0.5
1.7674543841440313	0.5
1.76979524355177	0.5
1.7721328909847305	0.5
1.7744698175010025	0.5
1.7768076467750868	0.5
1.779144737515006	0.5
1.781482418393237	0.5
1.7838229639722645	0.5
1.7861666652846833	0.5
1.7885107007929293	0.5
1.7908581298210287	0.5
1.7932108756580973	0.5
1.7955689257141425	0.5
1.797927412495578	0.5
1.8002849569461166	0.5
1.8026435374170509	0.5
1.8050026177866323	0.5
1.8073582474548109	0.5
1.8097107994922248	0.5
1.812061581271926	0.5
1.8144114600336643	0.5
1.8167610880888279	0.5
1.8191102977363012	0.5
1.8214566904861222	0.5
1.8238017965239517	0.5
1.8261469272711475	0.5
1.8284923038146805	0.5
1.8308367083431236	0.5
1.8331802801342696	0.5
1.8355219854302787	0.5
1.837862910665782	0.5
1.8402030765044632	0.5
1.8425442299519388	0.5
1.8448864185513065	0.5
1.8472264666673324	0.5
1.8495641716068931	0.5
1.851902568138895	0.5
1.8542415672439787	0.5
1.856573801950787	0.5
1.8589013768479057	0.5
1.8612279080371776	0.5
1.863555428105631	0.5
1.8658804606196124	0.5
1.8682029318502458	0.5
1.8705258266051135	0.5
1.8728496564119135	0.5
1.875175378622895	0.5
1.877504418318358	0.5
1.8798343874516728	0.5
1.882167329791394	0.5
1.8845058855914554	0.5
1.8868485214879427	0.5
1.8891921118120385	0.5
1.8915372948562148	0.5
1.8938857748320779	0.5
1.8962347867133154	0.5
1.8985817940622167	0.5
1.9009270353279741	0.5
1.903272869073837	0.5
1.9056187363989303	0.5
1.9079649155576368	0.5
1.9103087823519216	0.5
1.9126507251552607	0.5
1.9149932561572285	0.5
1.9173374804876178	0.5
1.9196828272416475	0.5
1.922024842701448	0.5
1.9243657383079427	0.5
1.9267062957788588	0.5
1.9290474397348623	0.5
1.9313879582782336	0.5
1.9337279429871261	0.5
1.9360688849545251	0.5
1.938411041164177	0.5
1.9407554620140048	0.5
1.9430997753077415	0.5
1.9454456505839994	0.5
1.947791436112721	0.5
1.9501361208197976	0.5
1.9524770139883976	0.5
1.9548163758923536	0.5
1.9571555979170663	0.5
1.9594938740440795	0.5
1.9618282728074854	0.5
1.9641610983219129	0.5
1.9664935892384159	0.5
1.9688237074832171	0.5
1.9711519025249444	0.5
1.9734794335902297	0.5
1.975806238595366	0.5
1.9781338272716016	0.5
1.9804633753932546	0.5
1.9827947279441867	0.5
1.9851269734311419	0.5
1.9874623878917648	0.5
1.98979987897226	0.5
1.9921359659636155	0.5
1.9944720469323474	0.5
1.9968092691088657	0.5
1.999149288064146	0.5
2.0014898858188817	0.5
2.003829583014304	0.5
2.0061692022491875	0.5
2.0085096744177706	0.5
2.010849225737103	0.5
2.0131863712055575	0.5
2.0154965318802307	0.5
2.0176764568133265	0.5
2.020003038308283	0.5
2.0223346767112176	0.5
2.0246650525170056	0.5
2.0269961889225434	0.5
2.0293283050782973	0.5
2.0316613221663498	0.5
2.0339949850072085	0.5
2.0363297888405483	0.5
2.038667851919366	0.5
2.04101053321377	0.5
2.043357094233518	0.5
2.0456979305950878	0.5
2.0480392351753984	0.5
2.0503815481192986	0.5
2.0527261094493565	0.5
2.0550661434022843	0.5
2.0574051752159574	0.5
2.059747399355103	0.5
2.0620903249233504	0.5
2.064433502612666	0.5
2.0667729582094587	0.5
2.069113756559551	0.5
2.0714591361779133	0.5
2.073806449212885	0.5
2.0761486961487186	0.5
2.078491514356252	0.5
2.0808395222048723	0.5
2.0831937634677082	0.5
2.0855441232157057	0.5
2.0878941853871726	0.5
2.0902479838610013	0.5
2.092607639488229	0.5
2.094965489343347	0.5
2.09732193604505	0.5
2.0996816060805523	0.5
2.102045072481671	0.5
2.1044069547281246	0.5
2.1067676758434506	0.5
2.1091317206732754	0.5
2.1114977329697124	0.5
2.1138617263558253	0.5
2.1162274574585402	0.5
2.118593777852026	0.5
2.120960425481722	0.5
2.1233276031989794	0.5
2.125693099938548	0.5
2.1280583892013984	0.5
2.1304210212968906	0.5
2.1327818857477436	0.5
2.1351482006459066	0.5
2.137513301679337	0.5
2.139873644279943	0.5
2.1422359040311454	0.5
2.1446039156649563	0.5
2.146967315649055	0.5
2.1493295983256866	0.5
2.1516939958553856	0.5
2.154061123919248	0.5
2.156427003993126	0.5
2.1587898238924677	0.5
2.161155339563955	0.5
2.1635223109656714	0.5
2.1658910172231973	0.5
2.1682570725023287	0.5
2.1706219890232963	0.5
2.172987710510759	0.5
2.175354374256446	0.5
2.177722917697446	0.5
2.180088494851105	0.5
2.1824535462357297	0.5
2.184819385664367	0.5
2.1871856556744347	0.5
2.189553573836965	0.5
2.1919222750898415	0.5
2.1942933546815984	0.5
2.196661774711941	0.5
2.199031203462374	0.5
2.2014013088495283	0.5
2.203774995592867	0.5
2.2061492938843537	0.5
2.2085235901873372	0.5
2.2108985614780203	0.5
2.2132768721214364	0.5
2.215657674458609	0.5
2.218039288969277	0.5
2.2204205974004423	0.5
2.222803357904595	0.5
2.2251877830005635	0.5
2.2275706129175328	0.5
2.229953273628958	0.5
2.2323349848167715	0.5
2.2347145283229004	0.5
2.2370978565645143	0.5
2.239485380790137	0.5
2.241866971197826	0.5
2.2442474614539916	0.5
2.246633665998733	0.5
2.249021467385118	0.5
2.2514048670846782	0.5
2.253788884458255	0.5
2.256175130865711	0.5
2.2585657226836577	0.5
2.2609501092364863	0.5
2.2633358662205443	0.5
2.2657263288442007	0.5
2.268119362066539	0.5
2.270512607205566	0.5
2.2729032660130204	0.5
2.275298068781192	0.5
2.2777003333297605	0.5
2.280101907145829	0.5
2.2825006880687715	0.5
2.2849035347681204	0.5
2.287314766042328	0.5
2.28972942203805	0.5
2.2921387142169682	0.5
2.2945495740441255	0.5
2.2969668394573475	0.5
2.299387263865052	0.5
2.301802458242661	0.5
2.3042192257936875	0.5
2.3066415287002977	0.5
2.3090638280707627	0.5
2.311487212975498	0.5
2.313911778322512	0.5
2.316338147546124	0.5
2.318765295036853	0.5
2.3211925794615262	0.5
2.3236205340171443	0.5
2.3260485408773963	0.5
2.3284798174309507	0.5
2.330911394483672	0.5
2.333340231233231	0.5
2.335767769497927	0.5
2.3381928041948594	0.5
2.340620094954145	0.5
2.343054001679597	0.5
2.3454841018064325	0.5
2.347911169056249	0.5
2.3503439346058266	0.5
2.352782985097036	0.5
2.3552156794086105	0.5
2.357648284785894	0.5
2.360082066578683	0.5
2.362520975148229	0.5
2.3649566241492344	0.5
2.3673912890225366	0.5
2.3698249831847615	0.5
2.3722613588663046	0.5
2.3747020166291124	0.5
2.3771378574248514	0.5
2.379571158710091	0.5
2.3820046827939207	0.5
2.3844411483177983	0.5
2.3868756358694982	0.5
2.389308199140725	0.5
2.391742330707792	0.5
2.3941769964105015	0.5
2.396614625323957	0.5
2.399053045334991	0.5
2.4014934802869288	0.5
2.4039395911768833	0.5
2.406385475492479	0.5
2.4088319471904827	0.5
2.411281447952415	0.5
2.4137379463512527	0.5
2.4161966702386546	0.5
2.418655940247358	0.5
2.4211172677973423	0.5
2.423585203156262	0.5
2.426056535778283	0.5
2.428526981870101	0.5
2.430994389164036	0.5
2.4334637445723932	0.5
2.435934327534061	0.5
2.438402788161776	0.5
2.440871908431246	0.5
2.443344540366117	0.5
2.445820739360655	0.5
2.448299355655213	0.5
2.450778468029079	0.5
2.45325539411088	0.5
2.455735408043124	0.5
2.4582239038313203	0.5
2.4607099530574543	0.5
2.4631931136553478	0.5
2.4656758519270503	0.5
2.468163784824595	0.5
2.4706546734032724	0.5
2.4731427550495133	0.5
2.4756336471414055	0.5
2.4781276915201005	0.5
2.480627264274373	0.5
2.483125879676858	0.5
2.485625638888887	0.5
2.4881315342089327	0.5
2.490638727702429	0.5
2.493147285330498	0.5
2.4956572432071025	0.5
2.4981686114414576	0.5
2.5006813793188876	0.5
2.5031955215200576	0.5
2.5057110049754265	0.5
2.5082277957985344	0.5
2.510745865620445	0.5
2.513265196634425	0.5
2.515785784802607	0.5
2.5183076409583656	0.5
2.520830789895393	0.5
2.5233552678755586	0.5
2.525881119226076	0.5
2.528408392778962	0.5
2.5309371388249113	0.5
2.5334674070456935	0.5
2.5359992456174596	0.5
2.5385327014132457	0.5
2.5410678210335695	0.5
2.5436045651406265	0.5
2.546142461485023	0.5
2.548681337728767	0.5
2.5512209826270813	0.5
2.5537620724142154	0.5
2.556304014884961	0.5
2.5588465569205026	0.5
2.5613899052415645	0.5
2.5639342772777156	0.5
2.5664798844764674	0.5
2.5690269181962115	0.5
2.5715755406164593	0.5
2.574125881189651	0.5
2.5766780377720173	0.5
2.57923203416494	0.5
2.5817876406563367	0.5
2.5843447039391885	0.5
2.586902799742491	0.5
2.5894629554538127	0.5
2.5920239317219154	0.5
2.594582530736698	0.5
2.5971396611561826	0.5
2.5996993286059884	0.5
2.602259682477215	0.5
2.604816479746457	0.5
2.60737395458983	0.5
2.609932446998169	0.5
2.6124943507775265	0.5
2.6150593503704562	0.5
2.617623828304803	0.5
2.620193769167906	0.5
2.6227677304467085	0.5
2.625342990185401	0.5
2.6279194780673625	0.5
2.6304977563590315	0.5
2.6330775784314504	0.5
2.6356582804395194	0.5
2.6382381075917785	0.5
2.640817164701998	0.5
2.643395821265748	0.5
2.645974449603222	0.5
2.648553306539471	0.5
2.6511320130262916	0.5
2.6537100459370975	0.5
2.656287701307951	0.5
2.658865283850204	0.5
2.661442989981103	0.5
2.664020450443296	0.5
2.6665975002143534	0.5
2.6691743046287195	0.5
2.671750825573672	0.5
2.674327330617814	0.5
2.676904080763656	0.5
2.679481322259099	0.5
2.6820592827381113	0.5
2.684638170593508	0.5
2.687218176070103	0.5
2.6897994726223793	0.5
2.6923822175206165	0.5
2.694966551327518	0.5
2.6975525964868727	0.5
2.70014045568124	0.5
2.7027302107349502	0.5
2.7053219226715295	0.5
2.707915633182019	0.5
2.7105113673579946	0.5
2.713109137229031	0.5
2.7157089455056918	0.5
2.7183107889901743	0.5
2.7209146613298874	0.5
2.7235205550611963	0.5
2.726128463119009	0.5
2.72873838009775	0.5
2.7313503035130746	0.5
2.7339642351637305	0.5
2.7365801824976232	0.5
2.739198159729375	0.5
2.741818188400111	0.5
2.7444402971387096	0.5
2.747064520556425	0.5
2.7496908974273353	0.5
2.7523194685065784	0.5
2.754950274456965	0.5
2.7575833543552335	0.5
2.7602187451334905	0.5
2.762856482106893	0.5
2.7654966004963297	0.5
2.7681391376335545	0.5
2.7707841353855533	0.5
2.773431642285789	0.5
2.776081714916014	0.5
2.7787344182219056	0.5
2.781389599029311	0.5
2.7840459325211633	0.5
2.786702730784632	0.5
2.7893596184589975	0.5
2.7920167367476454	0.5
2.794674269869472	0.5
2.797332407506974	0.5
2.7999913308147057	0.5
2.8026511121120996	0.5
2.805311423019737	0.5
2.8079723792608107	0.5
2.810634085808513	0.5
2.813296622681579	0.5
2.815959944976387	0.5
2.818623839537047	0.5
2.821288382920055	0.5
2.823953644797504	0.5
2.8266196088563023	0.5
2.8292863262644143	0.5
2.831953909912743	0.5
2.83462248610202	0.5
2.8372921906838546	0.5
2.8399631640159715	0.5
2.8426355452906336	0.5
2.845309466967779	0.5
2.8479850500702746	0.5
2.8506624009698154	0.5
2.8533416100425097	0.5
2.8560227522632533	0.5
2.858705889503304	0.5
2.8613910740537722	0.5
2.864078352751186	0.5
2.8667677710448745	0.5
2.8694593764121743	0.5
2.872153063909651	0.5
2.8748478911401323	0.5
2.877543322490027	0.5
2.880239562040924	0.5
2.882936821958443	0.5
2.885635318190402	0.5
2.8883352663489994	0.5
2.8910368778724633	0.5
2.893740356526078	0.5
2.896445895276031	0.5
2.8991536735527466	0.5
2.901863696165122	0.5
2.9045751567876983	0.5
2.907287883588348	0.5
2.9100018937422076	0.5
2.912717139329997	0.5
2.915433262442007	0.5
2.918150095030745	0.5
2.920867649884045	0.5
2.9235859301705673	0.5
2.9263049290497505	0.5
2.929024617895632	0.5
2.931744878307927	0.5
2.934465555526834	0.5
2.9371867259784348	0.5
2.939908451713808	0.5
2.942630687595102	0.5
2.9453533733721824	0.5
2.948076559917708	0.5
2.950800308380156	0.5
2.9535246737717302	0.5
2.9562496270210183	0.5
2.9589751362843124	0.5
2.9617012571268466	0.5
2.964427999639056	0.5
2.9671554236283697	0.5
2.9698836182737414	0.5
2.972612684310604	0.5
2.975342731880022	0.5
2.978073878214336	0.5
2.980806245262278	0.5
2.983539957337781	0.5
2.986275138857073	0.5
2.989011912210948	0.5
2.991750395805219	0.5
2.9944907022928984	0.5
2.997232758993737	0.5
2.9999754850524796	0.5
3.002718012940098	0.5
3.005460350120949	0.5
3.0082025325162665	0.5
3.010944668231557	0.5
3.01368687970503	0.5
3.016429299172209	0.5
3.0191720638040693	0.5
3.021915310881125	0.5
3.0246591733228962	0.5
3.0274037758304897	0.5
3.0301492318277745	0.5
3.0328956413108976	0.5
3.035643089641693	0.5
3.0383916472520394	0.5
3.041141370166465	0.5
3.04389230120204	0.5
3.0466444716706516	0.5
3.0493979033909633	0.5
3.052152610816193	0.5
3.054908603099686	0.5
3.057665885951073	0.5
3.0604244631773967	0.5
3.063184337851265	0.5
3.065945513096008	0.5
3.0687079925204137	0.5
3.0714717803685554	0.5
3.0742368814708816	0.5
3.0770033010905276	0.5
3.079771044754965	0.5
3.082540118150436	0.5
3.085310527138202	0.5
3.088082277931314	0.5
3.0908553774508407	0.5
3.0936298338633343	0.5
3.0964056572875003	0.5
3.099182860647721	0.5
3.1019614606444015	0.5
3.104741478804998	0.5
3.107522942573888	0.5
3.1103058863931063	0.5
3.1130903527189724	0.5
3.115876392912135	0.5
3.118664067931504	0.5
3.1214534487576224	0.5
3.1242446164701647	0.5
3.127037661909461	0.5
3.1298326848648625	0.5
3.132629792754279	0.5
3.135429072343338	0.5
3.1382304798451677	0.5
3.1410339718113853	0.5
3.143838926809912	0.5
3.1466445743871074	0.5
3.1494509132628963	0.5
3.1522579385180967	0.5
3.155065644561425	0.5
3.1578740281916806	0.5
3.1606830915004442	0.5
3.1634928443751558	0.5
3.166303306401436	0.5
3.1691145080234713	0.5
3.1719264908954967	0.5
3.174739307437077	0.5
3.1775530196810116	0.5
3.180367697566441	0.5
3.183183416874224	0.5
3.1860002570226373	0.5
3.1888182989378886	0.5
3.1916376231878862	0.5
3.1944580534916773	0.5
3.1972782199870524	0.5
3.2000982250546337	0.5
3.202918213929918	0.5
3.2057383280990557	0.5
3.2085587005421536	0.5
3.2113794520898473	0.5
3.214200688976552	0.5
3.217022501582902	0.5
3.21984496428203	0.5
3.2226681362430307	0.5
3.2254920630021187	0.5
3.228316778588459	0.5
3.2311423079869677	0.5
3.2339686697328243	0.5
3.236795878459279	0.5
3.239623947257899	0.5
3.2424528897530114	0.5
3.2452827218350357	0.5
3.248113463035886	0.5
3.250945137559676	0.5
3.253777775001557	0.5
3.2566114107962916	0.5
3.2594460864376487	0.5
3.2622818495026125	0.5
3.265118753504073	0.5
3.2679568575852773	0.5
3.27079622606138	0.5
3.273636927809729	0.5
3.276479035511094	0.5
3.2793226247484966	0.5
3.2821677729774064	0.5
3.285014558389518	0.5
3.287863042486491	0.5
3.2907132066699414	0.5
3.293565111950575	0.5
3.2964188148154503	0.5
3.299274123225532	0.5
3.302130424934539	0.5
3.304987907790218	0.5
3.3078466968773195	0.5
3.3107065869294914	0.5
3.3135675742480184	0.5
3.3164297300414107	0.5
3.3192930685458455	0.5
3.322157376205263	0.5
3.3250224702527853	0.5
3.327888475758597	0.5
3.3307554874543484	0.5
3.3336234238341627	0.5
3.3364921567342614	0.5
3.3393618046188362	0.5
3.342232490395086	0.5
3.34510418567861	0.5
3.3479760956906413	0.5
3.3508480370676095	0.5
3.353720105447235	0.5
3.3565923951857144	0.5
3.359464999226708	0.5
3.3623379798422124	0.5
3.3652112215341137	0.5
3.368084586559981	0.5
3.3709581830944284	0.5
3.3738321204657784	0.5
3.3767065065629227	0.5
3.3795814456176405	0.5
3.3824570025494207	0.5
3.3853330617352695	0.5
3.3882096244029305	0.5
3.391086736603441	0.5
3.3939641182726366	0.5
3.3968413485255864	0.5
3.3997183913442104	0.5
3.402594890883543	0.5
3.405471008128821	0.5
3.4083468466137594	0.5
3.4112223430475184	0.5
3.414097685099232	0.5
3.416973064784806	0.5
3.4198486710519185	0.5
3.422724683377794	0.5
3.425601266692653	0.5
3.428478567809035	0.5
3.4313567134081424	0.5
3.4342358095179404	0.5
3.4371159423207875	0.5
3.4399971800555673	0.5
3.4428795757332304	0.5
3.445763170366554	0.5
3.448647996423795	0.5
3.451534081248019	0.5
3.454421450234947	0.5
3.457310129623862	0.5
3.4602001488204364	0.5
3.4630915422291344	0.5
3.465984350618966	0.5
3.4688786220752004	0.5
3.4717744126000967	0.5
3.4746717864195342	0.5
3.477570816034582	0.5
3.4804715820337147	0.5
3.4833741726589182	0.5
3.4862786831030004	0.5
3.4891852145096416	0.5
3.4920938726530144	0.5
3.495004598107876	0.5
3.4979164698363174	0.5
3.500829157088376	0.5
3.5037426858976652	0.5
3.5066570789911724	0.5
3.5095723575129063	0.5
3.51248854240765	0.5
3.5154056554092725	0.5
3.5183237196261796	0.5
3.521242663559048	0.5
3.5241619183824917	0.5
3.527081234847823	0.5
3.530000635548156	0.5
3.532920167724352	0.5
3.5358398886131877	0.5
3.538759859735507	0.5
3.541680145774213	0.5
3.5446008133764706	0.5
3.5475219299621723	0.5
3.550443562601212	0.5
3.553365777002833	0.5
3.5562886059067482	0.5
3.5592118329310054	0.5
3.562134942008444	0.5
3.565058038960511	0.5
3.567981180308229	0.5
3.5709041896525893	0.5
3.5738269706488954	0.5
3.5767495050539932	0.5
3.579671606384993	0.5
3.582593270222299	0.5
3.5855146696794673	0.5
3.58843595345073	0.5
3.5913571684980856	0.5
3.5942783882986546	0.5
3.597199770168632	0.5
3.60012145586287	0.5
3.6030435700234102	0.5
3.6059662199563536	0.5
3.6088894965799225	0.5
3.611813476323052	0.5
3.6147382237119596	0.5
3.61766379436327	0.5
3.620590238106223	0.5
3.623517601981451	0.5
3.6264459329065146	0.5
3.6293752798533965	0.5
3.6323056954432857	0.5
3.6352372369235164	0.5
3.638169960974059	0.5
3.641103899596525	0.5
3.644039105295552	0.5
3.646975657490133	0.5
3.64991363742929	0.5
3.652853126905002	0.5
3.6557942069742393	0.5
3.658736956729578	0.5
3.661681452142545	0.5
3.6646277649915224	0.5
3.667575961877684	0.5
3.6705260974483047	0.5
3.6734781833518357	0.5
3.676432020391272	0.5
3.679386483099	0.5
3.682341338474308	0.5
3.6852966309635953	0.5
3.688252342951163	0.5
3.691208498591219	0.5
3.69416513048512	0.5
3.697122309714838	0.5
3.7000801313124834	0.5
3.70303868393428	0.5
3.7059980361583076	0.5
3.7089581761792823	0.5
3.711919102524909	0.5
3.7148808335924897	0.5
3.7178433715826498	0.5
3.720806750280156	0.5
3.7237710050297093	0.5
3.7267361724603933	0.5
3.729702290118632	0.5
3.732669396031089	0.5
3.7356375247642637	0.5
3.7386064647030004	0.5
3.741574924434847	0.5
3.7445428026753182	0.5
3.7475101360731995	0.5
3.7504769981263566	0.5
3.753443452894342	0.5
3.7564095145382748	0.5
3.7593752347738127	0.5
3.7623406892328255	0.5
3.7653059524146557	0.5
3.7682710972996	0.5
3.7712361951884166	0.5
3.7742013157337486	0.5
3.7771665271210924	0.5
3.780131896352876	0.5
3.783097489589133	0.5
3.786063372501691	0.5
3.789029610604945	0.5
3.7919962695343226	0.5
3.7949634152523424	0.5
3.7979311141709386	0.5
3.8008994331865606	0.5
3.803868439630889	0.5
3.8068382011445085	0.5
3.8098087854834226	0.5
3.812780260269029	0.5
3.8157526926914507	0.5
3.81872614917439	0.5
3.8217006950074297	0.5
3.824676393949511	0.5
3.8276533078055825	0.5
3.8306314959774856	0.5
3.8336110149902325	0.5
3.8365919179959778	0.5
3.839574254260117	0.5
3.842558068636811	0.5
3.8455434010445333	0.5
3.8485302367673664	0.5
3.8515182653670768	0.5
3.854507140979066	0.5
3.8574966950700103	0.5
3.8604868642693244	0.5
3.863477689179565	0.5
3.866469188372987	0.5
3.869461410810165	0.5
3.8724544011629622	0.5
3.8754481995956382	0.5
3.878442841638167	0.5
3.881438173170643	0.5
3.8844331666970495	0.5
3.8874278319813533	0.5
3.8904222092247833	0.5
3.893416331277365	0.5
3.8964102383991746	0.5
3.8994039722856106	0.5
3.902397576212196	0.5
3.9053910950113258	0.5
3.9083845744498795	0.5
3.9113780542511627	0.5
3.91437155354815	0.5
3.9173651194292685	0.5
3.920358799320288	0.5
3.9233526403681713	0.5
3.926346688854874	0.5
3.929340989667406	0.5
3.932335585843028	0.5
3.93533047334919	0.5
3.938325419232575	0.5
3.941320371475666	0.5
3.944315401125254	0.5
3.9473105758524003	0.5
3.950305959483232	0.5
3.9533016117728064	0.5
3.9562975850354505	0.5
3.9592939098746327	0.5
3.9622906241438995	0.5
3.965287782057427	0.5
3.96828543375178	0.5
3.9712836255983595	0.5
3.9742824006266884	0.5
3.977281739685011	0.5
3.9802813102998824	0.5
3.9832809512432896	0.5
3.9862806491976563	0.5
3.9892804457584314	0.5
3.992280405218448	0.5
3.9952805905648043	0.5
3.998281064521341	0.5
4.0012818905174985	0.5
4.004283133521984	0.5
4.007284860697646	0.5
4.010287141851354	0.5
4.013290049668188	0.5
4.016293659732017	0.5
4.019298050344175	0.5
4.022303302158371	0.5
4.025309497653553	0.5
4.028316720467745	0.5
4.03132505461565	0.5
4.034334583611808	0.5
4.037345389520139	0.5
4.040357551950163	0.5
4.043371147020722	0.5
4.0463862292137875	0.5
4.049402762879411	0.5
4.0524207826659335	0.5
4.055440346649082	0.5
4.058461510052114	0.5
4.0614843243401655	0.5
4.064508806002764	0.5
4.067534591805694	0.5
4.070560380440398	0.5
4.07358611771137	0.5
4.076611856891407	0.5
4.079637647579755	0.5
4.082663535905979	0.5
4.085689564807638	0.5
4.088715774342117	0.5
4.091742201998948	0.5
4.094768882986447	0.5
4.097795796738415	0.5
4.100822607346475	0.5
4.103848998296972	0.5
4.106875036464695	0.5
4.109900794455339	0.5
4.112926344094904	0.5
4.115951755374715	0.5
4.118977079858643	0.5
4.122002271773553	0.5
4.12502727680041	0.5
4.12805216152377	0.5
4.131076991821819	0.5
4.134101796779859	0.5
4.137126374806527	0.5
4.140150404332626	0.5
4.143173831230676	0.5
4.146196732252336	0.5
4.149219184904436	0.5
4.15224126696161	0.5
4.15526305610346	0.5
4.158284629655682	0.5
4.1613060644116135	0.5
4.164327424042378	0.5
4.167348705202767	0.5
4.170369939320264	0.5
4.173391211646329	0.5
4.176412605877015	0.5
4.179434203981782	0.5
4.182456086110976	0.5
4.185478330567038	0.5
4.188501013824845	0.5
4.19152421058713	0.5
4.194547993486319	0.5
4.197572428207099	0.5
4.2005975649562775	0.5
4.203623476691971	0.5
4.2066502346164345	0.5
4.209677908016355	0.5
4.212706564036551	0.5
4.215736267389211	0.5
4.21876708000494	0.5
4.221799060635628	0.5
4.22483226442241	0.5
4.227866742444637	0.5
4.230902541267686	0.5
4.233939702508564	0.5
4.236978262438488	0.5
4.240018251640918	0.5
4.243059694741896	0.5
4.246102602681891	0.5
4.249146826506074	0.5
4.25219167834126	0.5
4.255237042003046	0.5
4.258282952628577	0.5
4.261329292680443	0.5
4.264375228242713	0.5
4.267420727896228	0.5
4.270465856673671	0.5
4.273510603705996	0.5
4.276554827235811	0.5
4.279598611063112	0.5
4.282642003899385	0.5
4.2856849989537045	0.5
4.288727691249889	0.5
4.291770175526083	0.5
4.294812545302162	0.5
4.297854891978243	0.5
4.3008973039919915	0.5
4.3039398660610795	0.5
4.306982658533775	0.5
4.310025756865519	0.5
4.313069231233075	0.5
4.316113146290923	0.5
4.3191575610676205	0.5
4.322202528993414	0.5
4.3252480980449075	0.5
4.328294310988316	0.5
4.331341205700116	0.5
4.334388815542544	0.5
4.33743716977157	0.5
4.340486293956338	0.5
4.343536210391488	0.5
4.346586938486927	0.5
4.349638495123239	0.5
4.35269089496475	0.5
4.355744150725953	0.5
4.358798192859976	0.5
4.361852566753646	0.5
4.364907248817265	0.5
4.367962280498743	0.5
4.371017654868557	0.5
4.374073130324054	0.5
4.377128671458642	0.5
4.380184352688265	0.5
4.38324024732189	0.5
4.386296427976857	0.5
4.3893529670404465	0.5
4.392409937146665	0.5
4.395467411640964	0.5
4.398525465008179	0.5
4.401584173240076	0.5
4.404643614118714	0.5
4.407703867390616	0.5
4.410765014805538	0.5
4.413827139993094	0.5
4.416890328151842	0.5
4.4199546441848705	0.5
4.423020035716831	0.5
4.426086484818364	0.5
4.429154052875442	0.5
4.432222804033254	0.5
4.435292715214913	0.5
4.438363181115083	0.5
4.44143334110403	0.5
4.444503257276414	0.5
4.447572989371584	0.5
4.450642594663298	0.5
4.453712118333723	0.5
4.456781555849175	0.5
4.45985094435146	0.5
4.462920329066296	0.5
4.465989754988269	0.5
4.469059266912451	0.5
4.47212890940468	0.5
4.475198720908282	0.5
4.478268620934377	0.5
4.481338090404437	0.5
4.484406931191611	0.5
4.487475228280025	0.5
4.490543067087463	0.5
4.493610532192482	0.5
4.496677669609526	0.5
4.499744322782915	0.5
4.502810410252336	0.5
4.505876021993488	0.5
4.508941248104504	0.5
4.512006177477163	0.5
4.515070865529307	0.5
4.518135205382092	0.5
4.521199203960387	0.5
4.524262953843399	0.5
4.527326533625413	0.5
4.530389955097887	0.5
4.533453273006903	0.5
4.536516578845238	0.5
4.539579960802774	0.5
4.5426435031263575	0.5
4.545707285689319	0.5
4.548771383756615	0.5
4.551835867926598	0.5
4.554900804227365	0.5
4.55796625434431	0.5
4.56103227595526	0.5
4.5640989231500875	0.5
4.567166246912348	0.5
4.570234295641105	0.5
4.573303115691212	0.5
4.5763727519101245	0.5
4.579443248148707	0.5
4.582514647723021	0.5
4.5855869938037985	0.5
4.58866032971104	0.5
4.591734699092904	0.5
4.594810145971427	0.5
4.597886714642453	0.5
4.6009644494235795	0.5
4.604043394251583	0.5
4.607123592139228	0.5
4.6102050845100155	0.5
4.613287910437651	0.5
4.616372105824058	0.5
4.619457702555126	0.5
4.622544607762552	0.5
4.625632143883774	0.5
4.62872023426083	0.5
4.631808942447329	0.5
4.634898310244726	0.5
4.637988357101251	0.5
4.641079092589804	0.5
4.644170540043555	0.5
4.647262758730349	0.5
4.650355803937136	0.5
4.653449722274497	0.5
4.656544455466703	0.5
4.659639529377496	0.5
4.6627346617565895	0.5
4.665829893010143	0.5
4.668925264075217	0.5
4.672020816197102	0.5
4.675116590552781	0.5
4.678212620782818	0.5
4.681308766891304	0.5
4.684404251049247	0.5
4.687498993612481	0.5
4.690593049538782	0.5
4.693686470888948	0.5
4.696779286031584	0.5
4.699871510172006	0.5
4.70296319985616	0.5
4.706054412288454	0.5
4.70914520549707	0.5
4.712235638584904	0.5
4.715325772023255	0.5
4.718415667945151	0.5
4.721505390398199	0.5
4.724595005522803	0.5
4.727684581629615	0.5
4.730774189159627	0.5
4.733863900520395	0.5
4.736953789801713	0.5
4.740043932382997	0.5
4.743134404451925	0.5
4.746225282459292	0.5
4.749316642538232	0.5
4.7524085599169075	0.5
4.755501108352735	0.5
4.758594359613185	0.5
4.761688383023923	0.5
4.76478324509957	0.5
4.767878973729184	0.5
4.770975404730033	0.5
4.7740724708374	0.5
4.777170248062532	0.5
4.780268811092904	0.5
4.783368232780587	0.5
4.7864685836425505	0.5
4.789569931392162	0.5
4.792672340520151	0.5
4.795775871941461	0.5
4.79888058272163	0.5
4.801986525892631	0.5
4.805093750363439	0.5
4.808202300925159	0.5
4.8113122183445505	0.5
4.81442336501895	0.5
4.817534754718396	0.5
4.82064624799787	0.5
4.8237578111716175	0.5
4.826869463956627	0.5
4.829981219845992	0.5
4.833093110969712	0.5
4.8362051716900405	0.5
4.839317437472921	0.5
4.842429944886537	0.5
4.845542731496427	0.5
4.848655835655317	0.5
4.85176929619389	0.5
4.854883150791144	0.5
4.857997429013072	0.5
4.8611121571683045	0.5
4.8642273699976695	0.5
4.86734301732478	0.5
4.870458620761016	0.5
4.8735740143441175	0.5
4.876689228841953	0.5
4.879804293684635	0.5
4.882919212679856	0.5
4.886033928577858	0.5
4.889148385171329	0.5
4.892262381381942	0.5
4.895375955692165	0.5
4.89848914783451	0.5
4.901601997811046	0.5
4.904714545029092	0.5
4.90782682758302	0.5
4.91093888170223	0.5
4.9140507413752905	0.5
4.917162438150633	0.5
4.920274001105558	0.5
4.923385456968138	0.5
4.926496830371074	0.5
4.929608144212964	0.5
4.932719420100593	0.5
4.935830678845916	0.5
4.938941940992857	0.5
4.942051447252654	0.5
4.945148374852728	0.5
4.9482303599291795	0.5
4.95130858784332	0.5
4.9543883199625025	0.5
4.9574627569421015	0.5
4.96053287305622	0.5
4.963586109512548	0.5
4.966632534072422	0.5
4.969678992922186	0.5
4.97272885994231	0.5
4.975781784186182	0.5
4.978835533544442	0.5
4.981883427502823	0.5
4.98489786509401	0.5
4.987894378305938	0.5
4.990891833038745	0.5
4.99389587740204	0.5
4.996902020069617	0.5
4.999909232236706	0.5
5.002919735660982	0.5
5.005914766628405	0.5
5.008892932284875	0.5
5.011865613108901	0.5
5.014835781817153	0.5
5.017801101217074	0.5
5.020768138584853	0.5
5.023739175263192	0.5
5.026697746587055	0.5
5.0296514609291725	0.5
5.032604864920166	0.5
5.035555122636742	0.5
5.038506364419323	0.5
5.041459286732477	0.5
5.044404752308758	0.5
5.047348350655348	0.5
5.050291884680097	0.5
5.053234995608543	0.5
5.0561707850103375	0.5
5.059099067306309	0.5
5.06202581518829	0.5
5.064956359603232	0.5
5.067886227082668	0.5
5.0708002438115525	0.5
5.073701569199908	0.5
5.076598552686971	0.5
5.079495566832087	0.5
5.08239281683049	0.5
5.085288210042713	0.5
5.088177146575441	0.5
5.091056539202456	0.5
5.093927974715292	0.5
5.096787310487268	0.5
5.099641556415632	0.5
5.102497898010386	0.5
5.105358213696127	0.5
5.108211384221162	0.5
5.111057329337992	0.5
5.113887809355943	0.5
5.116709428421001	0.5
5.119529759582908	0.5
5.122354330450281	0.5
5.125181637658822	0.5
5.12799913687612	0.5
5.130816619765961	0.5
5.133635505914517	0.5
5.13645369451264	0.5
5.139273452035235	0.5
5.14209475792511	0.5
5.144912616411516	0.5
5.147730297131053	0.5
5.150543285822982	0.5
5.1533556964651055	0.5
5.156171330562852	0.5
5.158983778434024	0.5
5.161797304775405	0.5
5.16461380723015	0.5
5.16741640726576	0.5
5.1702139339267035	0.5
5.173006189706369	0.5
5.175797715086218	0.5
5.178591560253284	0.5
5.181386295627531	0.5
5.18416981102177	0.5
5.186947079541076	0.5
5.1897218701927885	0.5
5.192496744227565	0.5
5.19526402313449	0.5
5.19802834241653	0.5
5.200793986944323	0.5
5.203549559067416	0.5
5.20629207941239	0.5
5.209030457069961	0.5
5.211771394831998	0.5
5.214513218517922	0.5
5.217253319545902	0.5
5.219988439159465	0.5
5.222718863710785	0.5
5.225438169878866	0.5
5.228155164022184	0.5
5.2308715175267	0.5
5.233576989992791	0.5
5.236282176822731	0.5
5.238992625839614	0.5
5.241706674107706	0.5
5.244415146473372	0.5
5.247109793234855	0.5
5.2498015011304915	0.5
5.2524967500504935	0.5
5.255195498445645	0.5
5.25790043766117	0.5
5.260611726288834	0.5
5.263322237954522	0.5
5.266028348488604	0.5
5.268731863120208	0.5
5.271435573618582	0.5
5.2741405104769585	0.5
5.276841518823558	0.5
5.27953199864599	0.5
5.282216316592195	0.5
5.284899322491628	0.5
5.287585309033384	0.5
5.290276722357836	0.5
5.292967628609128	0.5
5.295651455059665	0.5
5.298318842881701	0.5
5.300977449735124	0.5
5.303635676543735	0.5
5.306297727231726	0.5
5.308965637126644	0.5
5.3116309143973774	0.5
5.314294963670745	0.5
5.316952475486451	0.5
5.319603547586907	0.5
5.3222536144535795	0.5
5.324898651884683	0.5
5.327541082867316	0.5
5.330185621020748	0.5
5.3328342282579095	0.5
5.335477282729285	0.5
5.338110913109311	0.5
5.340735235490266	0.5
5.343359168730599	0.5
5.345985772369292	0.5
5.348617765525077	0.5
5.351257058903335	0.5
5.3539011542085495	0.5
5.356531732827267	0.5
5.359151019915608	0.5
5.3617663786875145	0.5
5.364383432727926	0.5
5.367006068381099	0.5
5.36963609469347	0.5
5.372271427821999	0.5
5.374902254842037	0.5
5.377532692301057	0.5
5.380162956834638	0.5
5.382790118488624	0.5
5.3854085780431955	0.5
5.388026775087901	0.5
5.390639374969798	0.5
5.393245615632525	0.5
5.39585245405979	0.5
5.398462181313495	0.5
5.401073836160515	0.5
5.403683927283167	0.5
5.406285908828058	0.5
5.4088802494410615	0.5
5.41147188986715	0.5
5.414063215190784	0.5
5.41664782210206	0.5
5.419231818642205	0.5
5.421816270118802	0.5
5.424400457860286	0.5
5.426977644649214	0.5
5.42954690573608	0.5
5.432110420563408	0.5
5.434673132322775	0.5
5.437239753274124	0.5
5.439812650375553	0.5
5.442392780568281	0.5
5.444977259183642	0.5
5.447552471412672	0.5
5.450119432227574	0.5
5.452681302025041	0.5
5.4552472482919	0.5
5.457820956106653	0.5
5.4604026347314925	0.5
5.462987457046678	0.5
5.4655692577031	0.5
5.468149711294738	0.5
5.470728374853576	0.5
5.473304880461137	0.5
5.475873339138208	0.5
5.478442087815025	0.5
5.481007816294373	0.5
5.4835709538198385	0.5
5.486135794201697	0.5
5.488698869758835	0.5
5.491263333910264	0.5
5.493825414229957	0.5
5.496378263897925	0.5
5.498927054362558	0.5
5.501475925419389	0.5
5.504023494067969	0.5
5.506567037818678	0.5
5.5091120867995516	0.5
5.511660560830761	0.5
5.514207241560931	0.5
5.516748344446714	0.5
5.519282032613198	0.5
5.521808922843498	0.5
5.524332350551703	0.5
5.526854295889125	0.5
5.529380648870437	0.5
5.5319141392513105	0.5
5.534442746423975	0.5
5.536957995870633	0.5
5.539466455480124	0.5
5.541974656700353	0.5
5.544489605494775	0.5
5.54701213300501	0.5
5.549534806521012	0.5
5.552061487091603	0.5
5.5545919553529135	0.5
5.55712135203221	0.5
5.559646546403896	0.5
5.562157654426923	0.5
5.564665893341909	0.5
5.567179235380179	0.5
5.569699794420221	0.5
5.572221763117943	0.5
5.574747426128736	0.5
5.577275214534331	0.5
5.579801408064579	0.5
5.582327970993461	0.5
5.58485137976878	0.5
5.587371662539413	0.5
5.589890027489669	0.5
5.592403216318845	0.5
5.594914725731082	0.5
5.597429989282238	0.5
5.599948842103227	0.5
5.602459773695177	0.5
5.604962204887694	0.5
5.607461361146228	0.5
5.609955034371214	0.5
5.612446816768727	0.5
5.614939313251192	0.5
5.6174384226493075	0.5
5.619941787147627	0.5
5.622435067356382	0.5
5.624920105966562	0.5
5.627399335528478	0.5
5.629881881324881	0.5
5.632372205325398	0.5
5.6348656907599555	0.5
5.6373609823237	0.5
5.6398628811359774	0.5
5.642365751609923	0.5
5.644868010758739	0.5
5.6473607401850465	0.5
5.64984579020591	0.5
5.652332474799087	0.5
5.654825767574725	0.5
5.657320002078518	0.5
5.659817064855429	0.5
5.6623161042661545	0.5
5.664816678007744	0.5
5.667316425186983	0.5
5.6698097062300175	0.5
5.672299764831742	0.5
5.674790338677357	0.5
5.677282103361627	0.5
5.679770447204584	0.5
5.68225973858064	0.5
5.684751557054884	0.5
5.6872451716542125	0.5
5.689736176564228	0.5
5.692221949014661	0.5
5.694703214631066	0.5
5.697183660885096	0.5
5.699662757958721	0.5
5.702145600072063	0.5
5.704632065010745	0.5
5.707113408420068	0.5
5.70958447784236	0.5
5.7120503791581445	0.5
5.714515923562072	0.5
5.716985697858325	0.5
5.719451594120069	0.5
5.721917780713887	0.5
5.724389047970714	0.5
5.726863815226578	0.5
5.729340851202753	0.5
5.731808049110631	0.5
5.734266024613482	0.5
5.736724389001094	0.5
5.739188778295034	0.5
5.741656990490985	0.5
5.744126578218329	0.5
5.7465911971157775	0.5
5.749057586186957	0.5
5.7515250848948964	0.5
5.753998177893798	0.5
5.75647289937243	0.5
5.758940818342122	0.5
5.76140364730996	0.5
5.763868380874891	0.5
5.766335224131388	0.5
5.768804131028508	0.5
5.771276276507707	0.5
5.773747795001647	0.5
5.776213660146194	0.5
5.77867805174487	0.5
5.781138890313644	0.5
5.783597255435968	0.5
5.786052760617558	0.5
5.788510609751236	0.5
5.790971735623436	0.5
5.793429199314064	0.5
5.7958804180525	0.5
5.798328065431253	0.5
5.800775140797876	0.5
5.803216355557569	0.5
5.805657551867659	0.5
5.808104275511554	0.5
5.810556376103093	0.5
5.8130120993958965	0.5
5.815459352747681	0.5
5.817896398367229	0.5
5.820333006457225	0.5
5.822775110202688	0.5
5.825221789605766	0.5
5.8276715437025075	0.5
5.830125658968539	0.5
5.832580494178803	0.5
5.835036166629089	0.5
5.837494660858171	0.5
5.839955242065035	0.5
5.842409409586983	0.5
5.844858168432948	0.5
5.847308056402696	0.5
5.849758632861689	0.5
5.85221021950124	0.5
5.8546653913865025	0.5
5.85712286211359	0.5
5.859575643952137	0.5
5.8620275987424595	0.5
5.8644782051458915	0.5
5.866926950834205	0.5
5.869374869219708	0.5
5.871828004611591	0.5
5.874285377865363	0.5
5.8767370272091215	0.5
5.879181888622633	0.5
5.881622690361193	0.5
5.884063950769528	0.5
5.886503697892449	0.5
5.8889424895932345	0.5
5.891385673817853	0.5
5.893831607167714	0.5
5.896277943661968	0.5
5.898720356859705	0.5
5.90115353738687	0.5
5.903585510553384	0.5
5.906022659338698	0.5
5.908464196694078	0.5
5.910900750918095	0.5
5.913334874811637	0.5
5.915771504949335	0.5
5.918211079894228	0.5
5.920656140604704	0.5
5.923099844412755	0.5
5.925535216072717	0.5
5.927967621406572	0.5
5.930402671006842	0.5
5.932840741436488	0.5
5.935280861988369	0.5
5.9377216518793885	0.5
5.940155010144942	0.5
5.942586636490959	0.5
5.945015639111523	0.5
5.947448532850033	0.5
5.949886341747304	0.5
5.952323333386921	0.5
5.954761019242551	0.5
5.957196136193871	0.5
5.959629411293942	0.5
5.962061394304295	0.5
5.964489509279141	0.5
5.966916512004196	0.5
5.969347041294161	0.5
5.971777183350213	0.5
5.974210845633571	0.5
5.97664812377262	0.5
5.979086017370363	0.5
5.981517866688184	0.5
5.983940355283992	0.5
5.98636114023867	0.5
5.988786583122784	0.5
5.9912159755470356	0.5
5.993643248826375	0.5
5.996070511415634	0.5
5.998501237174116	0.5
6.000934288865749	0.5
6.003369850319192	0.5
6.005806554314171	0.5
6.008234413270947	0.5
6.010661499741804	0.5
6.013091699507818	0.5
6.01552445802304	0.5
6.017960354501791	0.5
6.020397284458009	0.5
6.02283076380499	0.5
6.025259702407387	0.5
6.027687072032489	0.5
6.030114563970284	0.5
6.032538031575105	0.5
6.034961448495916	0.5
6.037387565341637	0.5
6.039817208115453	0.5
6.042243733659617	0.5
6.044664852024009	0.5
6.047082585453115	0.5
6.049499297900849	0.5
6.051916852819385	0.5
6.054333810671478	0.5
6.056755389260956	0.5
6.059182647287195	0.5
6.0616124589841105	0.5
6.064033572125082	0.5
6.0664466171773785	0.5
6.068859685907887	0.5
6.071278578464766	0.5
6.07370283058257	0.5
6.076128264795701	0.5
6.078554860337158	0.5
6.080983486266475	0.5
6.083414260860698	0.5
6.08584658862443	0.5
6.088271368210301	0.5
6.090689486978623	0.5
6.093108080822988	0.5
6.0955289532929084	0.5
6.097951988779581	0.5
6.1003776927943285	0.5
6.102801216445932	0.5
6.105224510283694	0.5
6.107647199853088	0.5
6.110074989872498	0.5
6.112507234130135	0.5
6.114936063670379	0.5
6.117359876485685	0.5
6.119782400039926	0.5
6.12220496624088	0.5
6.124629611544486	0.5
6.127056466976437	0.5
6.129481649013391	0.5
6.131906085059117	0.5
6.134328262843121	0.5
6.136749398450777	0.5
6.1391724158427685	0.5
6.141596419880237	0.5
6.144021569249099	0.5
6.146442046587999	0.5
6.148856232014569	0.5
6.151271129601891	0.5
6.15369023913198	0.5
6.156103965983177	0.5
6.158515899525885	0.5
6.160931252845245	0.5
6.163348865917465	0.5
6.165769637932347	0.5
6.168189714451919	0.5
6.170600110362587	0.5
6.173007690400611	0.5
6.175418289804274	0.5
6.1778314655859985	0.5
6.180246030200585	0.5
6.182658390123569	0.5
6.185069591083306	0.5
6.187481733793494	0.5
6.189897980839717	0.5
6.192320270946991	0.5
6.194741205363433	0.5
6.1971555719905895	0.5
6.199567913298906	0.5
6.201980669746361	0.5
6.204394400956759	0.5
6.206811117847512	0.5
6.209231024703522	0.5
6.211648977558315	0.5
6.214067007293996	0.5
6.21648550127401	0.5
6.218902756888311	0.5
6.221320001842658	0.5
6.223738922326295	0.5
6.226158453390947	0.5
6.228573492809958	0.5
6.230983404382903	0.5
6.233394421141967	0.5
6.235806408088179	0.5
6.238213246505127	0.5
6.24062125255875	0.5
6.243032861701215	0.5
6.245448129752303	0.5
6.247866893109626	0.5
6.250278187628242	0.5
6.252682663999018	0.5
6.255087888007929	0.5
6.257496357975739	0.5
6.259907609536852	0.5
6.262322117585317	0.5
6.2647356020366205	0.5
6.2671506096766665	0.5
6.269568161742032	0.5
6.27199043408993	0.5
6.27441093445444	0.5
6.276827467725313	0.5
6.279240155763835	0.5
6.28165287679882	0.5
6.284066507562375	0.5
6.286482451419294	0.5
6.2889022250069875	0.5
6.2913214831943485	0.5
6.293735489621638	0.5
6.29614993782841	0.5
6.298566072910608	0.5
6.300982740508439	0.5
6.303404523102981	0.5
6.305828426323861	0.5
6.308247077554672	0.5
6.310660137506964	0.5
6.313069467068025	0.5
6.315481885486188	0.5
6.317899917148987	0.5
6.320316561438685	0.5
6.3227358165491845	0.5
6.325154110169103	0.5
6.327569984537196	0.5
6.329985177733744	0.5
6.332398431650424	0.5
6.334800522107892	0.5
6.337187561800084	0.5
6.3395719238245425	0.5
6.3419622313333	0.5
6.344357417826374	0.5
6.346746489262262	0.5
6.349120359194244	0.5
6.351486104589559	0.5
6.353850960166262	0.5
6.356220664644089	0.5
6.358598628331911	0.5
6.360984974368476	0.5
6.36337315843316	0.5
6.365752862820504	0.5
6.368127667888459	0.5
6.370502124410817	0.5
6.3728735039871856	0.5
6.375227258119082	0.5
6.37756631046298	0.5
6.37990119204672	0.5
6.382235421971311	0.5
6.384567518304917	0.5
6.386897422477761	0.5
6.389223512467978	0.5
6.391540005663018	0.5
6.393853941873987	0.5
6.396171035774457	0.5
6.398495060794359	0.5
6.40082687792317	0.5
6.403162292027936	0.5
6.405499317904002	0.5
6.407829499443598	0.5
6.41015659880394	0.5
6.412484896871596	0.5
6.414816796379709	0.5
6.41715182087764	0.5
6.419481645328614	0.5
6.421801830790992	0.5
6.424102663673121	0.5
6.426394655978398	0.5
6.428685745544872	0.5
6.430971348261899	0.5
6.433257115499688	0.5
6.435545522808732	0.5
6.437826292508115	0.5
6.44010371748732	0.5
6.44238280140652	0.5
6.444666622236054	0.5
6.446954421578502	0.5
6.449242966370556	0.5
6.4515345650076075	0.5
6.453824400541727	0.5
6.456109055059813	0.5
6.458392823201373	0.5
6.460678192602231	0.5
6.4629666415677285	0.5
6.465258904742677	0.5
6.4675540673651115	0.5
6.469846092486966	0.5
6.472130710487725	0.5
6.474394257670797	0.5
6.47664772370592	0.5
6.478899267681747	0.5
6.48114476775712	0.5
6.483390577755834	0.5
6.485641182574969	0.5
6.487895760170257	0.5
6.4901455183479335	0.5
6.492394801646835	0.5
6.4946440399389855	0.5
6.496893013282894	0.5
6.49914303335386	0.5
6.501396687335637	0.5
6.50365269933473	0.5
6.505910251801729	0.5
6.508164927290999	0.5
6.5104195465377925	0.5
6.512676156076849	0.5
6.51493614250581	0.5
6.5172001179772145	0.5
6.519467712673303	0.5
6.521737400228674	0.5
6.524006070863593	0.5
6.52626691328062	0.5
6.528505656844056	0.5
6.530730770557014	0.5
6.532951894266063	0.5
6.535170003287267	0.5
6.537388027508208	0.5
6.539611028235288	0.5
6.54184039561471	0.5
6.5440728020312795	0.5
6.546304253373386	0.5
6.548533196706653	0.5
6.550760421192486	0.5
6.552986970601768	0.5
6.555216560927737	0.5
6.557451351554267	0.5
6.559689931714978	0.5
6.561927747650981	0.5
6.564161404425596	0.5
6.566393925507413	0.5
6.568627870450619	0.5
6.570865060556163	0.5
6.5731060733105675	0.5
6.575350452803381	0.5
6.5775952528752715	0.5
6.579827465945637	0.5
6.582047700308479	0.5
6.584268245383949	0.5
6.586478176225755	0.5
6.5886754907112515	0.5
6.590861827990324	0.5
6.593045604697693	0.5
6.595228074799161	0.5
6.597412434731241	0.5
6.599602302502254	0.5
6.601799497802268	0.5
6.604002607072646	0.5
6.6062034228808395	0.5
6.608399755666368	0.5
6.610593680930544	0.5
6.612787784059106	0.5
6.614985386902567	0.5
6.617187872410314	0.5
6.619395883392033	0.5
6.621608138530173	0.5
6.623815321546212	0.5
6.626019859111953	0.5
6.628225104635912	0.5
6.630433153582219	0.5
6.6326449793704025	0.5
6.634860779172396	0.5
6.637079250633633	0.5
6.639295115391909	0.5
6.641508300922541	0.5
6.643709327865908	0.5
6.6459060913743055	0.5
6.648101323694072	0.5
6.65029316284611	0.5
6.652479014345006	0.5
6.65465703451368	0.5
6.6568340771821735	0.5
6.659009505548035	0.5
6.661186606043886	0.5
6.663368882263387	0.5
6.665557736589913	0.5
6.6677494574445895	0.5
6.669935451943753	0.5
6.672119481525912	0.5
6.674304953442367	0.5
6.676492017784919	0.5
6.678682210604424	0.5
6.6808763793085	0.5
6.683075151517571	0.5
6.685280177121877	0.5
6.687485531656879	0.5
6.689687317076152	0.5
6.691886725627039	0.5
6.694085086703616	0.5
6.696286332561257	0.5
6.698493761741369	0.5
6.700707736495984	0.5
6.702917772610412	0.5
6.705124586775948	0.5
6.707333033692463	0.5
6.70954363513064	0.5
6.711743117943903	0.5
6.713936541357485	0.5
6.716128562899786	0.5
6.718317201929521	0.5
6.720497422750367	0.5
6.722671595570671	0.5
6.724844531913829	0.5
6.727018513652361	0.5
6.729194416272396	0.5
6.731375880556986	0.5
6.733557260517392	0.5
6.7357343304708355	0.5
6.737916927394158	0.5
6.740098750616944	0.5
6.742280222476697	0.5
6.744463021252425	0.5
6.74664763054912	0.5
6.748835241399278	0.5
6.751029297348055	0.5
6.753229930517416	0.5
6.755424386427365	0.5
6.757614207468041	0.5
6.759799863298422	0.5
6.761985896724172	0.5
6.764175839050252	0.5
6.7663718975133955	0.5
6.768572706642653	0.5
6.7707659956619075	0.5
6.772955093184558	0.5
6.775142814617007	0.5
6.777330281874479	0.5
6.779520763289856	0.5
6.781710684048495	0.5
6.783891915286054	0.5
6.786070155557039	0.5
6.788249689410666	0.5
6.79043133356462	0.5
6.792605630215327	0.5
6.794776247040157	0.5
6.7969465536536875	0.5
6.7991198916692115	0.5
6.801298080090158	0.5
6.8034720602748875	0.5
6.805638457307929	0.5
6.807807500244597	0.5
6.809983245577962	0.5
6.812164303870569	0.5
6.814344809920885	0.5
6.816524702964131	0.5
6.818705173108102	0.5
6.820884671633201	0.5
6.823065346423626	0.5
6.825249687121612	0.5
6.827436922479451	0.5
6.82961446553824	0.5
6.831787307111066	0.5
6.833959844998691	0.5
6.836133648991109	0.5
6.838309240445042	0.5
6.840488674501643	0.5
6.842668790522936	0.5
6.844839887833447	0.5
6.847007615346337	0.5
6.849176469191159	0.5
6.8513487791999825	0.5
6.853519744622361	0.5
6.855680831089504	0.5
6.857838615582892	0.5
6.859997884971668	0.5
6.862159971513956	0.5
6.864320661702618	0.5
6.866476694047057	0.5
6.8686317769827925	0.5
6.870786965227543	0.5
6.8729371606946605	0.5
6.875075085257704	0.5
6.877210927752952	0.5
6.879351442699624	0.5
6.8815009030420775	0.5
6.883659724482221	0.5
6.885823103684546	0.5
6.8879787176514045	0.5
6.890127243993176	0.5
6.892272779539181	0.5
6.894420252575702	0.5
6.896573152541503	0.5
6.898732153208732	0.5
6.900888145999912	0.5
6.903031530987349	0.5
6.905169135296688	0.5
6.907305422557263	0.5
6.909443207390632	0.5
6.911585228766715	0.5
6.913733295070906	0.5
6.915883196485695	0.5
6.918022363097025	0.5
6.920156529386586	0.5
6.922290279196415	0.5
6.924427026725249	0.5
6.926567571667318	0.5
6.928703896078696	0.5
6.9308313615452715	0.5
6.932956437612058	0.5
6.935083879738929	0.5
6.937214435811414	0.5
6.939338372474392	0.5
6.941459486302517	0.5
6.943581281305995	0.5
6.945702067053391	0.5
6.947817752423649	0.5
6.949925012810354	0.5
6.952032741087098	0.5
6.954147203855581	0.5
6.956269924903973	0.5
6.95839722486751	0.5
6.960521499940021	0.5
6.962639223284736	0.5
6.964752672859229	0.5
6.966864157253007	0.5
6.968978341162588	0.5
6.971097790981607	0.5
6.973220964877462	0.5
6.975345746912199	0.5
6.977456141923592	0.5
6.979560286712283	0.5
6.9816632475098475	0.5
6.9837677411317385	0.5
6.985876513861851	0.5
6.987992163921486	0.5
6.990114069715557	0.5
6.992231700772261	0.5
6.994338758669934	0.5
6.996441518109212	0.5
6.9985450191654035	0.5
7.000652612270319	0.5
7.00276430212088	0.5
7.004877134095647	0.5
7.006979081250645	0.5
7.009076390146197	0.5
7.011172504560718	0.5
7.01327122179894	0.5
7.015368996463427	0.5
7.017459522253991	0.5
7.019549142631117	0.5
7.0216395312846345	0.5
7.023728622812375	0.5
7.025812006196409	0.5
7.027888484575696	0.5
7.029966886689343	0.5
7.0320505097205555	0.5
7.0341409655317495	0.5
7.036236065198525	0.5
7.038320689638847	0.5
7.040399991703583	0.5
7.042477925808191	0.5
7.044556425828564	0.5
7.046637954352729	0.5
7.048726179638765	0.5
7.050817230896898	0.5
7.0529103285706	0.5
7.054987362883781	0.5
7.057055649378847	0.5
7.059122397945423	0.5
7.061190814536419	0.5
7.063263713487501	0.5
7.0653435713143224	0.5
7.067430174463327	0.5
7.069519426390135	0.5
7.07159626787226	0.5
7.073664025133275	0.5
7.0757295753025975	0.5
7.077797221770803	0.5
7.079864568654353	0.5
7.081932784676897	0.5
7.0839947849896605	0.5
7.086042899718548	0.5
7.088073603180019	0.5
7.090087842744174	0.5
7.0920984441634864	0.5
7.0941144322672605	0.5
7.096127151449564	0.5
7.098140968641352	0.5
7.100160433277668	0.5
7.1021889200185315	0.5
7.104225143155378	0.5
7.106266736111074	0.5
7.108313440949862	0.5
7.110365840634753	0.5
7.1124227836123515	0.5
7.114484173818433	0.5
7.116549992363681	0.5
7.118620312484358	0.5
7.120693259625325	0.5
7.122767398317883	0.5
7.124842799218965	0.5
7.126920106760629	0.5
7.1290000733271475	0.5
7.131083124421866	0.5
7.133169666927463	0.5
7.135258883795767	0.5
7.137350289979343	0.5
7.13944389720655	0.5
7.141540378454177	0.5
7.143641223522691	0.5
7.14574844125434	0.5
7.147863941105152	0.5
7.149986936456107	0.5
7.15211734010986	0.5
7.154255883769791	0.5
7.156403388751319	0.5
7.158560418774694	0.5
7.160726702704064	0.5
7.16289939496296	0.5
7.165077753822144	0.5
7.167263209185183	0.5
7.169454295337921	0.5
7.171648869595976	0.5
7.173847913126136	0.5
7.176050382379705	0.5
7.178256022303809	0.5
7.180462176773423	0.5
7.182665964285858	0.5
7.184866279645826	0.5
7.187062281194988	0.5
7.1892534569023745	0.5
7.191439523760593	0.5
7.1936204320136365	0.5
7.195796841532604	0.5
7.1979704883597995	0.5
7.200148832509703	0.5
7.202331777125668	0.5
7.204518166868785	0.5
7.206707709475368	0.5
7.208898750768265	0.5
7.2110920216256496	0.5
7.213287494982578	0.5
7.215480013849122	0.5
7.217667342461052	0.5
7.219852214872489	0.5
7.222037702702042	0.5
7.224227211684598	0.5
7.226421083610836	0.5
7.228619726701475	0.5
7.230823098564258	0.5
7.233027340846092	0.5
7.235231274338382	0.5
7.237436354313291	0.5
7.239643766808878	0.5
7.241855592753459	0.5
7.2440731136566034	0.5
7.246296182961684	0.5
7.248524709776473	0.5
7.25075927099918	0.5
7.253001051066621	0.5
7.255248813465698	0.5
7.257498399465102	0.5
7.259750158827654	0.5
7.262004122923035	0.5
7.264260438399172	0.5
7.26651934732337	0.5
7.2687814752150315	0.5
7.271047116735782	0.5
7.273316031894296	0.5
7.275588698458074	0.5
7.277864300376908	0.5
7.280142854489183	0.5
7.282422647113916	0.5
7.284704826905069	0.5
7.286988588188958	0.5
7.289273546132516	0.5
7.291559278927411	0.5
7.2938455509187206	0.5
7.296130815816652	0.5
7.298415121623883	0.5
7.300699163523207	0.5
7.302981519961397	0.5
7.30526241009896	0.5
7.3075399098763425	0.5
7.309821786196885	0.5
7.312106512331421	0.5
7.3143909725751355	0.5
7.316676704617039	0.5
7.318963730002551	0.5
7.321249138035616	0.5
7.323543723898069	0.5
7.32583562917586	0.5
7.3281258961591735	0.5
7.330416294816712	0.5
7.33271000705465	0.5
7.335005299606507	0.5
7.337300156857139	0.5
7.3395921820056245	0.5
7.341882723002833	0.5
7.344181039801604	0.5
7.34648464060914	0.5
7.348791471630454	0.5
7.3511009884651175	0.5
7.3534151576904865	0.5
7.355733637345812	0.5
7.3580543274926535	0.5
7.360376356734982	0.5
7.362693197505982	0.5
7.365010954357256	0.5
7.3673367030530885	0.5
7.3696659273177865	0.5
7.371990145086158	0.5
7.374308199342457	0.5
7.3766313401909605	0.5
7.378964723578371	0.5
7.381289531602119	0.5
7.3835932272191425	0.5
7.385892138933661	0.5
7.38819802684969	0.5
7.390506494413452	0.5
7.392796096427939	0.5
7.3950848972787595	0.5
7.397386250174124	0.5
7.399699846513293	0.5
7.401983821808489	0.5
7.404260804819526	0.5
7.406545468279336	0.5
7.40883234926167	0.5
7.411112351927959	0.5
7.413391257121245	0.5
7.415676432478907	0.5
7.41794875563209	0.5
7.420206930794244	0.5
7.422491254531233	0.5
7.424766086540182	0.5
7.42702887123485	0.5
7.429290900028821	0.5
7.431558573566581	0.5
7.433820714537321	0.5
7.436085738114311	0.5
7.438366894648012	0.5
7.44065433504359	0.5
7.4429208994600975	0.5
7.44518138966772	0.5
7.447449568041853	0.5
7.449733902849004	0.5
7.452028251587609	0.5
7.454304140306062	0.5
7.456576152272202	0.5
7.458857729434312	0.5
7.46115483549275	0.5
7.463448695322951	0.5
7.465728693606206	0.5
7.468007259716134	0.5
7.470295237202303	0.5
7.472597990486066	0.5
7.474899453621006	0.5
7.477182070157117	0.5
7.4794595984423635	0.5
7.48174318063233	0.5
7.484040771871046	0.5
7.486348160882658	0.5
7.488636448164034	0.5
7.490920179166595	0.5
7.493211305631651	0.5
7.495516912746536	0.5
7.497825625467949	0.5
7.500109095282564	0.5
7.502385558411495	0.5
7.504669823486976	0.5
7.506966402856524	0.5
7.5092500803032625	0.5
7.511520677336737	0.5
7.513796988293713	0.5
7.516087617735711	0.5
7.518372902424348	0.5
7.520647726094226	0.5
7.522921889744904	0.5
7.525206720758175	0.5
7.5274878335898725	0.5
7.529762496884599	0.5
7.532034260912282	0.5
7.534308130349759	0.5
7.536565566356454	0.5
7.538810098597746	0.5
7.54108686485772	0.5
7.543347993400968	0.5
7.545592560651386	0.5
7.5478417712922505	0.5
7.550100336849435	0.5
7.5523506648246155	0.5
7.554605800103436	0.5
7.556872477114629	0.5
7.559138149727629	0.5
7.561397151414394	0.5
7.563646508628617	0.5
7.565901727042772	0.5
7.568174865697267	0.5
7.5704652063571185	0.5
7.572738140488236	0.5
7.575003926025034	0.5
7.5772775016084015	0.5
7.579568789726084	0.5
7.581876219782741	0.5
7.584171530026905	0.5
7.586456353578544	0.5
7.58874338498124	0.5
7.591043503363965	0.5
7.593359681388754	0.5
7.595670062505841	0.5
7.597965253937252	0.5
7.600258552300541	0.5
7.6025604942499045	0.5
7.604878180569077	0.5
7.60720914192104	0.5
7.609522053963102	0.5
7.611831196297055	0.5
7.614148351354862	0.5
7.61647845743377	0.5
7.618806333193648	0.5
7.621119905749926	0.5
7.623432978450513	0.5
7.625755028305491	0.5
7.628080917445368	0.5
7.630400475452526	0.5
7.632709472401451	0.5
7.635016566512857	0.5
7.637332584172415	0.5
7.639656211891085	0.5
7.641970356264363	0.5
7.644282504171731	0.5
7.646597623439977	0.5
7.648922643593244	0.5
7.65124269491988	0.5
7.653559239047589	0.5
7.655874831938732	0.5
7.658187468373826	0.5
7.660484236823892	0.5
7.662795661405947	0.5
7.665110892335625	0.5
7.667407128174256	0.5
7.669700057046836	0.5
7.672000665286529	0.5
7.674301763174155	0.5
7.676596944206838	0.5
7.678906281649562	0.5
7.681212730752097	0.5
7.683523368863681	0.5
7.68582149316084	0.5
7.688117003814517	0.5
7.690427002084711	0.5
7.6927560423858266	0.5
7.695089259381743	0.5
7.697406778727152	0.5
7.699723996073535	0.5
7.702052653805586	0.5
7.7043959264235	0.5
7.706751285017043	0.5
7.7090868651628295	0.5
7.711414976615297	0.5
7.713749401766787	0.5
7.716099355997382	0.5
7.718464966911239	0.5
7.720826069976241	0.5
7.7231746419591545	0.5
7.72552285397969	0.5
7.727879845433109	0.5
7.730248689442641	0.5
7.732614769151132	0.5
7.734970634115345	0.5
7.737324371190619	0.5
7.7396856948338755	0.5
7.7420589255244945	0.5
7.7444334985060825	0.5
7.746793658019836	0.5
7.749151617097288	0.5
7.751517193836307	0.5
7.753893388651673	0.5
7.75626488920224	0.5
7.758637965735775	0.5
7.761003269624089	0.5
7.763372422334588	0.5
7.765751886145114	0.5
7.768132637284468	0.5
7.770501403460668	0.5
7.772867884426473	0.5
7.775241179362109	0.5
7.777618470144909	0.5
7.779992932458015	0.5
7.782369011804748	0.5
7.78474575234959	0.5
7.787115338246016	0.5
7.78949198244383	0.5
7.791879830145391	0.5
7.794251695824026	0.5
7.7966168463872165	0.5
7.798990556638929	0.5
7.8013678713494565	0.5
7.8037359142540605	0.5
7.806115783659002	0.5
7.808492073421048	0.5
7.810871778518727	0.5
7.813241722238153	0.5
7.815607585334298	0.5
7.817988116998634	0.5
7.8203851853087825	0.5
7.82277735531828	0.5
7.825165638121431	0.5
7.827538965451985	0.5
7.829917481124285	0.5
7.832310896096541	0.5
7.834718409364495	0.5
7.837118008082065	0.5
7.839507346128497	0.5
7.841900931556156	0.5
7.844308384593048	0.5
7.846729811606838	0.5
7.849147576903251	0.5
7.851550115640736	0.5
7.8539525651727855	0.5
7.8563652198832665	0.5
7.858791258117096	0.5
7.861223871970991	0.5
7.863643800612394	0.5
7.866059037301063	0.5
7.868477594741402	0.5
7.870906349196533	0.5
7.873344351001527	0.5
7.875779656496307	0.5
7.878207487789076	0.5
7.880636653059538	0.5
7.883071561630777	0.5
7.885514530210907	0.5
7.887952696781393	0.5
7.890389835413424	0.5
7.892825950391091	0.5
7.895270087313463	0.5
7.897720965870005	0.5
7.900165418083313	0.5
7.902601358098161	0.5
7.905039439040681	0.5
7.907484495249315	0.5
7.909930158177212	0.5
7.912373147926808	0.5
7.914818068486391	0.5
7.9172656100505	0.5
7.919711442734863	0.5
7.922168010033011	0.5
7.924631997539146	0.5
7.9270886833477325	0.5
7.929543356979847	0.5
7.931997365394916	0.5
7.9344514855482355	0.5
7.936913780031726	0.5
7.939371075840334	0.5
7.941831044976708	0.5
7.944293846860867	0.5
7.946744265353867	0.5
7.949203863833203	0.5
7.9516789489798745	0.5
7.954147966473313	0.5
7.9566157580284935	0.5
7.9590697802263985	0.5
7.961520483359169	0.5
7.963983568039672	0.5
7.966462993555238	0.5
7.968952056323484	0.5
7.971424239181916	0.5
7.973893547154933	0.5
7.976370196416593	0.5
7.978862650292987	0.5
7.981369120522364	0.5
7.983861594165997	0.5
7.9863448650460915	0.5
7.988832804829903	0.5
7.991331837871165	0.5
7.993841748731579	0.5
7.996354324558409	0.5
7.998858359110185	0.5
8.0013578138645	0.5
8.003862941422907	0.5
8.006376583235737	0.5
8.00888702522141	0.5
8.01139911008883	0.5
8.013909698937718	0.5
8.01642264456026	0.5
8.018942034313232	0.5
8.02146574076227	0.5
8.023983066408409	0.5
8.026502632994458	0.5
8.029022494555031	0.5
8.031551212286324	0.5
8.034088693637155	0.5
8.036621674538798	0.5
8.039149784401538	0.5
8.041679994352474	0.5
8.044214832448944	0.5
8.04675209081446	0.5
8.049287841128205	0.5
8.051825739830882	0.5
8.054366602742482	0.5
8.056906525342661	0.5
8.059456894648084	0.5
8.062019661158365	0.5
8.064582281302886	0.5
8.067135522384886	0.5
8.069686091230736	0.5
8.072243072247398	0.5
8.074808684202653	0.5
8.077369877531073	0.5
8.079933063731037	0.5
8.082495024630898	0.5
8.085055927882227	0.5
8.087627847096357	0.5
8.090204729981803	0.5
8.092782010973798	0.5
8.09535750010001	0.5
8.097923211789656	0.5
8.100488926246664	0.5
8.103068221363586	0.5
8.10566259326023	0.5
8.108259443696788	0.5
8.11084361781601	0.5
8.11342707301124	0.5
8.116022191578852	0.5
8.118630673256767	0.5
8.121238107041425	0.5
8.123840784621557	0.5
8.126437771578313	0.5
8.129033686847814	0.5
8.131629497021953	0.5
8.134228240100748	0.5
8.136830727875823	0.5
8.139428076204057	0.5
8.14202294899646	0.5
8.144615689778732	0.5
8.14721073613595	0.5
8.149805034252873	0.5
8.152395312785039	0.5
8.154982642873225	0.5
8.157562092253064	0.5
8.160144618261144	0.5
8.162739588302244	0.5
8.165340582115489	0.5
8.167941297705722	0.5
8.170542927730585	0.5
8.173143436757007	0.5
8.175743676705832	0.5
8.178343340657383	0.5
8.180942482391274	0.5
8.183540962933304	0.5
8.186138626918924	0.5
8.188735296307481	0.5
8.191330700474131	0.5
8.193924677095728	0.5
8.196517303780142	0.5
8.199108431960939	0.5
8.201696642096211	0.5
8.204282071549352	0.5
8.206868191745048	0.5
8.20945614748102	0.5
8.212043395433122	0.5
8.214629842110105	0.5
8.217215213211919	0.5
8.219798725930618	0.5
8.222383416279726	0.5
8.224967149757997	0.5
8.22754721633488	0.5
8.230124278920519	0.5
8.232693710100934	0.5
8.235266106261928	0.5
8.237845198018702	0.5
8.240426532331137	0.5
8.243007006881456	0.5
8.24558658229923	0.5
8.248165670559809	0.5
8.250744806779602	0.5
8.253323451189324	0.5
8.255901385697802	0.5
8.258478546738313	0.5
8.261054953910277	0.5
8.263630850350776	0.5
8.266206787403007	0.5
8.268782663707032	0.5
8.271357739244394	0.5
8.273930950693773	0.5
8.27650093789988	0.5
8.279069339009494	0.5
8.281638325181175	0.5
8.284209873116925	0.5
8.286785372890302	0.5
8.28936362654973	0.5
8.291939882136054	0.5
8.29451170953372	0.5
8.297082433518668	0.5
8.299655569422395	0.5
8.302230046916147	0.5
8.304799559716685	0.5
8.307366905978888	0.5
8.309928151445062	0.5
8.312487691796797	0.5
8.31505651498856	0.5
8.317637919824852	0.5
8.32022107633881	0.5
8.32280503316147	0.5
8.325391392446235	0.5
8.327978029464786	0.5
8.330565558522466	0.5
8.333154847848151	0.5
8.335744440639806	0.5
8.338334444545609	0.5
8.340924973951628	0.5
8.343514289511884	0.5
8.346103097517775	0.5
8.348693827062412	0.5
8.351286941696177	0.5
8.35387933762023	0.5
8.356469622927168	0.5
8.359058418350552	0.5
8.361647325821219	0.5
8.364238386013024	0.5
8.366832417672365	0.5
8.369427293791844	0.5
8.372021034786671	0.5
8.374612637330953	0.5
8.37720350860747	0.5
8.379794869596745	0.5
8.382388991371393	0.5
8.384981039356129	0.5
8.387569827384338	0.5
8.390157068337192	0.5
8.392745755635717	0.5
8.395335897500084	0.5
8.397931298972612	0.5
8.400531208412863	0.5
8.4031325978764	0.5
8.40573418170979	0.5
8.408336393184776	0.5
8.410939441275413	0.5
8.413542732370674	0.5
8.41614635711445	0.5
8.418750390761721	0.5
8.42135501281161	0.5
8.423960756957943	0.5
8.42656838769604	0.5
8.429176841190856	0.5
8.431784401002187	0.5
8.434391829861237	0.5
8.43700019094624	0.5
8.439610602049074	0.5
8.442221384898675	0.5
8.44483254523862	0.5
8.447445281032222	0.5
8.450057565335152	0.5
8.452671310539918	0.5
8.455289213534368	0.5
8.457906292124381	0.5
8.460519797073058	0.5
8.463132354961642	0.5
8.46574937297736	0.5
8.468369831922487	0.5
8.470984946796971	0.5
8.473597875447465	0.5
8.476209406154682	0.5
8.478818096848817	0.5
8.481433800374832	0.5
8.484062066844594	0.5
8.486693543384478	0.5
8.489327563472118	0.5
8.491963024162887	0.5
8.494599177452661	0.5
8.49723528611935	0.5
8.499874052305069	0.5
8.502517724627321	0.5
8.505163774688416	0.5
8.507809473292745	0.5
8.510454017905152	0.5
8.513097580303828	0.5
8.515741017460774	0.5
8.518386487033872	0.5
8.521035287144677	0.5
8.523685085208376	0.5
8.526336333267059	0.5
8.528986560215095	0.5
8.531636718916713	0.5
8.534288503619338	0.5
8.536942591558464	0.5
8.539598648306866	0.5
8.54225703175242	0.5
8.544916448022947	0.5
8.547574644787682	0.5
8.55023387080375	0.5
8.552895577761975	0.5
8.555557558962876	0.5
8.558219534120486	0.5
8.56087955201257	0.5
8.563538570406271	0.5
8.566199620098503	0.5
8.568864021865037	0.5
8.571532055815966	0.5
8.574202358705753	0.5
8.576873572924557	0.5
8.579545159983889	0.5
8.58221758346505	0.5
8.584891548980192	0.5
8.587567689599004	0.5
8.590246339056652	0.5
8.592926600392827	0.5
8.595607661100274	0.5
8.598289866369115	0.5
8.600974025141353	0.5
8.603661158781886	0.5
8.606350605437573	0.5
8.609039680551774	0.5
8.611729070869867	0.5
8.614419003618474	0.5
8.617109298753158	0.5
8.619800942891594	0.5
8.622493360914898	0.5
8.62518585452878	0.5
8.627879435897938	0.5
8.630574890585436	0.5
8.633272590747607	0.5
8.635968479149527	0.5
8.638661080185793	0.5
8.641352966254715	0.5
8.644049306122605	0.5
8.64675254394306	0.5
8.649451810197021	0.5
8.65214852152433	0.5
8.65484499181956	0.5
8.657539383991011	0.5
8.660238305781556	0.5
8.662948321589026	0.5
8.6656631700916	0.5
8.668380617260972	0.5
8.6711004513119	0.5
8.67382257839386	0.5
8.676542739888408	0.5
8.679262533633233	0.5
8.681985521602614	0.5
8.684713766373521	0.5
8.687442880025138	0.5
8.690171623910057	0.5
8.692899415448629	0.5
8.695626503993196	0.5
8.698353820358696	0.5
8.701083452820432	0.5
8.703816700222285	0.5
8.706551162827097	0.5
8.709287894257868	0.5
8.712027655442236	0.5
8.714768732084579	0.5
8.717510499706593	0.5
8.720253361448957	0.5
8.722998110496448	0.5
8.725745146868489	0.5
8.72849361902038	0.5
8.731242302675962	0.5
8.73399160209561	0.5
8.736742296619756	0.5
8.739494913158724	0.5
8.742249415242942	0.5
8.745004061347718	0.5
8.747756423917414	0.5
8.750508652159384	0.5
8.753264138927877	0.5
8.75602458166832	0.5
8.758787452985352	0.5
8.76155311663896	0.5
8.764321249080062	0.5
8.767090138572346	0.5
8.769860255855336	0.5
8.772631564074372	0.5
8.775402463480875	0.5
8.778172979870284	0.5
8.780943196569378	0.5
8.783713245181337	0.5
8.786483291211196	0.5
8.789253516637789	0.5
8.792024101732677	0.5
8.794795208333937	0.5
8.797566966400746	0.5
8.800339465076476	0.5
8.803112748771495	0.5
8.805886753488087	0.5
8.808660972295904	0.5
8.811434782742156	0.5
8.814208262879237	0.5
8.816981497833	0.5
8.819754579934362	0.5
8.822527607285146	0.5
8.82530058901952	0.5
8.828072998706082	0.5
8.830844327130036	0.5
8.83361460421274	0.5
8.836383851177601	0.5
8.83915207991772	0.5
8.841919258963653	0.5
8.844685201295585	0.5
8.847450026706072	0.5
8.850213970173167	0.5
8.852977114090807	0.5
8.855739253849396	0.5
8.858500409240417	0.5
8.861260607886766	0.5
8.864019884052567	0.5
8.866778253317682	0.5
8.869535598921564	0.5
8.87229184782292	0.5
8.87504717308976	0.5
8.877801585833192	0.5
8.88055514747458	0.5
8.883307977427274	0.5
8.886060121806427	0.5
8.888811507420064	0.5
8.891561795832809	0.5
8.894310781505377	0.5
8.897058240738788	0.5
8.899804083885325	0.5
8.90254831730121	0.5
8.905291047811547	0.5
8.908032469782007	0.5
8.910772837415495	0.5
8.913512427564376	0.5
8.91625149991829	0.5
8.918990141753165	0.5
8.921727762649194	0.5
8.924464187335692	0.5
8.927199410755321	0.5
8.929933427023805	0.5
8.932666238663808	0.5
8.935397864631598	0.5
8.938128345698114	0.5
8.940857746318976	0.5
8.943586152683118	0.5
8.946313667079187	0.5
8.949040399055717	0.5
8.951766454125869	0.5
8.954491921043717	0.5
8.957216858987326	0.5
8.959941286292121	0.5
8.96266517258891	0.5
8.965388436175369	0.5
8.9681109371831	0.5
8.970832450335996	0.5
8.973552809385739	0.5
8.976271893397834	0.5
8.978989613588615	0.5
8.981705879386826	0.5
8.984420587386403	0.5
8.987133776747005	0.5
8.989845552614133	0.5
8.992556069681216	0.5
8.995265507373748	0.5
8.997974040731162	0.5
9.000681811989494	0.5
9.003388907899252	0.5
9.006095346912465	0.5
9.008801078662412	0.5
9.01150599591475	0.5
9.01420995679764	0.5
9.016912813102083	0.5
9.019614439233546	0.5
9.022314756290758	0.5
9.025013746794956	0.5
9.027711457562656	0.5
9.030407990660054	0.5
9.03310348475784	0.5
9.035798084889507	0.5
9.038491849757843	0.5
9.041184641973025	0.5
9.043876625257488	0.5
9.046567938877976	0.5
9.049258686726692	0.5
9.051948935253165	0.5
9.05463871970933	0.5
9.057328056510382	0.5
9.060016950869525	0.5
9.062705380896734	0.5
9.065393391114629	0.5
9.06808114070297	0.5
9.070768768383738	0.5
9.073456304770671	0.5
9.076143862234073	0.5
9.07883154100431	0.5
9.081519414990147	0.5
9.084207520351498	0.5
9.086895790510527	0.5
9.089583733264647	0.5
9.092270640669437	0.5
9.094956423414112	0.5
9.09764109047606	0.5
9.100324686972224	0.5
9.103007291129739	0.5
9.105689006665644	0.5
9.108369952061029	0.5
9.111050239941983	0.5
9.113729919670936	0.5
9.116409013557242	0.5
9.11908764486559	0.5
9.121765902523684	0.5
9.124443839659106	0.5
9.127121478453269	0.5
9.129798747928739	0.5
9.132475102256679	0.5
9.135149790314282	0.5
9.137822771267748	0.5
9.140494095599882	0.5
9.143163896206838	0.5
9.145832368980091	0.5
9.148499746542708	0.5
9.151166269499377	0.5
9.153832159425267	0.5
9.156497597067746	0.5
9.159162708156884	0.5
9.161827558028426	0.5
9.164492155082899	0.5
9.167156461996282	0.5
9.169820412613776	0.5
9.172483841754095	0.5
9.175146173956447	0.5
9.177807399193707	0.5
9.18046768125898	0.5
9.18312718341723	0.5
9.185786048231524	0.5
9.188444381186127	0.5
9.191102240631096	0.5
9.193759625751758	0.5
9.196416467268532	0.5
9.199072801058284	0.5
9.201728494626032	0.5
9.204383474267399	0.5
9.207037689235198	0.5
9.209691123809078	0.5
9.21234380370726	0.5
9.214995795200409	0.5
9.21764719723116	0.5
9.220298128052228	0.5
9.222948708859336	0.5
9.225599047080845	0.5
9.228249189953093	0.5
9.230899016028543	0.5
9.233548623594707	0.5
9.23619808819668	0.5
9.23884745443085	0.5
9.241496733753927	0.5
9.244145892429321	0.5
9.246794803911941	0.5
9.249443452229212	0.5
9.252091884816434	0.5
9.254740181814219	0.5
9.257388413071245	0.5
9.260036487771629	0.5
9.262684227895798	0.5
9.26533121032638	0.5
9.267977498302988	0.5
9.270623207828278	0.5
9.273268474835264	0.5
9.275913355519354	0.5
9.278557822602977	0.5
9.281201550726081	0.5
9.28384467156133	0.5
9.286487223453634	0.5
9.289129291670674	0.5
9.291771085907095	0.5
9.294412811686032	0.5
9.297054642145428	0.5
9.29969669638282	0.5
9.302339027712128	0.5
9.304981623476422	0.5
9.307624381063755	0.5
9.310267032799125	0.5
9.312909695405775	0.5
9.315552447013015	0.5
9.318195062060832	0.5
9.320837542673992	0.5
9.323479978134786	0.5
9.326122527922411	0.5
9.32876540910688	0.5
9.331408874607371	0.5
9.33405318516003	0.5
9.336698578729308	0.5
9.339345241514934	0.5
9.341993284581733	0.5
9.344642716176724	0.5
9.347293239103138	0.5
9.349943887619304	0.5
9.352594751573719	0.5
9.355245953711117	0.5
9.357897637094945	0.5
9.360549949586304	0.5
9.36320302809649	0.5
9.365856857600622	0.5
9.368510756932741	0.5
9.37116457923289	0.5
9.37381843151626	0.5
9.376472454902357	0.5
9.379126840593736	0.5
9.381781781579052	0.5
9.384437449450328	0.5
9.38709397606807	0.5
9.389751442131146	0.5
9.392409873606288	0.5
9.395069245792108	0.5
9.397729493720297	0.5
9.400390526802921	0.5
9.403052245238136	0.5
9.405714555721145	0.5
9.408377384413686	0.5
9.411040670364923	0.5
9.413704280833455	0.5
9.416368016992932	0.5
9.419031712541097	0.5
9.42169538179942	0.5
9.424359117177582	0.5
9.42702309064438	0.5
9.429687545688342	0.5
9.43235277969716	0.5
9.435019118168608	0.5
9.437686662924369	0.5
9.44035441258991	0.5
9.443022387517916	0.5
9.445690706515906	0.5
9.448359538570992	0.5
9.451029079768226	0.5
9.453699523509016	0.5
9.456371029173921	0.5
9.459043694460103	0.5
9.461717535926583	0.5
9.464392480958857	0.5
9.467068372604702	0.5
9.469744986748829	0.5
9.47242205914945	0.5
9.4750993182686	0.5
9.47777651890341	0.5
9.480453471586504	0.5
9.483130063597418	0.5
9.485806269010512	0.5
9.488482147118749	0.5
9.491157779178565	0.5
9.493833048662482	0.5
9.496508099710752	0.5
9.499183109666367	0.5
9.501858253355516	0.5
9.504533690016421	0.5
9.507209552537534	0.5
9.509885940345768	0.5
9.512562916453476	0.5
9.515240489892646	0.5
9.517918525412345	0.5
9.520596869577654	0.5
9.523275637242476	0.5
9.525954907131	0.5
9.528634720200383	0.5
9.53131502808923	0.5
9.533995493040978	0.5
9.536676075790936	0.5
9.539356996533396	0.5
9.542037852958247	0.5
9.544718491975589	0.5
9.54739901155511	0.5
9.55007930214046	0.5
9.552759259902714	0.5
9.555438842537782	0.5
9.558118026780223	0.5
9.56079680962914	0.5
9.563475207962869	0.5
9.566153256449137	0.5
9.568831003870528	0.5
9.571508508201873	0.5
9.574185830973034	0.5
9.576863031594794	0.5
9.57954016237873	0.5
9.582217264911247	0.5
9.584894368235153	0.5
9.587571446276854	0.5
9.590248266355696	0.5
9.592924858374388	0.5
9.595601278700707	0.5
9.598277576334917	0.5
9.600953790346885	0.5
9.603629948833422	0.5
9.606305913903874	0.5
9.608980789741764	0.5
9.611654490575972	0.5
9.614326623376657	0.5
9.616993113305686	0.5
9.619649384064966	0.5
9.622295358430323	0.5
9.62493096417878	0.5
9.627556134223461	0.5
9.63017080672147	0.5
9.63277492515507	0.5
9.635368438386875	0.5
9.637951300689823	0.5
9.640523471753069	0.5
9.643084916665002	0.5
9.645635605874762	0.5
9.64817551513375	0.5
9.650704625418621	0.5
9.653222922837339	0.5
9.655730398519845	0.5
9.658227048494735	0.5
9.6607128735528	0.5
9.663187879099757	0.5
9.66565207499963	0.5
9.668105475409583	0.5
9.670548098607233	0.5
9.672979966811674	0.5
9.675401105999244	0.5
9.67781154571503	0.5
9.680211318881447	0.5
9.68260046160507	0.5
9.684979012982751	0.5
9.687347014908063	0.5
9.689704511879	0.5
9.692051550807916	0.5
9.694388180834569	0.5
9.69671445314302	0.5
9.699030420783048	0.5
9.701336138496648	0.5
9.703631662550169	0.5
9.705917050572541	0.5
9.708192361399929	0.5
9.710457654927085	0.5
9.712712991965585	0.5
9.71495843410906	0.5
9.717194043605547	0.5
9.719419883236993	0.5
9.721636016205894	0.5
9.723842506028939	0.5
9.726039416437466	0.5
9.728226811284637	0.5
9.730404754459473	0.5
9.732573309807423	0.5
9.73473254105725	0.5
9.736882511753862	0.5
9.739023285196774	0.5
9.741154924384047	0.5
9.743277491961381	0.5
9.745391050175929	0.5
9.74749566083426	0.5
9.749591385263953	0.5
9.751678284278555	0.5
9.753756418145523	0.5
9.75582584655608	0.5
9.757886628596452	0.5
9.759938822720322	0.5
9.761982486721877	0.5
9.764017677708749	0.5
9.766044452074269	0.5
9.768062865468561	0.5
9.77007297276802	0.5
9.772074828042738	0.5
9.774068484521491	0.5
9.776053994553932	0.5
9.778031409569708	0.5
9.780000780034248	0.5
9.781962155401006	0.5
9.78391558406039	0.5
9.785861113285968	0.5
9.787798789176724	0.5
9.789728656595361	0.5
9.791650759103277	0.5
9.79356513889263	0.5
9.795471836715786	0.5
9.797370891812536	0.5
9.799262341835297	0.5
9.801146222772775	0.5
9.803022568877271	0.5
9.804891412985645	0.5
9.806752788443374	0.5
9.808606728057397	0.5
9.81045326236561	0.5
9.812292419550438	0.5
9.814124225355899	0.5
9.815948703011461	0.5
9.817765873164582	0.5
9.819575753822466	0.5
9.821378360302246	0.5
9.823173705189294	0.5
9.824961798305123	0.5
9.826742646685421	0.5
9.828516254568381	0.5
9.830282623393506	0.5
9.832041751811008	0.5
9.833793635701895	0.5
9.835538268208937	0.5
9.837275639778566	0.5
9.839005738213386	0.5
9.840728548735136	0.5
9.842444054057866	0.5
9.844152234471002	0.5
9.84585306793199	0.5
9.847546530168133	0.5
9.849232594787058	0.5
9.850911233395212	0.5
9.852582415723614	0.5
9.85424610975997	0.5
9.855902281886951	0.5
9.85755089702603	0.5
9.859191918785625	0.5
9.860825309612473	0.5
9.862451030945069	0.5
9.864069043370149	0.5
9.865679306780759	0.5
9.867281780533588	0.5
9.868876423605087	0.5
9.870463194746009	0.5
9.872042052633695	0.5
9.873612956187253	0.5
9.875175865831324	0.5
9.876730744313345	0.5
9.878277555011673	0.5
9.879816262016664	0.5
9.88134683024475	0.5
9.882869225544104	0.5
9.884383414792284	0.5
9.885889365985934	0.5
9.887387048322157	0.5
9.888876432271314	0.5
9.890357489641199	0.5
9.891830193632636	0.5
9.893294518886663	0.5
9.894750441523547	0.5
9.896197939173925	0.5
9.897636991002376	0.5
9.899067577723859	0.5
9.900489681613502	0.5
9.90190328651023	0.5
9.903308377814765	0.5
9.90470494248249	0.5
9.906092969011631	0.5
9.907472447427754	0.5
9.908843369265474	0.5
9.910205727547547	0.5
9.911559516761521	0.5
9.91290473283482	0.5
9.914241373108963	0.5
9.915569436313445	0.5
9.916888922539677	0.5
9.918199833215454	0.5
9.919502171080248	0.5
9.920795940161796	0.5
9.922081145754253	0.5
9.923357794398223	0.5
9.924625893862771	0.5
9.925885453129775	0.5
9.927136482380314	0.5
9.928378992982905	0.5
9.929612997484394	0.5
9.930838509603367	0.5
9.932055544225596	0.5
9.93326411740139	0.5
9.934464246344842	0.5
9.9356559494348	0.5
9.936839246217332	0.5
9.938014157409498	0.5
9.939180704904128	0.5
9.940338911775386	0.5
9.94148880228484	0.5
9.942630401887731	0.5
9.94376373723931	0.5
9.944888836201024	0.5
9.946005727846087	0.5
9.94711444246431	0.5
9.948215011566042	0.5
9.949307467884921	0.5
9.950391845379169	0.5
9.951468179231219	0.5
9.952536505845705	0.5
9.953596862845673	0.5
9.954649289108836	0.5
9.955693825341788	0.5
9.956730515711573	0.5
9.957759406018113	0.5
9.958780543236555	0.5
9.959793975501906	0.5
9.960799752092434	0.5
9.961797923410579	0.5
9.962788540961267	0.5
9.963771657327861	0.5
9.964747326145819	0.5
9.965715602074107	0.5
9.966676540764407	0.5
9.967630198828124	0.5
9.968576633801437	0.5
9.969515904108373	0.5
9.970448069021874	0.5
9.971373188623033	0.5
9.97229132375869	0.5
9.97320253599743	0.5
9.97410688758415	0.5
9.97500444139324	0.5
9.97589526088065	0.5
9.976779410035164	0.5
9.977656953328935	0.5
9.978527955667836	0.5
9.979392482342691	0.5
9.98025059897823	0.5
9.981102371479343	0.5
9.981947865977942	0.5
9.982787148780584	0.5
9.983620286316356	0.5
9.98444734508484	0.5
9.985268391604311	0.5
9.986083492360267	0.5
9.986892713754424	0.5
9.98769612205423	0.5
9.988493783342957	0.5
9.989285763470706	0.5
9.99007212800629	0.5
9.990852942189937	0.5
9.991628270886892	0.5
9.992398178542018	0.5
9.993162729135465	0.5
9.993921986139448	0.5
9.994676012476262	0.5
9.995424870477628	0.5
9.996168621845205	0.5
9.996907327612323	0.5
9.997641048106988	0.5
9.998369842916208	0.5
9.999093770851674	0.5
9.999749891796087	0.5
