0.0	0.0
0.0036958973355635063	0.0
0.006812135504977253	0.0
0.009838075165429548	0.0
0.012852441067623729	0.0
0.015843542833633928	0.0
0.018811219093763	0.0
0.02176352354605194	0.0
0.024703393447016626	0.0
0.027631774469753928	0.0
0.030549305594608417	0.0
0.033456852126473736	0.0
0.03635533659025305	0.0
0.039245518529249346	0.0
0.04212804059038581	0.0
0.04500347723270664	0.0
0.04787238468553348	0.0
0.05073533521087011	0.0
0.0535929325110149	0.0
0.0564457947499237	0.0
0.059294549168759175	0.0
0.06213980135980936	0.0
0.06497619886739635	0.0
0.06780267237351176	0.0
0.07062122879867323	0.0
0.07343488895477283	0.0
0.07624493135945487	0.0
0.0790556470927809	0.0
0.08186706952954709	0.0
0.0846796079171502	0.0
0.08749342396825797	0.0
0.0903084437202581	0.0
0.09312443614774853	0.0
0.09594107078558976	0.0
0.09875641148848739	0.0
0.10156889763443087	0.0
0.10437893037001639	0.0
0.10718694628950154	0.0
0.10999339899332602	0.0
0.11279874651909635	0.0
0.11560342804979375	0.0
0.11840784072434812	0.0
0.12121232287815067	0.0
0.12401714660018004	0.0
0.12682127544918237	0.0
0.12962447616885375	0.0
0.13242694671829724	0.0
0.13522883021323248	0.0
0.13802988857990992	0.0
0.14083047658798944	0.0
0.14363093693125245	0.0
0.1464307127323095	0.0
0.14922852052362764	0.0
0.1520247251192617	0.0
0.15481967280571754	0.0
0.1576136860392014	0.0
0.16040705723358678	0.0
0.16320004296136445	0.0
0.1659928595904876	0.0
0.16878568133664176	0.0
0.17157864255355795	0.0
0.17437184142805173	0.0
0.1771653680757002	0.0
0.17995931482741948	0.0
0.18275371936018425	0.0
0.18554857702481478	0.0
0.18834384789724395	0.0
0.19113947437944082	0.0
0.1939353937025495	0.0
0.19673154768684378	0.0
0.19952788851546094	0.0
0.20232438147480808	0.0
0.20512101237734623	0.0
0.2079178044647972	0.0
0.21071481958994276	0.0
0.21351213997872953	0.0
0.21630984126941413	0.0
0.21910800760736138	0.0
0.221905838617574	0.0
0.22470304775936728	0.0
0.2274996318326643	0.0
0.23029563627022864	0.0
0.23309108982926124	0.0
0.23588606880425966	0.0
0.2386806959948339	0.0
0.24147509549917195	0.0
0.24426937358875092	0.0
0.24706347167477416	0.0
0.24985747441835668	0.0
0.2526515574514755	0.0
0.25544598376849936	0.0
0.25824106680442827	0.0
0.2610368144433163	0.0
0.263833452173339	0.0
0.26663043303983763	0.0
0.2694262143516609	0.0
0.2722208894444121	0.0
0.2750148547841042	0.0
0.277808750223901	0.0
0.28060292434773976	0.0
0.2833974673921153	0.0
0.2861928975076757	0.0
0.288989552035833	0.0
0.29178747023731466	0.0
0.2945831831476312	0.0
0.2973766291280202	0.0
0.30016915172403597	0.0
0.302962767410809	0.0
0.30575567783828167	0.0
0.3085487961622879	0.0
0.31134421709155957	0.0
0.31414441524029774	0.0
0.31694400012045865	0.0
0.31974224059093564	0.0
0.3225398819715712	0.0
0.3253380447648904	0.0
0.3281377835360679	0.0
0.3309398188560842	0.0
0.33374236323343354	0.0
0.336545922017443	0.0
0.3393475915846365	0.0
0.3421487981537921	0.0
0.34495096041730017	0.0
0.34775180474948175	0.0
0.3505529352218783	0.0
0.35335653957659297	0.0
0.35616444907050016	0.0
0.3589724549249939	0.0
0.3617801916492054	0.0
0.3645875551528923	0.0
0.3673947260937513	0.0
0.37020328531976987	0.0
0.373010420163352	0.0
0.3758156317207262	0.0
0.378620307324851	0.0
0.3814263669007225	0.0
0.38423276148231866	0.0
0.3870364746897785	0.0
0.3898366597503834	0.0
0.3926343090054172	0.0
0.3954305744767332	0.0
0.3982266109195935	0.0
0.40102238458668105	0.0
0.40381806622191313	0.0
0.40661448122526817	0.0
0.409412730304326	0.0
0.41221413127738	0.0
0.4150201280419886	0.0
0.41782674342157655	0.0
0.42063189425958636	0.0
0.42343661778356645	0.0
0.4262425354715227	0.0
0.4290516896650072	0.0
0.43185822253078726	0.0
0.43466218673721224	0.0
0.4374661172568268	0.0
0.44027276095988904	0.0
0.4430839585556474	0.0
0.44590065491424336	0.0
0.4487173184100238	0.0
0.45153485635792395	0.0
0.45435502368124064	0.0
0.4571805719440529	0.0
0.46000772468772627	0.0
0.46283399054802354	0.0
0.46566196372180857	0.0
0.46849456281714136	0.0
0.47133484223346267	0.0
0.47418561984181673	0.0
0.47704930389216593	0.0
0.479918737764148	0.0
0.48279172058014674	0.0
0.4856703208108217	0.0
0.4885563047316215	0.0
0.49145122190304796	0.0
0.4943564369587075	0.0
0.4972731549437662	0.0
0.5002024243095334	0.0
0.5031336490491076	0.0
0.5060676364378387	0.0
0.5090064048403745	0.0
0.5119518196710997	0.0
0.5149055783679339	0.0
0.517869192146054	0.0
0.5208439721500158	0.0
0.5238310230741476	0.0
0.5268214119011585	0.0
0.5298164362274586	0.0
0.5328180564553904	0.0
0.5358280729771712	0.0
0.5388450083236661	0.0
0.5418622433487802	0.0
0.5448823484996063	0.0
0.5479078787750242	0.0
0.5509412418106097	0.0
0.5539845502663036	0.0
0.5570396315137205	0.0
0.5601080482551232	0.0
0.5631910336197442	0.0
0.5662867565007991	0.0
0.5693929949236296	0.0
0.5725021510533058	0.0
0.5756155837505078	0.0
0.5787345954921866	0.0
0.5818603073805549	0.0
0.5849936186030308	0.0
0.5881351501249943	0.0
0.5912851729109009	0.0
0.5944435296338946	0.0
0.5976095710372789	0.0
0.6007821391898432	0.0
0.6039571400196577	0.0
0.6071333700916195	0.0
0.6103104822071589	0.0
0.6134876411965166	0.0
0.6166636682671097	0.0
0.6198372772626967	0.0
0.6230073598261665	0.0
0.6261732490609465	0.0
0.6293337500054339	0.0
0.6324894439669847	0.0
0.6356415504929234	0.0
0.6387916030865041	0.0
0.6419411745778645	0.0
0.6450916192891737	0.0
0.6482413794244386	0.0
0.6513879583793604	0.0
0.6545329653792001	0.0
0.6576757265364079	0.0
0.6608172084134802	0.0
0.663958324725739	0.0
0.6670995800248507	0.0
0.6702411582730508	0.0
0.673382832476807	0.0
0.676522779603114	0.0
0.679661031189032	0.0
0.6827976241629798	0.0
0.6859327098767171	0.0
0.6890665883115736	0.0
0.692199680690494	0.0
0.6953324650566068	0.0
0.6984648378119713	0.0
0.7015944050848522	0.0
0.7047220062022542	0.0
0.7078483119487455	0.0
0.7109740953127784	0.0
0.7140999363340053	0.0
0.7172262061900887	0.0
0.7203530859780485	0.0
0.7234780642667663	0.0
0.7265996692060157	0.0
0.7297188436374785	0.0
0.7328363103217923	0.0
0.7359526143517479	0.0
0.7390681719244699	0.0
0.7421833144812756	0.0
0.7452983212795581	0.0
0.7484134379826508	0.0
0.7515288827060089	0.0
0.7546431756139457	0.0
0.7577553952654794	0.0
0.7608661135540032	0.0
0.7639758265820664	0.0
0.7670841821089945	0.0
0.7701911093043752	0.0
0.7732971798018017	0.0
0.7764029113663427	0.0
0.7795086911113142	0.0
0.7826132602467422	0.0
0.7857169774255498	0.0
0.788820317751757	0.0
0.7919236538101385	0.0
0.7950272750589971	0.0
0.7981314011730029	0.0
0.801236191004389	0.0
0.8043398185929042	0.0
0.8074420451977774	0.0
0.8105434584137634	0.0
0.8136445429854932	0.0
0.8167456847819073	0.0
0.8198471768543495	0.0
0.8229492284294183	0.0
0.8260519765927163	0.0
0.8291534812395237	0.0
0.832252574173604	0.0
0.8353498696094518	0.0
0.8384458878551605	0.0
0.8415411578468092	0.0
0.8446361205279123	0.0
0.8477311390885246	0.0
0.850826508074262	0.0
0.8539224607678306	0.0
0.8570183133586634	0.0
0.860112533407836	0.0
0.8632056786828822	0.0
0.8662982109212484	0.0
0.8693902382954065	0.0
0.872480886445017	0.0
0.8755707572302686	0.0
0.878660331261122	0.0
0.8817499798928045	0.0
0.8848394320765499	0.0
0.887928221993574	0.0
0.8910168081575393	0.0
0.8941055427970575	0.0
0.8971946865622403	0.0
0.9002844247539606	0.0
0.9033748834093672	0.0
0.9064638873833305	0.0
0.909551801222264	0.0
0.9126391818731933	0.0
0.9157264924206091	0.0
0.9188141092417923	0.0
0.9219023287726966	0.0
0.9249913738624481	0.0
0.9280813998887751	0.0
0.9311712948072014	0.0
0.9342591755366142	0.0
0.9373456051726806	0.0
0.9404311118930362	0.0
0.9435161970613056	0.0
0.9466012701448037	0.0
0.9496866551087475	0.0
0.9527725983256196	0.0
0.955859277567406	0.0
0.9589448127364092	0.0
0.9620292192734149	0.0
0.9651129887271659	0.0
0.9681965408651557	0.0
0.9712788046594645	0.0
0.9743598915358282	0.0
0.9774403508683148	0.0
0.9805206664579097	0.0
0.9836012288162382	0.0
0.9866823435785663	0.0
0.9897629469853773	0.0
0.9928434269067754	0.0
0.9959241451074201	0.0
0.9990053890571906	0.0
1.0020873777846275	0.0
1.0051687970960073	0.0
1.0082490143637566	0.0
1.0113284969988574	0.0
1.0144077694295686	0.0
1.0174872649548672	0.0
1.020567328984197	0.0
1.0236482228862842	0.0
1.0267301289345496	0.0
1.0298131569416433	0.0
1.0328958750293031	0.0
1.0359771470267556	0.0
1.03905745608445	0.0
1.0421372034242198	0.0
1.0452167759431137	0.0
1.0482964851475634	0.0
1.051376581432242	0.0
1.0544572683477036	0.0
1.0575381978960696	0.0
1.0606178617178033	0.0
1.0636966729964294	0.0
1.066775082787048	0.0
1.069853517090772	0.0
1.0729310180106855	0.0
1.076007688958682	0.0
1.0790840249278528	0.0
1.082160477233018	0.0
1.0852374110721779	0.0
1.08831417731155	0.0
1.0913909306533085	0.0
1.0944680232609858	0.0
1.0975456779120294	0.0
1.1006239975093444	0.0
1.1037017267157088	0.0
1.1067782266733903	0.0
1.1098539778599978	0.0
1.1129292282989094	0.0
1.1160042566187698	0.0
1.11907930448833	0.0
1.122154611234683	0.0
1.1252304532539763	0.0
1.1283071711753874	0.0
1.131385180591743	0.0
1.1344612868337594	0.0
1.1375362109635596	0.0
1.1406106587989162	0.0
1.143685374368942	0.0
1.146761200854872	0.0
1.1498389742817323	0.0
1.152918070136464	0.0
1.1559962566771926	0.0
1.159074749935934	0.0
1.1621546324016419	0.0
1.1652359311175036	0.0
1.1683176386855578	0.0
1.1714009383775315	0.0
1.1744868624599687	0.0
1.1775753803316695	0.0
1.180665859594192	0.0
1.183759289501526	0.0
1.1868564515839781	0.0
1.1899579875315198	0.0
1.1930612578577084	0.0
1.196165115568004	0.0
1.1992706945590972	0.0
1.2023789828047868	0.0
1.2054908373729778	0.0
1.208606997679979	0.0
1.2117280573234268	0.0
1.2148544783166444	0.0
1.2179861973525972	0.0
1.2211182509265484	0.0
1.2242517246559128	0.0
1.2273875843247761	0.0
1.2305266824884231	0.0
1.2336697654573792	0.0
1.2368174807497292	0.0
1.2399703613334598	0.0
1.243128785315961	0.0
1.2462883374424598	0.0
1.2494499604418496	0.0
1.2526145493782617	0.0
1.2557828918804022	0.0
1.2589556737019887	0.0
1.262131137486425	0.0
1.2653096709813358	0.0
1.2684920280788787	0.0
1.271678849386475	0.0
1.2748696356956344	0.0
1.2780634750797066	0.0
1.2812611040170383	0.0
1.2844631662281947	0.0
1.2876702168037826	0.0
1.290882691378146	0.0
1.294096966378622	0.0
1.2973126783512288	0.0
1.3005307144644116	0.0
1.3037518736401825	0.0
1.306976869723828	0.0
1.3102063352137054	0.0
1.3134408253309378	0.0
1.3166807703985992	0.0
1.3199265093433437	0.0
1.3231752870425377	0.0
1.3264250456525264	0.0
1.3296766590226214	0.0
1.3329309179555042	0.0
1.3361885335097778	0.0
1.3394501409288757	0.0
1.3427163040774817	0.0
1.3459875202275104	0.0
1.3492642250119216	0.0
1.3525432765387881	0.0
1.3558242761347221	0.0
1.3591080137830207	0.0
1.3623951924821576	0.0
1.3656864315019999	0.0
1.368981405262854	0.0
1.372278875060235	0.0
1.375579556090914	0.0
1.3788840897940333	0.0
1.382193045767694	0.0
1.3855054192404173	0.0
1.3888208817377359	0.0
1.3921400593115005	0.0
1.3954635066794912	0.0
1.3987917100662672	0.0
1.4021250909709253	0.0
1.4054606320931011	0.0
1.4087974929238656	0.0
1.4121364577048734	0.0
1.4154782440967169	0.0
1.4188235037466155	0.0
1.4221728232199637	0.0
1.4255267253768578	0.0
1.428885671252692	0.0
1.4322500624740935	0.0
1.4356192719580598	0.0
1.4389889645833118	0.0
1.4423599381176466	0.0
1.4457329303396256	0.0
1.449108620485328	0.0
1.4524876308363628	0.0
1.4558705284289464	0.0
1.4592578268692942	0.0
1.4626499882456427	0.0
1.4660474251321138	0.0
1.4694473925294202	0.0
1.472849262974691	0.0
1.4762537040369919	0.0
1.4796613198433277	0.0
1.4830726541674626	0.0
1.486487777565544	0.0
1.4899052230230634	0.0
1.4933256555707468	0.0
1.4967496785381453	0.0
1.500177832104888	0.0
1.5036100427057564	0.0
1.5070449352217716	0.0
1.5104830725404281	0.0
1.5139249669571928	0.0
1.5173710823787598	0.0
1.5208218367839672	0.0
1.5242776048834856	0.0
1.5277347567655961	0.0
1.5311936088371354	0.0
1.5346548146695083	0.0
1.5381189742416461	0.0
1.5415866344382114	0.0
1.5450582899652112	0.0
1.5485343847264779	0.0
1.552015313681067	0.0
1.5555014251754502	0.0
1.55899207937681	0.0
1.5624834025698051	0.0
1.5659760859698098	0.0
1.5694707763920175	0.0
1.572968076593094	0.0
1.5764685455961192	0.0
1.579972699045233	0.0
1.5834810096457648	0.0
1.5869939077493997	0.0
1.590511782141608	0.0
1.5940343614473476	0.0
1.5975586328551348	0.0
1.6010851830165516	0.0
1.6046145535227265	0.0
1.6081472428805192	0.0
1.6116837084415396	0.0
1.615224071639136	0.0
1.6187670551282516	0.0
1.6223131841890477	0.0
1.6258629338185344	0.0
1.6294167297351299	0.0
1.6329739292927805	0.0
1.6365338400620066	0.0
1.640096941746923	0.0
1.6436636795005939	0.0
1.647234465176025	0.0
1.6508096784340593	0.0
1.6543896633682371	0.0
1.6579726953716234	0.0
1.6615574765285266	0.0
1.6651445521724657	0.0
1.6687344245849458	0.0
1.6723275539571356	0.0
1.6759243597265872	0.0
1.6795252222811408	0.0
1.6831304850063167	0.0
1.68674045663563	0.0
1.6903554072085236	0.0
1.693972944832424	0.0
1.6975916367180106	0.0
1.7012120580864916	0.0
1.7048347497906056	0.0
1.7084602177151624	0.0
1.712088932287047	0.0
1.7157213281938641	0.0
1.7193578044006086	0.0
1.7229987245341356	0.0
1.7266444176774665	0.0
1.7302951494991536	0.0
1.7339476145468002	0.0
1.7376023063629338	0.0
1.7412596871327273	0.0
1.7449201878262537	0.0
1.7485842081329572	0.0
1.7522521163252964	0.0
1.7559233049358798	0.0
1.759597314295658	0.0
1.7632745275271642	0.0
1.7669552968997984	0.0
1.7706399473631218	0.0
1.7743270557161182	0.0
1.7780170166379758	0.0
1.7817102419109274	0.0
1.7854071174771093	0.0
1.7891080030172017	0.0
1.7928132315404535	0.0
1.796523109058277	0.0
1.800236513747259	0.0
1.8039518053440078	0.0
1.8076694092064642	0.0
1.8113897184827326	0.0
1.8151130959729989	0.0
1.818839876280896	0.0
1.822570368184763	0.0
1.8263048571367513	0.0
1.830043607779606	0.0
1.8337868663605037	0.0
1.8375343841491443	0.0
1.841283137818566	0.0
1.845033620254019	0.0
1.848786293455215	0.0
1.852541588013257	0.0
1.8562999031149858	0.0
1.8600616070998301	0.0
1.8638270385399305	0.0
1.867596507761662	0.0
1.8713702986823757	0.0
1.875148670806301	0.0
1.8789316835478873	0.0
1.8827166068720216	0.0
1.8865038425004736	0.0
1.8902937625948908	0.0
1.894086709658129	0.0
1.897882997233255	0.0
1.9016829114351421	0.0
1.9054859705455822	0.0
1.9092915743691434	0.0
1.913100070183786	0.0
1.9169117937725746	0.0
1.9207270455211722	0.0
1.9245459544250456	0.0
1.9283676493118143	0.0
1.9321924913501476	0.0
1.9360208156029015	0.0
1.939852930475409	0.0
1.9436891174163062	0.0
1.9475296308932422	0.0
1.9513746986765248	0.0
1.9552224936489837	0.0
1.9590721634700585	0.0
1.962924039578292	0.0
1.9667784401499655	0.0
1.970635672126686	0.0
1.9744960327134167	0.0
1.9783598102452098	0.0
1.9822272843767486	0.0
1.9860987256141092	0.0
1.9899743942755506	0.0
1.9938545390293558	0.0
1.9977382831637298	0.0
2.0016238619019937	0.0
2.005511631993388	0.0
2.0094019290063736	0.0
2.013295069282548	0.0
2.017191351506831	0.0
2.0210910577450067	0.0
2.02499445388632	0.0
2.028901789524481	0.0
2.0328132974010718	0.0
2.0367291926073716	0.0
2.040649257954064	0.0
2.0445712911655542	0.0
2.0484955841930277	0.0
2.052422417669796	0.0
2.0563520643766036	0.0
2.060284791880483	0.0
2.064220521265406	0.0
2.068158577429999	0.0
2.0720993106232544	0.0
2.076043048008861	0.0
2.0799900923525656	0.0
2.083940721497534	0.0
2.0878951884964843	0.0
2.091853722232238	0.0
2.095816528386056	0.0
2.0997830331930807	0.0
2.1037530495033603	0.0
2.1077267641222504	0.0
2.1117043413239536	0.0
2.1156859252178566	0.0
2.1196694490661656	0.0
2.1236547196478073	0.0
2.1276421098125233	0.0
2.131631988271482	0.0
2.13562471602086	0.0
2.139620642447697	0.0
2.1436201015050895	0.0
2.147623408315326	0.0
2.151630856487707	0.0
2.155642716332953	0.0
2.1596592340322984	0.0
2.163679254705735	0.0
2.1677003607010055	0.0
2.1717228741058	0.0
2.175747111472596	0.0
2.1797733815461253	0.0
2.183801983578967	0.0
2.1878332067356245	0.0
2.1918673288897037	0.0
2.195904614844001	0.0
2.1999453163789706	0.0
2.2039896729412884	0.0
2.2080379186431798	0.0
2.2120903696655994	0.0
2.2161473988603793	0.0
2.2202093512086787	0.0
2.224276531443712	0.0
2.2283452555279597	0.0
2.2324150357259165	0.0
2.2364862329639834	0.0
2.240559262026647	0.0
2.244634569689896	0.0
2.248712615288481	0.0
2.2527938541054366	0.0
2.256878723637187	0.0
2.2609676190617582	0.0
2.2650608717307286	0.0
2.2691544236001873	0.0
2.273249615070111	0.0
2.2773494561971392	0.0
2.2814538490631575	0.0
2.285560283489193	0.0
2.2896697350859934	0.0
2.2937815282981755	0.0
2.2978945291505553	0.0
2.3020084542215176	0.0
2.306126163224252	0.0
2.310207898282808	0.0
2.3142161128644814	0.0
2.317938912345695	0.0
2.32152225977728	0.0
2.325072135606237	0.0
2.3286085974650694	0.0
2.332023297106777	0.0
2.3354170131752863	0.0
2.338813113863116	0.0
2.342112440057994	0.0
2.3453620721843262	0.0
2.348572546027652	0.0
2.3518181392076807	0.0
2.3550717684957947	0.0
2.3582538672059195	0.0
2.3614031095019725	0.0
2.364543728096822	0.0
2.3676964673917182	0.0
2.3707648928370326	0.0
2.3738376368893563	0.0
2.376891131084797	0.0
2.3799231760403226	0.0
2.3829245119861904	0.0
2.3859115338162478	0.0
2.3889030188527896	0.0
2.391881982219941	0.0
2.3948277634605675	0.0
2.3977732696381957	0.0
2.4007310918088836	0.0
2.4037092080651448	0.0
2.406710034508069	0.0
2.409678545260314	0.0
2.4126314803201505	0.0
2.4155833245020233	0.0
2.4185442208461585	0.0
2.4214888721545513	0.0
2.4244304110749413	0.0
2.4273676522631176	0.0
2.430301018310087	0.0
2.4332130461464283	0.0
2.436130757969192	0.0
2.4390573006829412	0.0
2.4419665005354854	0.0
2.4448704958210112	0.0
2.4477790479519212	0.0
2.4506974996362896	0.0
2.45363061447639	0.0
2.456542751714267	0.0
2.4594467174334076	0.0
2.4623532675333646	0.0
2.4652708128579643	0.0
2.4681778907759986	0.0
2.471084578496407	0.0
2.473991358698131	0.0
2.4768870881680116	0.0
2.4797765010737947	0.0
2.4826804682565515	0.0
2.4855737848688384	0.0
2.488461092237063	0.0
2.4913513765006767	0.0
2.494246436222957	0.0
2.4971528948280928	0.0
2.5000622084239303	0.0
2.502959170917961	0.0
2.5058554505674566	0.0
2.508757935579227	0.0
2.511665156205056	0.0
2.5145700139986786	0.0
2.5174768707205524	0.0
2.520385648239849	0.0
2.5232798558903573	0.0
2.526180158632896	0.0
2.5290835052679936	0.0
2.5319879307575635	0.0
2.534889756609362	0.0
2.537794127313954	0.0
2.5407063132616328	0.0
2.5436312646180532	0.0
2.5465538471263525	0.0
2.5494707078061336	0.0
2.552389141079468	0.0
2.5553171216023784	0.0
2.558248343953374	0.0
2.5611785775094678	0.0
2.5641130625197044	0.0
2.5670412908133056	0.0
2.5699643554428935	0.0
2.5728939806527342	0.0
2.5758265756918988	0.0
2.578753890704254	0.0
2.581683009400747	0.0
2.584616764467157	0.0
2.587561109400574	0.0
2.590517262924434	0.0
2.5934596844205937	0.0
2.5964004533401037	0.0
2.5993475450991403	0.0
2.6023044598886766	0.0
2.605258812680539	0.0
2.6082160060737545	0.0
2.611176924788904	0.0
2.6141229429814548	0.0
2.617075428615847	0.0
2.6200299178501956	0.0
2.622984433183828	0.0
2.625933872392705	0.0
2.6288859893091994	0.0
2.6318465936415443	0.0
2.634820677955219	0.0
2.637790445630608	0.0
2.6407531469500873	0.0
2.6437174435898774	0.0
2.646693131691224	0.0
2.6496717156488114	0.0
2.6526494877734508	0.0
2.6556322886073485	0.0
2.6586071327240117	0.0
2.6615766351706123	0.0
2.664555669480833	0.0
2.667528303384291	0.0
2.6704954750819505	0.0
2.6734663244210735	0.0
2.6764451042683968	0.0
2.6794350054615506	0.0
2.6824322217790906	0.0
2.685415999104689	0.0
2.6883983739883077	0.0
2.691388673505888	0.0
2.6943851878868337	0.0
2.6973799084572456	0.0
2.700379985989241	0.0
2.703384820025002	0.0
2.7063715766942056	0.0
2.7093672313161092	0.0
2.712367375979594	0.0
2.7153626922974623	0.0
2.7183534279269055	0.0
2.7213473232814556	0.0
2.7243503248924053	0.0
2.7273673050366396	0.0
2.73037446176337	0.0
2.7333748588384594	0.0
2.7363774082563337	0.0
2.7393909173379765	0.0
2.742402938448461	0.0
2.7454143530304997	0.0
2.7484302941016434	0.0
2.751441614340344	0.0
2.7544423994948684	0.0
2.7574559364233733	0.0
2.7604615625692928	0.0
2.7634614463955667	0.0
2.7664641406343313	0.0
2.7694721249186647	0.0
2.7724919284311937	0.0
2.775511828916116	0.0
2.778519856632354	0.0
2.7815257800357074	0.0
2.7845396750038085	0.0
2.7875562571096877	0.0
2.790568654722873	0.0
2.7935853236854773	0.0
2.7966040707172963	0.0
2.799605776075144	0.0
2.802615041383352	0.0
2.805628671246711	0.0
2.8086360779303625	0.0
2.811639191861727	0.0
2.814644490545395	0.0
2.8176597561345536	0.0
2.820688433781744	0.0
2.823699538755562	0.0
2.8267053684350865	0.0
2.8297146151392916	0.0
2.8327306288637506	0.0
2.8357419335541447	0.0
2.8387555581668886	0.0
2.8417701668380517	0.0
2.8447694751051285	0.0
2.847771716295959	0.0
2.8507825822934665	0.0
2.853787601344505	0.0
2.856785713864274	0.0
2.859784361442859	0.0
2.8627908840000784	0.0
2.8658102390021094	0.0
2.868819211252692	0.0
2.8718196669451808	0.0
2.874821793795095	0.0
2.877833810597423	0.0
2.8808434966331373	0.0
2.8838518513929747	0.0
2.886863024624296	0.0
2.889869287677797	0.0
2.8928648822020175	0.0
2.895875636854326	0.0
2.8988791602985984	0.0
2.9018760399601007	0.0
2.90487212290998	0.0
2.9078735542345218	0.0
2.9108870361950485	0.0
2.913897928969773	0.0
2.9168974633713516	0.0
2.9198961138727375	0.0
2.9229045909203544	0.0
2.9259132830973593	0.0
2.928919355960231	0.0
2.9319289569780156	0.0
2.9349335240188377	0.0
2.9379277628665945	0.0
2.9409326198450025	0.0
2.9439373073719723	0.0
2.94693356909433	0.0
2.949929193804848	0.0
2.9529285016642612	0.0
2.9559387510342567	0.0
2.958953540962747	0.0
2.96195409631516	0.0
2.9649516697733884	0.0
2.967956484669026	0.0
2.9709680641924336	0.0
2.9739750272456034	0.0
2.976984810837766	0.0
2.979997018879824	0.0
2.9829942941242744	0.0
2.985998098438968	0.0
2.9890044087405596	0.0
2.9920077748684557	0.0
2.9950072192688166	0.0
2.998009071014808	0.0
3.00102115517596	0.0
3.004045061634939	0.0
3.007052173083174	0.0
3.0100538696665327	0.0
3.0130620934705528	0.0
3.0160763568220075	0.0
3.019087385185943	0.0
3.0221020807425285	0.0
3.0251190037025735	0.0
3.0281204651944695	0.0
3.0311258729800103	0.0
3.0341372285315407	0.0
3.037141443413864	0.0
3.040142075320992	0.0
3.0431458773098026	0.0
3.046159301188429	0.0
3.0491861267160947	0.0
3.0522007973558285	0.0
3.055209510219786	0.0
3.058222275104572	0.0
3.061245325886885	0.0
3.064266876420571	0.0
3.0672891411746224	0.0
3.0703146050350534	0.0
3.073326552476363	0.0
3.0763391844424146	0.0
3.079358209482251	0.0
3.082370396584404	0.0
3.0853784676346376	0.0
3.0883895869725904	0.0
3.0914098149558265	0.0
3.094443577701661	0.0
3.097467997683193	0.0
3.1004835304614993	0.0
3.103503049957156	0.0
3.106532954263514	0.0
3.1095608003975888	0.0
3.112589233797924	0.0
3.1156214884761413	0.0
3.118641461730185	0.0
3.1216623758446307	0.0
3.1246900283780583	0.0
3.1277167928390734	0.0
3.1307384725374527	0.0
3.1337602394706643	0.0
3.1367900857814104	0.0
3.1398327279777267	0.0
3.142869086723456	0.0
3.145895988488942	0.0
3.148925634169238	0.0
3.151965661479832	0.0
3.1550044036859637	0.0
3.158043813934582	0.0
3.1610873638244494	0.0
3.164118432396447	0.0
3.1671482537768574	0.0
3.170188844088537	0.0
3.1732186936671805	0.0
3.1762450834509797	0.0
3.179274854914075	0.0
3.1823127955952115	0.0
3.1853630207840564	0.0
3.188407930465666	0.0
3.1914452450611184	0.0
3.19448332620701	0.0
3.1975316547188735	0.0
3.200582149354796	0.0
3.203631800813465	0.0
3.206685647484074	0.0
3.2097291201390976	0.0
3.2127695888193264	0.0
3.215822030242387	0.0
3.2188654065606266	0.0
3.2219037888977344	0.0
3.2249442539863216	0.0
3.227993099947903	0.0
3.231053908101733	0.0
3.234111235485328	0.0
3.2371600315298723	0.0
3.24020873392292	0.0
3.2432677364635474	0.0
3.2463257801404373	0.0
3.249384136834492	0.0
3.2524465840097765	0.0
3.2555043288983745	0.0
3.258554443520525	0.0
3.261617032786754	0.0
3.2646756599182556	0.0
3.2677275608250134	0.0
3.2707795396896673	0.0
3.2738376288762048	0.0
3.2769075429168013	0.0
3.2799766911834976	0.0
3.2830356139996333	0.0
3.2860938558047765	0.0
3.2891617223283425	0.0
3.2922313304028474	0.0
3.2952989181487315	0.0
3.298370501736129	0.0
3.3014328687713186	0.0
3.3044885082341016	0.0
3.307557395700787	0.0
3.310621390943324	0.0
3.313677908019831	0.0
3.316734281432502	0.0
3.3197968891992415	0.0
3.3228711739125054	0.0
3.325944159028412	0.0
3.3290066767500317	0.0
3.332067761974824	0.0
3.335138803113283	0.0
3.3382093860645767	0.0
3.3412785070373348	0.0
3.3443514515850064	0.0
3.3474171575591845	0.0
3.3504743385695748	0.0
3.353545221151922	0.0
3.356612450692415	0.0
3.3596716448592554	0.0
3.362729771588749	0.0
3.365794288372515	0.0
3.3688703240508007	0.0
3.371943398656277	0.0
3.3750051802840835	0.0
3.3780670386264875	0.0
3.3811392238800124	0.0
3.3842093727806852	0.0
3.3872782580937315	0.0
3.3903501146583084	0.0
3.3934119868722252	0.0
3.3964686014492904	0.0
3.399538327125831	0.0
3.402600657801836	0.0
3.405655979188315	0.0
3.4087109588518203	0.0
3.411773431182687	0.0
3.4148474698077513	0.0
3.417915536240202	0.0
3.4209701971154374	0.0
3.4240287658490236	0.0
3.427097511377148	0.0
3.430162720292596	0.0
3.433227807686671	0.0
3.436294971465358	0.0
3.4393514159422858	0.0
3.4424046936143236	0.0
3.4454711686752595	0.0
3.4485267077698083	0.0
3.4515767776305357	0.0
3.454627644064558	0.0
3.457687581882145	0.0
3.4607594719220116	0.0
3.4638209988702573	0.0
3.4668720365734553	0.0
3.4699276083571	0.0
3.47299346593294	0.0
3.476053301696533	0.0
3.4791139397741686	0.0
3.482176021927707	0.0
3.485225405832196	0.0
3.48827483612092	0.0
3.4913342949716726	0.0
3.494380409066153	0.0
3.497423320887784	0.0
3.5004688354558753	0.0
3.503523714650635	0.0
3.5065904437192743	0.0
3.5096435691895596	0.0
3.5126879275333054	0.0
3.5157381430779346	0.0
3.5187976707618924	0.0
3.5218509198556465	0.0
3.5249059800496876	0.0
3.527962186845444	0.0
3.5310044220041825	0.0
3.534048325032958	0.0
3.5371004893849	0.0
3.540142152656838	0.0
3.543180855283861	0.0
3.546221866522074	0.0
3.549271652100841	0.0
3.5523337124333056	0.0
3.5553797645541447	0.0
3.55841991560382	0.0
3.561465064871362	0.0
3.5645195341910676	0.0
3.5675683349068095	0.0
3.570617907164119	0.0
3.573668094298022	0.0
3.576702722943598	0.0
3.5797403182677328	0.0
3.5827859616233817	0.0
3.585826115534942	0.0
3.588864304547546	0.0
3.59190820621603	0.0
3.594962771327923	0.0
3.5980304722591767	0.0
3.6011023453229725	0.0
3.6041767489482748	0.0
3.607253602535768	0.0
3.610333200681068	0.0
3.6134231475991188	0.0
3.616520580682875	0.0
3.619623502492695	0.0
3.6227305277658948	0.0
3.6258428310592197	0.0
3.628961999914127	0.0
3.6320850482061515	0.0
3.635210154261259	0.0
3.638336902750683	0.0
3.641465551800171	0.0
3.644596510177716	0.0
3.6477309579452704	0.0
3.6508726483825966	0.0
3.654022239818182	0.0
3.6571793276788007	0.0
3.6603414771432274	0.0
3.6635079443778054	0.0
3.66667742323122	0.0
3.669849779837138	0.0
3.6730258881963422	0.0
3.676206318466677	0.0
3.6793892378642	0.0
3.682564979587731	0.0
3.6857440187771635	0.0
3.6889350808016865	0.0
3.692133647627917	0.0
3.6953363031644315	0.0
3.6985444751520653	0.0
3.70175858255664	0.0
3.704975097768065	0.0
3.7081932684354753	0.0
3.7114128275618485	0.0
3.7146341766586604	0.0
3.717858282554533	0.0
3.7210884266240067	0.0
3.724327576856734	0.0
3.72757474036835	0.0
3.730826111412051	0.0
3.734080688515231	0.0
3.7373379127900117	0.0
3.7405982175227215	0.0
3.743862724093269	0.0
3.7471308057408703	0.0
3.7503974523305095	0.0
3.753661448076768	0.0
3.756936610401431	0.0
3.7602199965579026	0.0
3.763507336358514	0.0
3.766800065883572	0.0
3.770099572735122	0.0
3.773401404286854	0.0
3.7767045932247196	0.0
3.780009165631078	0.0
3.783315870600615	0.0
3.7866255339227375	0.0
3.789942430643301	0.0
3.7932692959181673	0.0
3.7966031243087857	0.0
3.799941237827333	0.0
3.803282575074526	0.0
3.8066272745322696	0.0
3.8099753840109516	0.0
3.813327097537226	0.0
3.816678031435288	0.0
3.820025973608509	0.0
3.823385137132243	0.0
3.826752995733332	0.0
3.8301246202909143	0.0
3.8335015536896866	0.0
3.8368856315358655	0.0
3.8402719689091147	0.0
3.843659521550618	0.0
3.847048353056035	0.0
3.850439506239056	0.0
3.8538349742609173	0.0
3.8572394912623675	0.0
3.8606540897809354	0.0
3.8640736266900926	0.0
3.8674974733831924	0.0
3.8709241933832876	0.0
3.87435404147692	0.0
3.87778781522267	0.0
3.8812242853089267	0.0
3.884653190378572	0.0
3.8880850685530244	0.0
3.8915300760177995	0.0
3.894983741125915	0.0
3.898442530995409	0.0
3.901908763323199	0.0
3.9053783263574906	0.0
3.908849308285656	0.0
3.912321914308569	0.0
3.9157973290225465	0.0
3.919277836163493	0.0
3.9227681424978726	0.0
3.9262676423217675	0.0
3.929771997903964	0.0
3.9332793290503876	0.0
3.9367901350746886	0.0
3.940304279945	0.0
3.9438233278125603	0.0
3.9473354602786856	0.0
3.9508463187698064	0.0
3.9543724666306863	0.0
3.957907525543035	0.0
3.9614482619457614	0.0
3.964996672963483	0.0
3.968547483988519	0.0
3.9720996263886605	0.0
3.9756532849990482	0.0
3.9792100389229703	0.0
3.982772932776159	0.0
3.9863470295960184	0.0
3.989927790756199	0.0
3.9935134151545397	0.0
3.997103210899793	0.0
4.00069589997632	0.0
4.004291002803426	0.0
4.0078832936838	0.0
4.011467071675789	0.0
4.015067502143395	0.0
4.018678992154164	0.0
4.022298769223268	0.0
4.025924781819425	0.0
4.029559898186483	0.0
4.033196837985348	0.0
4.036835204421605	0.0
4.040475710040454	0.0
4.044121581638837	0.0
4.047777924755797	0.0
4.051445349998274	0.0
4.0551193872746385	0.0
4.058798590318807	0.0
4.062481824356346	0.0
4.066168962336515	0.0
4.069860626103804	0.0
4.073546533954604	0.0
4.077245576544994	0.0
4.0809534584158556	0.0
4.084666725115953	0.0
4.088388358931089	0.0
4.092115901717512	0.0
4.095845044850606	0.0
4.099575892372605	0.0
4.1033106089239775	0.0
4.107054526156377	0.0
4.1108120814208196	0.0
4.114575253044866	0.0
4.11834503284997	0.0
4.1221187408219	0.0
4.125895058531621	0.0
4.129666338663069	0.0
4.13344203763557	0.0
4.137227604387626	0.0
4.141027933892395	0.0
4.144834009636933	0.0
4.148649372911295	0.0
4.15246530071272	0.0
4.156280536812497	0.0
4.160105332300988	0.0
4.163910739469254	0.0
4.167713176391772	0.0
4.171521988995523	0.0
4.175342682103721	0.0
4.179182106854245	0.0
4.182980598134706	0.0
4.186775492087727	0.0
4.1905844216441395	0.0
4.194379831201386	0.0
4.198179393342443	0.0
4.201982607298726	0.0
4.205786959839846	0.0
4.209561943874827	0.0
4.213328391698508	0.0
4.217116671168092	0.0
4.220889007353377	0.0
4.224647158458368	0.0
4.228405789947162	0.0
4.232171908914355	0.0
4.235958684669071	0.0
4.239717364944722	0.0
4.243462102083265	0.0
4.247215050174656	0.0
4.250971278496674	0.0
4.254720701612138	0.0
4.258475234316479	0.0
4.262230367228466	0.0
4.265966252512634	0.0
4.26968102144619	0.0
4.273410988552675	0.0
4.277142856876193	0.0
4.280850408379045	0.0
4.28455655917088	0.0
4.288269680230707	0.0
4.291999182664402	0.0
4.295707527594747	0.0
4.299402004643695	0.0
4.303101341964688	0.0
4.306808309085405	0.0
4.3105104268453145	0.0
4.314215074714669	0.0
4.317921550371984	0.0
4.321614698251095	0.0
4.3252829344516055	0.0
4.328959624878485	0.0
4.332644427669051	0.0
4.336311176907206	0.0
4.339973731352665	0.0
4.343638772826345	0.0
4.347318163635937	0.0
4.350986015740866	0.0
4.354635986792514	0.0
4.35829059904942	0.0
4.361953900526916	0.0
4.365608689366913	0.0
4.369268398565353	0.0
4.372931746869414	0.0
4.376586003983414	0.0
4.380216206489169	0.0
4.383852604606115	0.0
4.387494733051905	0.0
4.391126188654464	0.0
4.39475225616286	0.0
4.398380234547649	0.0
4.402021059459423	0.0
4.405659219781318	0.0
4.409277222770047	0.0
4.41289689895149	0.0
4.41652954577559	0.0
4.420156787770597	0.0
4.423784868457236	0.0
4.427421203218962	0.0
4.431063412320575	0.0
4.4346842536915165	0.0
4.438303111323069	0.0
4.44192377083109	0.0
4.445545710901487	0.0
4.449175303544844	0.0
4.452804151060936	0.0
4.456437575649439	0.0
4.460087242421204	0.0
4.463728665286415	0.0
4.467371362564003	0.0
4.471017361766161	0.0
4.47466908040687	0.0
4.478328708794998	0.0
4.481994588804956	0.0
4.485663719292936	0.0
4.489334371436849	0.0
4.4930064374719105	0.0
4.496682178344585	0.0
4.500362933947357	0.0
4.504047734311171	0.0
4.507736417006533	0.0
4.511428796109276	0.0
4.51512482408831	0.0
4.518824670698854	0.0
4.522528678168797	0.0
4.526237064431873	0.0
4.529949853252943	0.0
4.5336668730534235	0.0
4.537387808615208	0.0
4.541112306384576	0.0
4.544840034220943	0.0
4.548570710592989	0.0
4.55230411984604	0.0
4.556040118077175	0.0
4.559778638045404	0.0
4.56351970361904	0.0
4.567263433230153	0.0
4.571010023526573	0.0
4.5747597118114305	0.0
4.578512745069231	0.0
4.582269363086281	0.0
4.586029792213634	0.0
4.589794242175189	0.0
4.593562922037678	0.0
4.597336065506588	0.0
4.601113277420698	0.0
4.604894413777678	0.0
4.608679538967274	0.0
4.612468768705344	0.0
4.61626232173621	0.0
4.620060328644568	0.0
4.623863183088143	0.0
4.627671552822592	0.0
4.631484896489847	0.0
4.635303475224173	0.0
4.639127563912268	0.0
4.642957460755569	0.0
4.646793503967267	0.0
4.650636076933781	0.0
4.654485591701589	0.0
4.658342447172792	0.0
4.662204679652358	0.0
4.666070568840942	0.0
4.669940423013918	0.0
4.673814599886063	0.0
4.677693428546897	0.0
4.6815771775099835	0.0
4.685465714122774	0.0
4.689357863015734	0.0
4.693253751705825	0.0
4.697153543563004	0.0
4.701057427534703	0.0
4.7049656096890935	0.0
4.708878313819777	0.0
4.712795795010317	0.0
4.716718364424738	0.0
4.720646417567221	0.0
4.724580453793602	0.0
4.728521074085087	0.0
4.732468948033764	0.0
4.736424749481126	0.0
4.740389071118808	0.0
4.744362337767855	0.0
4.748343137663232	0.0
4.7523281203445045	0.0
4.756317706189706	0.0
4.760312258858406	0.0
4.7643120474468885	0.0
4.768316465190413	0.0
4.772325433681867	0.0
4.776339134041184	0.0
4.780357750202834	0.0
4.7843814781857965	0.0
4.788410544943152	0.0
4.7924452353460065	0.0
4.796485921415327	0.0
4.800533084659498	0.0
4.804587321686458	0.0
4.808649325711622	0.0
4.812719785179245	0.0
4.816791378041247	0.0
4.820863752598749	0.0
4.8249370346086975	0.0
4.829011462629386	0.0
4.833087392720385	0.0
4.8371652883209295	0.0
4.841245694837743	0.0
4.845329201172266	0.0
4.849416392891757	0.0
4.853507803277498	0.0
4.857603868802551	0.0
4.861704894834142	0.0
4.865811035738259	0.0
4.869922291387349	0.0
4.874038519736678	0.0
4.878159463092457	0.0
4.8822847842609285	0.0
4.886414108052594	0.0
4.890546823791636	0.0
4.894682559473611	0.0
4.8988211232866075	0.0
4.9029624156205145	0.0
4.907106431126619	0.0
4.911253252238011	0.0
4.915403035221095	0.0
4.91955598981436	0.0
4.923712353650185	0.0
4.927872363003359	0.0
4.932033750126861	0.0
4.936195006167525	0.0
4.940356164948368	0.0
4.9445172551290275	0.0
4.948678292098816	0.0
4.952839274619871	0.0
4.957000186369074	0.0
4.961161002033337	0.0
4.965321697185442	0.0
4.9694822608015246	0.0
4.973642708988706	0.0
4.977803098297205	0.0
4.9819635369336535	0.0
4.986124192310327	0.0
4.9902852936758775	0.0
4.99444712905305	0.0
4.998610036296239	0.0
5.002773062860136	0.0
5.006936033828275	0.0
5.011099417193422	0.0
5.015263717151327	0.0
5.019429435635305	0.0
5.023597034026735	0.0
5.027766899434254	0.0
5.03193931862635	0.0
5.036114461329065	0.0
5.040292373480542	0.0
5.04447298030154	0.0
5.048656098647242	0.0
5.052841457849528	0.0
5.057028727895299	0.0
5.061217553164322	0.0
5.065407589084921	0.0
5.0695985381716655	0.0
5.073790181308575	0.0
5.077982400151269	0.0
5.082175187324572	0.0
5.086368642646727	0.0
5.09056295566127	0.0
5.094758376901304	0.0
5.098955182145305	0.0
5.103153635127248	0.0
5.107353954545897	0.0
5.111556290713151	0.0
5.115760715819128	0.0
5.119967229694494	0.0
5.124175780351223	0.0
5.128386295866609	0.0
5.132598721865878	0.0
5.1368130575247655	0.0
5.141026551348598	0.0
5.145238612929219	0.0
5.149449185543447	0.0
5.153658322931148	0.0
5.157866200500314	0.0
5.1620731091580945	0.0
5.1662794332324795	0.0
5.170485616498827	0.0
5.174692121830202	0.0
5.178899390286007	0.0
5.183107804710838	0.0
5.187317661525752	0.0
5.191529152818027	0.0
5.1957423594527725	0.0
5.199957254940197	0.0
5.2041737191794395	0.0
5.208391560785648	0.0
5.212610546266005	0.0
5.2168304336974325	0.0
5.221051007802237	0.0
5.225272112630587	0.0
5.229493677756444	0.0
5.233715734255548	0.0
5.237938417868916	0.0
5.242161958532665	0.0
5.246386657545019	0.0
5.2506128556149445	0.0
5.2548408964996645	0.0
5.25907109163157	0.0
5.263303690965976	0.0
5.267537093544997	0.0
5.271766341483178	0.0
5.275991960252657	0.0
5.280214559573314	0.0
5.284434796561521	0.0
5.2886533382503	0.0
5.292870828254343	0.0
5.297087861259066	0.0
5.301304967657722	0.0
5.305522609361496	0.0
5.309741186222925	0.0
5.313961051145068	0.0
5.318182530647833	0.0
5.3224059467681935	0.0
5.326631635946142	0.0
5.330859961180533	0.0
5.335091315222488	0.0
5.339326114300286	0.0
5.343563587879826	0.0
5.347803140994517	0.0
5.352044989746046	0.0
5.356289253608925	0.0
5.360535954951306	0.0
5.364785025998868	0.0
5.369036323013472	0.0
5.373289647041978	0.0
5.377544769934503	0.0
5.381801463493987	0.0
5.38605952879327	0.0
5.390318822153196	0.0
5.394579274270503	0.0
5.398840899659676	0.0
5.40310379488026	0.0
5.407366099183135	0.0
5.4116255200522145	0.0
5.4158821554997445	0.0
5.420136196322388	0.0
5.424387906401038	0.0
5.428637598080295	0.0
5.43288560619655	0.0
5.437132264432282	0.0
5.441377887208882	0.0
5.445622759392226	0.0
5.449867134823853	0.0
5.454111243289477	0.0
5.458355304199083	0.0
5.462599544188321	0.0
5.466844215246619	0.0
5.471089609952588	0.0
5.475336070961035	0.0
5.479583992920259	0.0
5.483833685365121	0.0
5.488085717062029	0.0
5.49234066217245	0.0
5.496599055109576	0.0
5.500861227465734	0.0
5.505127568119333	0.0
5.509393527492618	0.0
5.5136589032995875	0.0
5.517923654223937	0.0
5.522188062565116	0.0
5.526452366675404	0.0
5.5307167606064525	0.0
5.534981399489433	0.0
5.539246410249813	0.0
5.543511906658918	0.0
5.5477780070663165	0.0
5.5520448525787875	0.0
5.556312623118056	0.0
5.560581548842375	0.0
5.564851914922831	0.0
5.56912405857523	0.0
5.573398358407871	0.0
5.5776752173325965	0.0
5.581954937248476	0.0
5.586237705197143	0.0
5.590523939903812	0.0
5.594813994743185	0.0
5.599105095684253	0.0
5.6033941481431855	0.0
5.6076815103356665	0.0
5.611967596828624	0.0
5.616252882604794	0.0
5.620537898741119	0.0
5.624823219790254	0.0
5.629109444214755	0.0
5.633397094867036	0.0
5.63768416508184	0.0
5.6419707031246125	0.0
5.646256823907593	0.0
5.650542717496631	0.0
5.654828648470722	0.0
5.659114946315028	0.0
5.6634019884093725	0.0
5.667690178129175	0.0
5.671979920967122	0.0
5.676270430191536	0.0
5.680560880708594	0.0
5.6848516914311915	0.0
5.689143264779583	0.0
5.693435964555645	0.0
5.697730097245466	0.0
5.702025897847344	0.0
5.706323520831953	0.0
5.71062303651578	0.0
5.714924432947666	0.0
5.719227623284769	0.0
5.723532458453816	0.0
5.727838744563576	0.0
5.732146264029254	0.0
5.73645479875412	0.0
5.740764153136703	0.0
5.745074174323343	0.0
5.749384767173436	0.0
5.753695901929136	0.0
5.758007613539561	0.0
5.762319992818564	0.0
5.7666331708765695	0.0
5.770945453887295	0.0
5.775256537641089	0.0
5.779566649495772	0.0
5.783876038670471	0.0
5.7881849546946	0.0
5.792493628037598	0.0
5.796802255618736	0.0
5.801110993125542	0.0
5.805419954998593	0.0
5.809729221731131	0.0
5.814038852983104	0.0
5.818346257641792	0.0
5.822650200222239	0.0
5.826950901351109	0.0
5.831248643967116	0.0
5.835543781399327	0.0
5.839836739460402	0.0
5.844128011923545	0.0
5.848418149779716	0.0
5.852707745484652	0.0
5.856997413881899	0.0
5.861287771614689	0.0
5.86557941670067	0.0
5.869872909628462	0.0
5.874168757066593	0.0
5.878467398959552	0.0
5.882769199586995	0.0
5.887074442990977	0.0
5.891383332995711	0.0
5.895695997812901	0.0
5.900012468116802	0.0
5.904329856620329	0.0
5.908647027231362	0.0
5.91296400836629	0.0
5.917280840521674	0.0
5.921597588803235	0.0
5.92591435364614	0.0
5.930231278107123	0.0
5.934548550373768	0.0
5.93886640072222	0.0
5.943185092969723	0.0
5.947504911354507	0.0
5.951826144549287	0.0
5.956149069016609	0.0
5.960473934047481	0.0
5.964800950569957	0.0
5.969130285225149	0.0
5.973462060392776	0.0
5.977796224156446	0.0
5.98213265258329	0.0
5.986469045574033	0.0
5.990804951843774	0.0
5.995140430589707	0.0
5.9994755593323035	0.0
6.003810444615067	0.0
6.00814523022773	0.0
6.012480101446661	0.0
6.016815284437991	0.0
6.021151040713209	0.0
6.025487657227068	0.0
6.029825433248277	0.0
6.034164665444477	0.0
6.038505632690197	0.0
6.042848581967987	0.0
6.047193716462323	0.0
6.051541186626714	0.0
6.055891084705758	0.0
6.060243442953418	0.0
6.064598235604057	0.0
6.068954996223156	0.0
6.073311896588862	0.0
6.077668845837514	0.0
6.082025716410602	0.0
6.086382353354836	0.0
6.090738586508066	0.0
6.095094244622948	0.0
6.099449170178805	0.0
6.103803233413234	0.0
6.108156344044367	0.0
6.112508459311917	0.0
6.116859587358727	0.0
6.121209785568587	0.0
6.125559154182586	0.0
6.129907826214193	0.0
6.134255955246542	0.0
6.138603703019148	0.0
6.142951228733138	0.0
6.147298681712911	0.0
6.1516461984993995	0.0
6.155993904702633	0.0
6.160341921129665	0.0
6.164690372965076	0.0
6.169039400245652	0.0
6.173389167637	0.0
6.177739871630669	0.0
6.18209118649595	0.0
6.186441906507659	0.0
6.1907920937048155	0.0
6.195140021711725	0.0
6.1994828228933505	0.0
6.203821824187926	0.0
6.208157982161617	0.0
6.212492023470456	0.0
6.216824546321529	0.0
6.22115606915365	0.0
6.225485728263424	0.0
6.229811672320481	0.0
6.234134233453406	0.0
6.238446530880711	0.0
6.2427517795997485	0.0
6.24705261431613	0.0
6.251349424634621	0.0
6.255635638905421	0.0
6.259914185363603	0.0
6.264187353599368	0.0
6.268456533630696	0.0
6.272722288318743	0.0
6.276985521794604	0.0
6.281246887241509	0.0
6.285506881708117	0.0
6.289763511472634	0.0
6.29401291251053	0.0
6.298255066692473	0.0
6.3024919683465805	0.0
6.3067255686143735	0.0
6.310957596228339	0.0
6.3151893819002245	0.0
6.319420629291236	0.0
6.323643409580803	0.0
6.327860302945609	0.0
6.332073389916228	0.0
6.336284041708129	0.0
6.340493056341853	0.0
6.344700856186954	0.0
6.34890767697733	0.0
6.35311370407185	0.0
6.3573158849636195	0.0
6.361511799633208	0.0
6.365704183886772	0.0
6.369891340222673	0.0
6.374070173496595	0.0
6.3782435820832495	0.0
6.38241368268873	0.0
6.386578897145322	0.0
6.39073874290889	0.0
6.3948938450817705	0.0
6.399043327315236	0.0
6.4031865817995355	0.0
6.407324999785027	0.0
6.41146046489605	0.0
6.415594629404778	0.0
6.419727855851152	0.0
6.423853544671569	0.0
6.427975053132516	0.0
6.432094932593372	0.0
6.436210342211716	0.0
6.440320542679807	0.0
6.444423467892585	0.0
6.44851994290306	0.0
6.452613518276162	0.0
6.456706377520493	0.0
6.460799430973707	0.0
6.46489237532213	0.0
6.468984957818715	0.0
6.473077084526739	0.0
6.477168808920971	0.0
6.481252679735586	0.0
6.485329172850278	0.0
6.489394149351321	0.0
6.493451688020529	0.0
6.497505179700051	0.0
6.501555596178179	0.0
6.505602462176046	0.0
6.509647032290274	0.0
6.513686926973149	0.0
6.517724941521439	0.0
6.521762625220533	0.0
6.525799667945348	0.0
6.529832156571715	0.0
6.53386222936031	0.0
6.537890361611368	0.0
6.5419170937406905	0.0
6.5459424836515465	0.0
6.549966407555298	0.0
6.553981791487333	0.0
6.5579899000523145	0.0
6.5619948993114505	0.0
6.565997092182239	0.0
6.569988992702657	0.0
6.573974633372141	0.0
6.577957493389661	0.0
6.5819400294113946	0.0
6.585922816756437	0.0
6.589901370130096	0.0
6.593877395404665	0.0
6.597852241351232	0.0
6.601826413529171	0.0
6.6057998888159375	0.0
6.609772449370991	0.0
6.613743030729319	0.0
6.617712689658861	0.0
6.62168214400896	0.0
6.625651421240306	0.0
6.629614618878216	0.0
6.633571734753354	0.0
6.637521375290407	0.0
6.641462161140216	0.0
6.645397075977528	0.0
6.649329879094605	0.0
6.653263127928915	0.0
6.657194007872124	0.0
6.661119798880042	0.0
6.665043675436549	0.0
6.668967462158631	0.0
6.672891735013908	0.0
6.676816215659608	0.0
6.680740275454166	0.0
6.684663371656231	0.0
6.68858530326993	0.0
6.692506263469757	0.0
6.6964267379869264	0.0
6.700347330854914	0.0
6.704268594425631	0.0
6.70818954801964	0.0
6.712108748307086	0.0
6.716026716063931	0.0
6.719943899559472	0.0
6.723860600635828	0.0
6.727776959699857	0.0
6.731692987324189	0.0
6.735608620762475	0.0
6.739523783635533	0.0
6.743438433428638	0.0
6.7473525899879085	0.0
6.751266345553782	0.0
6.755179861136801	0.0
6.75909335498994	0.0
6.763007074671515	0.0
6.766919133717285	0.0
6.770829771445251	0.0
6.774739279634723	0.0
6.778647989238651	0.0
6.782556255961158	0.0
6.786464443897131	0.0
6.790372906962276	0.0
6.794281969031163	0.0
6.798191876442445	0.0
6.802101996476287	0.0
6.806012526087318	0.0
6.809923589463482	0.0
6.813834822823774	0.0
6.817745798507322	0.0
6.821656577951431	0.0
6.825567177773683	0.0
6.829477587081945	0.0
6.833387789254443	0.0
6.8372977843474505	0.0
6.841207608422937	0.0
6.84511734692874	0.0
6.849027140530521	0.0
6.852937183176721	0.0
6.856845755853067	0.0
6.860752714035213	0.0
6.864658316211864	0.0
6.86856287703434	0.0
6.872466751179459	0.0
6.876370315721827	0.0
6.880273953293695	0.0
6.884178037707797	0.0
6.888082922969903	0.0
6.891988935893525	0.0
6.895896371980043	0.0
6.8998054939061	0.0
6.903714700818476	0.0
6.907623795687267	0.0
6.9115330192109825	0.0
6.915442590468147	0.0
6.919352710866892	0.0
6.923263568856777	0.0
6.927175344533583	0.0
6.931088213506501	0.0
6.935002349649027	0.0
6.9389179265816745	0.0
6.942835117915082	0.0
6.9467540964089824	0.0
6.950675032278191	0.0
6.954597770805912	0.0
6.958520934557356	0.0
6.9624446639035735	0.0
6.966369112360649	0.0
6.9702944451026685	0.0
6.974220836139354	0.0
6.978148464369391	0.0
6.982077508847545	0.0
6.986008143697213	0.0
6.989940533146088	0.0
6.993874827154546	0.0
6.997810502468072	0.0
7.001747458071889	0.0
7.00568578710769	0.0
7.009625092374371	0.0
7.013565215103175	0.0
7.017506272633179	0.0
7.021448377479583	0.0
7.025391636569142	0.0
7.029336151012765	0.0
7.0332820164358205	0.0
7.037229323810747	0.0
7.0411781606562664	0.0
7.045128612398672	0.0
7.049080763648101	0.0
7.05303350987053	0.0
7.056986186439559	0.0
7.060938858749752	0.0
7.064891608880867	0.0
7.0688445354468294	0.0
7.072797752539612	0.0
7.076751387875328	0.0
7.080705580312189	0.0
7.0846604769466355	0.0
7.088616230002343	0.0
7.092572993709329	0.0
7.096530890873744	0.0
7.100487970910351	0.0
7.1044444121043835	0.0
7.108400405372582	0.0
7.112356149556888	0.0
7.1163118469763464	0.0
7.120267699428125	0.0
7.124223904777178	0.0
7.128180654223624	0.0
7.1321381302909765	0.0
7.136096505538423	0.0
7.140055941966144	0.0
7.1440165910529165	0.0
7.147978594338695	0.0
7.151942084440933	0.0
7.15590677596867	0.0
7.1598716187387	0.0
7.163836727581273	0.0
7.167802220055079	0.0
7.171768217500524	0.0
7.17573484627615	0.0
7.179702239037472	0.0
7.183670535879922	0.0
7.187639885153301	0.0
7.191610443769258	0.0
7.195582231307708	0.0
7.199554756826604	0.0
7.203528203331935	0.0
7.207502763009769	0.0
7.211478634162308	0.0
7.215455395939091	0.0
7.219432876472296	0.0
7.2234112756474715	0.0
7.227390798455651	0.0
7.2313716519776525	0.0
7.235354042448353	0.0
7.2393381725064545	0.0
7.243324238711159	0.0
7.247312429379755	0.0
7.251302922771952	0.0
7.255295885620913	0.0
7.259289806749143	0.0
7.263284757454906	0.0
7.267280877020573	0.0
7.271278297645417	0.0
7.27527714362493	0.0
7.279277530785855	0.0
7.283279566145749	0.0
7.287283347773526	0.0
7.291288964832937	0.0
7.29529649779001	0.0
7.299305068643524	0.0
7.3033137594791615	0.0
7.307322673620666	0.0
7.311331927227655	0.0
7.315341648441499	0.0
7.319351975988198	0.0
7.323363057291026	0.0
7.327375046167745	0.0
7.33138810019624	0.0
7.335402377842318	0.0
7.339418035457513	0.0
7.343435224257886	0.0
7.34745299439827	0.0
7.351470817061185	0.0
7.355488802915524	0.0
7.359507067913686	0.0
7.36352573432968	0.0
7.367544931931941	0.0
7.371564797865728	0.0
7.375585474660436	0.0
7.379607107331144	0.0
7.383629840696708	0.0
7.387653817567379	0.0
7.39167917820425	0.0
7.395706060572333	0.0
7.399734600457964	0.0
7.403764931226184	0.0
7.407797182820321	0.0
7.411830213730035	0.0
7.4158641766154085	0.0
7.419899201977139	0.0
7.4239346992451445	0.0
7.427970748734102	0.0
7.432007688381228	0.0
7.436046041594397	0.0
7.44008608588461	0.0
7.444127833465369	0.0
7.448171286920715	0.0
7.452216254654469	0.0
7.456263070518289	0.0
7.460311712809955	0.0
7.464362089532806	0.0
7.46841415731779	0.0
7.4724685465404175	0.0
7.476526112214252	0.0
7.4805863973870395	0.0
7.484650554261722	0.0
7.488716352991994	0.0
7.492776772670727	0.0
7.496781994184124	0.0
7.500758977074136	0.0
7.504739622829834	0.0
7.508676779634937	0.0
7.512597247524586	0.0
7.516507325496685	0.0
7.520411068983005	0.0
7.52427529269618	0.0
7.528123535887734	0.0
7.531989637502205	0.0
7.535831603925799	0.0
7.539648981486327	0.0
7.543472139955946	0.0
7.547307683176357	0.0
7.551157725145297	0.0
7.554971051386233	0.0
7.558776543602133	0.0
7.56259497234943	0.0
7.566408177704061	0.0
7.570220248573257	0.0
7.57404374121214	0.0
7.577872137284226	0.0
7.581677570659273	0.0
7.585480748367998	0.0
7.589293528546535	0.0
7.593094127935229	0.0
7.596885581778973	0.0
7.600675437722471	0.0
7.604475304969603	0.0
7.608289463900333	0.0
7.612071340261545	0.0
7.615849956813605	0.0
7.619642961031274	0.0
7.62342893411296	0.0
7.627218794833788	0.0
7.631021114766612	0.0
7.634829879632212	0.0
7.638613740017446	0.0
7.642398291461331	0.0
7.646197623943778	0.0
7.649983099550834	0.0
7.653760875687493	0.0
7.657538123232474	0.0
7.661324885053965	0.0
7.665125429522408	0.0
7.668895452742722	0.0
7.672663717006493	0.0
7.676445972054029	0.0
7.680219875968043	0.0
7.683997239009135	0.0
7.6877864389830775	0.0
7.691582093281408	0.0
7.695350649564842	0.0
7.6991153000360955	0.0
7.702901172336938	0.0
7.706675149252855	0.0
7.710443401655772	0.0
7.714211720008989	0.0
7.717987599964856	0.0
7.721779630746305	0.0
7.725541322928771	0.0
7.729300182775315	0.0
7.733071468052593	0.0
7.736833315406756	0.0
7.740597339911314	0.0
7.744370793994126	0.0
7.748148833277197	0.0
7.7519092695248375	0.0
7.755657379800692	0.0
7.75942733052559	0.0
7.763184929680622	0.0
7.766937121415773	0.0
7.770687793617046	0.0
7.774446569819477	0.0
7.77821587772307	0.0
7.781960418952198	0.0
7.78570303326139	0.0
7.7894583478749215	0.0
7.793204946396205	0.0
7.796952308054052	0.0
7.8007043349749265	0.0
7.804459993053101	0.0
7.808183668165259	0.0
7.811908475355057	0.0
7.81565484244775	0.0
7.819378209055682	0.0
7.8231011014723535	0.0
7.8268271762461366	0.0
7.830563384103659	0.0
7.83430583669309	0.0
7.838027038583181	0.0
7.841749848106977	0.0
7.845486768525967	0.0
7.849214479069633	0.0
7.852946724390256	0.0
7.856683426382882	0.0
7.860415111328684	0.0
7.864120525556727	0.0
7.867830463013825	0.0
7.871555829192653	0.0
7.875269078563967	0.0
7.87897735415101	0.0
7.882687820894147	0.0
7.886411037478013	0.0
7.890131300524169	0.0
7.893837157378941	0.0
7.8975460395923385	0.0
7.901263761983736	0.0
7.9049770504260355	0.0
7.908692725981319	0.0
7.912411420605888	0.0
7.9161189934533756	0.0
7.919809286113582	0.0
7.923504988062591	0.0
7.927212123048166	0.0
7.930903788073187	0.0
7.9345924743273	0.0
7.938283049086238	0.0
7.941989970376361	0.0
7.9456817972070315	0.0
7.949367476226659	0.0
7.953056761081475	0.0
7.956753177922005	0.0
7.96044366303573	0.0
7.964139458941502	0.0
7.967838192883376	0.0
7.971518166767799	0.0
7.975190974772031	0.0
7.978873585401258	0.0
7.982552713145419	0.0
7.986219580846627	0.0
7.989884151243473	0.0
7.993554908240029	0.0
7.997245920355335	0.0
8.000909916274809	0.0
8.004570675003862	0.0
8.00824078871132	0.0
8.01190963840679	0.0
8.015579087819361	0.0
8.019256098110711	0.0
8.022937195584317	0.0
8.026593910211586	0.0
8.030247198881401	0.0
8.033919116774502	0.0
8.037575362669395	0.0
8.041228619304201	0.0
8.044881841681146	0.0
8.048544515350564	0.0
8.052217857405678	0.0
8.055868677031444	0.0
8.05951891097466	0.0
8.063182517518909	0.0
8.066839571631526	0.0
8.070498610505686	0.0
8.074163198156066	0.0
8.077829864995369	0.0
8.08147086859568	0.0
8.085112948502747	0.0
8.088772711298287	0.0
8.092408790011717	0.0
8.096044677525478	0.0
8.099683901890158	0.0
8.103337687582213	0.0
8.106979339635446	0.0
8.110610966533658	0.0
8.114247159881412	0.0
8.117886430714487	0.0
8.121523251490188	0.0
8.125163532070797	0.0
8.128808550801079	0.0
8.13244279029011	0.0
8.136065838194682	0.0
8.13969741858707	0.0
8.143332816876898	0.0
8.14695463457193	0.0
8.150575005138261	0.0
8.154199919634516	0.0
8.1578433213956	0.0
8.161460012729819	0.0
8.165073866968582	0.0
8.168695954704733	0.0
8.172312528452471	0.0
8.175930525788393	0.0
8.179554712368704	0.0
8.18318313207013	0.0
8.186795142419045	0.0
8.190398383476053	0.0
8.194019613826326	0.0
8.197628845642228	0.0
8.201231606869191	0.0
8.204834044310061	0.0
8.208446600798473	0.0
8.212061398200657	0.0
8.215659985780492	0.0
8.219259865492477	0.0
8.22287096490918	0.0
8.226475595883958	0.0
8.230083760467584	0.0
8.233696331189808	0.0
8.237307056111794	0.0
8.240898742547026	0.0
8.244495301685216	0.0
8.248100479230974	0.0
8.251695329479467	0.0
8.255287675486361	0.0
8.258881315493246	0.0
8.262490500673474	0.0
8.266084765612536	0.0
8.269673658398034	0.0
8.273267111000017	0.0
8.276862035081066	0.0
8.280452909689654	0.0
8.284049524504335	0.0
8.287648550442768	0.0
8.291231875782742	0.0
8.294805021181245	0.0
8.29839316483322	0.0
8.301973737389003	0.0
8.305543417075938	0.0
8.309112802270155	0.0
8.312690701316225	0.0
8.3162754403665	0.0
8.319841212906374	0.0
8.323405941914826	0.0
8.326982600375436	0.0
8.330551778660158	0.0
8.334121223970138	0.0
8.337694516880273	0.0
8.341268838997934	0.0
8.344823171995142	0.0
8.348380080194655	0.0
8.351949751237	0.0
8.355506351974652	0.0
8.359060432926787	0.0
8.36261568789283	0.0
8.36618543726518	0.0
8.3697439005511	0.0
8.37329702741852	0.0
8.376853589382785	0.0
8.380414979796672	0.0
8.383971551111001	0.0
8.387533445453792	0.0
8.391098399640306	0.0
8.394647264316033	0.0
8.398188669642513	0.0
8.401743904988647	0.0
8.405293117235741	0.0
8.408831307500126	0.0
8.412369944105919	0.0
8.415917069494355	0.0
8.41947223774085	0.0
8.42300915025147	0.0
8.42654498342248	0.0
8.430092670022328	0.0
8.433633811015252	0.0
8.437175097846806	0.0
8.440720315059586	0.0
8.444264523161856	0.0
8.447790683582635	0.0
8.451320523172953	0.0
8.45486184798942	0.0
8.458388281704469	0.0
8.461912693071369	0.0
8.465438939050923	0.0
8.46897995785352	0.0
8.47250498082581	0.0
8.476026328614795	0.0
8.479551832086592	0.0
8.48307812803643	0.0
8.486601520788478	0.0
8.490130725623427	0.0
8.493662164015957	0.0
8.497173976114585	0.0
8.500683665410973	0.0
8.50420756848409	0.0
8.507722398650383	0.0
8.511230612704775	0.0
8.514739049349014	0.0
8.518255763472512	0.0
8.52177699918073	0.0
8.52528267271154	0.0
8.528788802060081	0.0
8.532305979017465	0.0
8.53581678327068	0.0
8.539329838001285	0.0
8.542846017555913	0.0
8.546355105742068	0.0
8.54985163533377	0.0
8.553351520968464	0.0
8.556861776077247	0.0
8.560359150651752	0.0
8.563855060186075	0.0
8.567353332309974	0.0
8.570867383193933	0.0
8.57436352053728	0.0
8.577857232103938	0.0
8.581357341458935	0.0
8.584855349248526	0.0
8.588354999178984	0.0
8.591860327414294	0.0
8.595369758704786	0.0
8.598855720524146	0.0
8.602343780556335	0.0
8.605849459499437	0.0
8.609336591560277	0.0
8.612824033482234	0.0
8.616314873082377	0.0
8.619816003413575	0.0
8.623315370174094	0.0
8.626803334600268	0.0
8.630295103718156	0.0
8.6337925080282	0.0
8.637286697219752	0.0
8.640785197265991	0.0
8.644287262646008	0.0
8.647781020612024	0.0
8.651265619026919	0.0
8.654755811878363	0.0
8.658250311921444	0.0
8.66173580593941	0.0
8.665219201326357	0.0
8.668707873406584	0.0
8.672213295701715	0.0
8.675698622624484	0.0
8.679183012939674	0.0
8.68267625407171	0.0
8.686165275124944	0.0
8.689656621932125	0.0
8.693152910831866	0.0
8.696648454618975	0.0
8.700125544198517	0.0
8.703606952385186	0.0
8.707103715587134	0.0
8.710583460068426	0.0
8.714061866898048	0.0
8.717541705571577	0.0
8.7210356937076	0.0
8.724518081401047	0.0
8.727996837200548	0.0
8.731479349067623	0.0
8.734964844209868	0.0
8.738445904488618	0.0
8.741933345869715	0.0
8.745422667352775	0.0
8.748896206921607	0.0
8.752362574170572	0.0
8.75584448569817	0.0
8.759320095609725	0.0
8.762789892584825	0.0
8.766262960905433	0.0
8.769746600803606	0.0
8.773244989947024	0.0
8.776755923152873	0.0
8.780263783899349	0.0
8.78376714247241	0.0
8.787274776163299	0.0
8.790795457449931	0.0
8.794323504412393	0.0
8.797855837962745	0.0
8.80139186924992	0.0
8.804933081449887	0.0
8.808477795379082	0.0
8.812023769842357	0.0
8.815571153909879	0.0
8.819120626122011	0.0
8.822673238200625	0.0
8.826230667456445	0.0
8.829793544803831	0.0
8.833358194988703	0.0
8.836925198715646	0.0
8.840494694883382	0.0
8.844066478582404	0.0
8.847639999882762	0.0
8.851215264391053	0.0
8.85479031623418	0.0
8.858361513568168	0.0
8.86193456395243	0.0
8.865517003510627	0.0
8.869104269354315	0.0
8.872694426977525	0.0
8.876289158845942	0.0
8.879887608372204	0.0
8.883487067228923	0.0
8.88708775034886	0.0
8.890690414237445	0.0
8.894296358390157	0.0
8.897908203890822	0.0
8.901526135525835	0.0
8.905146814527457	0.0
8.908770768497627	0.0
8.912397742445215	0.0
8.916027057782872	0.0
8.919658051272274	0.0
8.923289220330053	0.0
8.92691618582268	0.0
8.93054238676777	0.0
8.9341830010523	0.0
8.937827548664373	0.0
8.941475431222194	0.0
8.94512826117729	0.0
8.948783395076868	0.0
8.952439673690597	0.0
8.95609733804166	0.0
8.959757238424258	0.0
8.963420879235365	0.0
8.967091291004099	0.0
8.970764326942414	0.0
8.974440493292944	0.0
8.978120171980997	0.0
8.981802428607617	0.0
8.9854872037981	0.0
8.98917341434272	0.0
8.99285753318906	0.0
8.99654208721366	0.0
9.00022936701592	0.0
9.00392632231284	0.0
9.007627914539084	0.0
9.011333803563803	0.0
9.015043157185275	0.0
9.01875371896649	0.0
9.022465453334343	0.0
9.02617910079829	0.0
9.029896047351414	0.0
9.033619085422869	0.0
9.03734406785136	0.0
9.04107205020546	0.0
9.044803649665528	0.0
9.048536948496967	0.0
9.052272599672838	0.0
9.056011259202469	0.0
9.059748330008253	0.0
9.063485376323797	0.0
9.06722343978426	0.0
9.070971568591597	0.0
9.074724699090316	0.0
9.078482399991218	0.0
9.082243805331023	0.0
9.0860061947902	0.0
9.089770461737903	0.0
9.09353680016395	0.0
9.0973069156182	0.0
9.101083352585727	0.0
9.104861679898693	0.0
9.108642913254599	0.0
9.112426786689847	0.0
9.116211973062367	0.0
9.119999328676409	0.0
9.12378787401451	0.0
9.127573301690996	0.0
9.131359027006159	0.0
9.135143966650949	0.0
9.13894146304611	0.0
9.142744318766665	0.0
9.146552416634744	0.0
9.150362518421606	0.0
9.15417389055963	0.0
9.157986610196794	0.0
9.161802067143856	0.0
9.165623401077589	0.0
9.169450437953866	0.0
9.173280423712647	0.0
9.177113919293589	0.0
9.180950069709052	0.0
9.184788169287772	0.0
9.188627141479808	0.0
9.192464596663877	0.0
9.196299445458658	0.0
9.200136810029898	0.0
9.2039868667878	0.0
9.20784278942381	0.0
9.211704377245397	0.0
9.215569045594377	0.0
9.219434812893091	0.0
9.22330237830827	0.0
9.227173445326441	0.0
9.231051365849002	0.0
9.234934993857994	0.0
9.238822268977104	0.0
9.242713456672684	0.0
9.246607035930012	0.0
9.250502888836195	0.0
9.254399435274342	0.0
9.258292515986858	0.0
9.262187722143885	0.0
9.266096240998513	0.0
9.27000786357482	0.0
9.2739157845023	0.0
9.2778261483468	0.0
9.28173085905329	0.0
9.285628725348966	0.0
9.28952423738365	0.0
9.29341228381791	0.0
9.297298528500825	0.0
9.301194661788426	0.0
9.305083482342518	0.0
9.308966406315214	0.0
9.31285565516255	0.0
9.316753773161913	0.0
9.320638115002192	0.0
9.32452224654772	0.0
9.328410587761482	0.0
9.332287450896317	0.0
9.33616174813322	0.0
9.340027504900933	0.0
9.343885887270776	0.0
9.347752621771889	0.0
9.351616692807811	0.0
9.35546939841541	0.0
9.359326132650997	0.0
9.363196668296803	0.0
9.367054337921452	0.0
9.370908290787868	0.0
9.374770180900208	0.0
9.3786256305895	0.0
9.38247897427038	0.0
9.386329461869758	0.0
9.390168879155961	0.0
9.394012130914671	0.0
9.397871448196923	0.0
9.401711049231936	0.0
9.40554962887183	0.0
9.409400461334362	0.0
9.413248925836966	0.0
9.417088057437205	0.0
9.420932747739418	0.0
9.424777312468095	0.0
9.428614955366767	0.0
9.43245087967792	0.0
9.436277526684933	0.0
9.440100876262553	0.0
9.443938489044633	0.0
9.44776978516183	0.0
9.451592220537712	0.0
9.455422848594392	0.0
9.459270509410883	0.0
9.46309993801655	0.0
9.466929053259452	0.0
9.470769998709574	0.0
9.474598112170513	0.0
9.478425541739306	0.0
9.482249025903	0.0
9.486060661579085	0.0
9.489874695766414	0.0
9.493708227278415	0.0
9.49752827278223	0.0
9.50134638518666	0.0
9.505175801925365	0.0
9.509028037491005	0.0
9.512913437972964	0.0
9.516827053979014	0.0
9.520749371112068	0.0
9.52468126524438	0.0
9.528626484425134	0.0
9.532577195960936	0.0
9.53653048294891	0.0
9.540487443900151	0.0
9.544450608494875	0.0
9.548415113951808	0.0
9.552381218382358	0.0
9.556349464832723	0.0
9.56031979253525	0.0
9.564291362919105	0.0
9.568265054119111	0.0
9.572237131033832	0.0
9.576210653620702	0.0
9.580194234889353	0.0
9.584184150132758	0.0
9.588180701743266	0.0
9.592184856774216	0.0
9.596191081146712	0.0
9.600200400935554	0.0
9.604215437945372	0.0
9.608240957132617	0.0
9.612277358755742	0.0
9.616318741532558	0.0
9.620364952839488	0.0
9.624415472265959	0.0
9.628469053486015	0.0
9.632522186643602	0.0
9.636577694439756	0.0
9.640644940702492	0.0
9.644723799358214	0.0
9.64880857902409	0.0
9.652899808200795	0.0
9.656993653091828	0.0
9.661092243175483	0.0
9.665196581939156	0.0
9.669310586492047	0.0
9.673434532228523	0.0
9.677563959667646	0.0
9.681698312793305	0.0
9.685823670392738	0.0
9.689947262376952	0.0
9.694078095133332	0.0
9.698200377268657	0.0
9.70232539704521	0.0
9.706450872868606	0.0
9.710548221932134	0.0
9.714634467995376	0.0
9.718728102845462	0.0
9.722829199058438	0.0
9.726912351436559	0.0
9.730996174372702	0.0
9.735083354648395	0.0
9.739192131988965	0.0
9.743271969803251	0.0
9.747351399986997	0.0
9.7514366523574	0.0
9.755518458628156	0.0
9.759603178221926	0.0
9.763696476368521	0.0
9.76779419928825	0.0
9.771867248584194	0.0
9.775927912830891	0.0
9.780005118064226	0.0
9.784083748427287	0.0
9.788155468271572	0.0
9.792226663282232	0.0
9.796305988019057	0.0
9.800398377337293	0.0
9.80448203002443	0.0
9.80856974858502	0.0
9.812667102439335	0.0
9.816769962036927	0.0
9.82088162292503	0.0
9.824996552240016	0.0
9.829111029153252	0.0
9.833225129202122	0.0
9.837339973508362	0.0
9.841458422856816	0.0
9.845582325915371	0.0
9.849711067673544	0.0
9.853842030756802	0.0
9.857975749265062	0.0
9.862111512024313	0.0
9.866249021561996	0.0
9.870387545576774	0.0
9.874527245237484	0.0
9.878668673164373	0.0
9.882812004406242	0.0
9.886956891922122	0.0
9.891102670525754	0.0
9.895248756759589	0.0
9.899394807452484	0.0
9.903540937439338	0.0
9.907688085993579	0.0
9.911837094735498	0.0
9.915988215177572	0.0
9.920141717720375	0.0
9.924297599049336	0.0
9.928455671939814	0.0
9.932615704924231	0.0
9.936777536474102	0.0
9.940941120865501	0.0
9.945106511495664	0.0
9.949273841612493	0.0
9.953443347105464	0.0
9.957615361678885	0.0
9.961790336370726	0.0
9.965968803876535	0.0
9.970150708061286	0.0
9.974336000238093	0.0
9.978525078991638	0.0
9.982718376645826	0.0
9.986916357433667	0.0
9.991119492686225	0.0
9.995328199892358	0.0
9.999542753897543	0.0
10.003763200468143	0.0
10.0079867625935	0.0
10.01221258657376	0.0
10.016440145738446	0.0
10.02067012282073	0.0
10.024903356064604	0.0
10.029140639439486	0.0
10.033382525330914	0.0
10.037629211695593	0.0
10.041879779808827	0.0
10.04613422322582	0.0
10.050392547477063	0.0
10.05465509569432	0.0
10.0589202543827	0.0
10.0631875372377	0.0
10.067457108241832	0.0
10.071729099074473	0.0
10.076003627542384	0.0
10.080280810401765	0.0
10.08456076003967	0.0
10.08884356704478	0.0
10.09312928139606	0.0
10.097417908989392	0.0
10.101709435393392	0.0
10.106003876698747	0.0
10.110301343126475	0.0
10.114602091183894	0.0
10.118906539695612	0.0
10.12321523524367	0.0
10.127528770077435	0.0
10.131847673608087	0.0
10.136172309729558	0.0
10.140502811635661	0.0
10.144839073547912	0.0
10.14918025895564	0.0
10.153524128943372	0.0
10.157870676943418	0.0
10.162220021158005	0.0
10.166572647524541	0.0
10.17092913946151	0.0
10.175290102062876	0.0
10.179656063972594	0.0
10.18402564372159	0.0
10.188398564526828	0.0
10.192775217093981	0.0
10.197155957423705	0.0
10.20153974597597	0.0
10.20592376416883	0.0
10.210308262258424	0.0
10.214693610292517	0.0
10.219080192522165	0.0
10.223468315150471	0.0
10.227858145277704	0.0
10.232249688679923	0.0
10.236642803850506	0.0
10.241037242189353	0.0
10.245432700850566	0.0
10.24982887564953	0.0
10.254225505511496	0.0
10.258622405342237	0.0
10.263019488806377	0.0
10.267416784597843	0.0
10.271814448759805	0.0
10.27621277222567	0.0
10.280612178906873	0.0
10.28501320755384	0.0
10.289416471764929	0.0
10.29382259705384	0.0
10.298232140548208	0.0
10.302645505552034	0.0
10.307062867587733	0.0
10.31148412893772	0.0
10.315908914505295	0.0
10.320335991708609	0.0
10.32476468461355	0.0
10.329195465674633	0.0
10.33362726481629	0.0
10.338059105307314	0.0
10.34249065925198	0.0
10.346921861846408	0.0
10.35135289349673	0.0
10.35578412525586	0.0
10.360216039216986	0.0
10.364649138092894	0.0
10.369083820752897	0.0
10.37351979591611	0.0
10.377957315066585	0.0
10.382396481192636	0.0
10.386837255181742	0.0
10.391279494268762	0.0
10.395723014046109	0.0
10.400167660209148	0.0
10.404613373974069	0.0
10.409060236811277	0.0
10.413508485367629	0.0
10.417957566832833	0.0
10.42240749570288	0.0
10.426858707456784	0.0
10.431311680106054	0.0
10.435766834319566	0.0
10.440224179116615	0.0
10.444683988496205	0.0
10.449146455708316	0.0
10.453611674601511	0.0
10.45807963515074	0.0
10.462550232238906	0.0
10.467022967256531	0.0
10.471497339265579	0.0
10.475973529563403	0.0
10.480451690628929	0.0
10.484931177869589	0.0
10.489411496662306	0.0
10.493892695680268	0.0
10.498357743067736	0.0
10.502837974956298	0.0
10.507323203040594	0.0
10.511794481682943	0.0
10.516272497215779	0.0
10.520761740655974	0.0
10.525240263115668	0.0
10.529712413623091	0.0
10.534199018088634	0.0
10.538672801457635	0.0
10.543145711068778	0.0
10.54761540424841	0.0
10.552077306938251	0.0
10.556541478044355	0.0
10.56101976734501	0.0
10.56549710818751	0.0
10.569973793442658	0.0
10.574450103854947	0.0
10.578926273385788	0.0
10.583402467345861	0.0
10.58787877718035	0.0
10.592355232047531	0.0
10.596831823828357	0.0
10.601308539680723	0.0
10.605785395170155	0.0
10.61026246145165	0.0
10.614739881666813	0.0
10.619217874130854	0.0
10.623696722410386	0.0
10.628176754517511	0.0
10.632658314845157	0.0
10.637141733063379	0.0
10.641627294106987	0.0
10.646115212839815	0.0
10.650605616210873	0.0
10.655098534866491	0.0
10.659593905280532	0.0
10.664091401187855	0.0
10.668589193451867	0.0
10.67308745347723	0.0
10.677586311284738	0.0
10.68208583300826	0.0
10.68658601096694	0.0
10.69108676845962	0.0
10.695587979023149	0.0
10.70008949737049	0.0
10.704590709940796	0.0
10.709090160303102	0.0
10.713587905958436	0.0
10.71808408011581	0.0
10.722578866071244	0.0
10.727072466458813	0.0
10.731565072933632	0.0
10.736056841574316	0.0
10.740547878204428	0.0
10.745038236109576	0.0
10.749527926503667	0.0
10.754016939863115	0.0
10.758505274252583	0.0
10.762992887857388	0.0
10.767478496074371	0.0
10.771962470067576	0.0
10.776445183858973	0.0
10.780926981898778	0.0
10.78540815188223	0.0
10.789888905197337	0.0
10.794369366695214	0.0
10.798849574998458	0.0
10.803329493792296	0.0
10.807809033471132	0.0
10.81228808104093	0.0
10.816766534550755	0.0
10.821244337062693	0.0
10.825721504746138	0.0
10.830198144331034	0.0
10.834674259936646	0.0
10.839149919390763	0.0
10.843625513691661	0.0
10.848101443433757	0.0
10.852578090828533	0.0
10.85705579936951	0.0
10.861534864153343	0.0
10.866015533922553	0.0
10.870498023608576	0.0
10.874982534242783	0.0
10.879469275748875	0.0
10.883958205519804	0.0
10.888445488865166	0.0
10.892914457169768	0.0
10.89739494549422	0.0
10.901881240463409	0.0
10.906345159581797	0.0
10.910813493661507	0.0
10.915306790946682	0.0
10.91977472150675	0.0
10.924235542916396	0.0
10.928710475456247	0.0
10.933175752975387	0.0
10.937617429140644	0.0
10.942050738341644	0.0
10.946485426034002	0.0
10.950919960294469	0.0
10.955377231244038	0.0
10.959802356633292	0.0
10.964222219058696	0.0
10.968659413307007	0.0
10.973101506608181	0.0
10.97752659338521	0.0
10.981956798667856	0.0
10.986382477886304	0.0
10.99079440670007	0.0
10.995192514845064	0.0
10.999590667008036	0.0
11.003977398513957	0.0
11.008380378564608	0.0
11.012779513763583	0.0
11.01716362913885	0.0
11.021556877985557	0.0
11.025975639967692	0.0
11.030369653311906	0.0
11.034762764537168	0.0
11.039162157611386	0.0
11.043541879685431	0.0
11.047917347723208	0.0
11.052286878881644	0.0
11.056644682499583	0.0
11.061009651774722	0.0
11.065399960517974	0.0
11.069765777348632	0.0
11.074132121770461	0.0
11.078519015075436	0.0
11.082905552412148	0.0
11.087283026089867	0.0
11.091659027895474	0.0
11.09600663932178	0.0
11.100349510399983	0.0
11.104702664754036	0.0
11.109041949006153	0.0
11.113378130660907	0.0
11.117734156246236	0.0
11.122079843098598	0.0
11.126415857644266	0.0
11.130763368516646	0.0
11.135137755323049	0.0
11.13949843083831	0.0
11.143851294361022	0.0
11.148169378957471	0.0
11.152476249509412	0.0
11.156792447550234	0.0
11.161111340810601	0.0
11.16543575424599	0.0
11.169770947154667	0.0
11.174118616566338	0.0
11.178446516606593	0.0
11.182778134626176	0.0
11.187131535761608	0.0
11.191499452986028	0.0
11.195861891303545	0.0
11.200198379113846	0.0
11.204512973615143	0.0
11.20882792888954	0.0
11.213152440762546	0.0
11.21748228189737	0.0
11.221828086978325	0.0
11.226193822924673	0.0
11.230563156987108	0.0
11.23493641958722	0.0
11.239313659474442	0.0
11.24369171475925	0.0
11.248065422444288	0.0
11.252433867609016	0.0
11.256795890192192	0.0
11.261148193822022	0.0
11.265497837190791	0.0
11.269851360585799	0.0
11.274213157396407	0.0
11.278578582198193	0.0
11.282947979187679	0.0
11.287321765271372	0.0
11.2917002912652	0.0
11.29608355034062	0.0
11.300471016262271	0.0
11.304861939220606	0.0
11.30925571819943	0.0
11.313652226988221	0.0
11.318051872637923	0.0
11.322455415313776	0.0
11.326863013996457	0.0
11.331275453803679	0.0
11.335693448778338	0.0
11.34011760432122	0.0
11.344548366064101	0.0
11.348985950056253	0.0
11.353426576510422	0.0
11.357868071454138	0.0
11.362310375661531	0.0
11.366753949947576	0.0
11.371199164670003	0.0
11.375646245964422	0.0
11.380095254630353	0.0
11.38454551981326	0.0
11.388995858006236	0.0
11.393446544380446	0.0
11.397898061637111	0.0
11.40235102216288	0.0
11.40680606999825	0.0
11.411263779449055	0.0
11.41572456902041	0.0
11.420188648642247	0.0
11.424656013109733	0.0
11.429126484831203	0.0
11.433599796371281	0.0
11.438075691946938	0.0
11.44255402108722	0.0
11.447034799485992	0.0
11.451518221462868	0.0
11.456004622590193	0.0
11.460494405562695	0.0
11.464987952731104	0.0
11.46948291604983	0.0
11.47397809589487	0.0
11.478473724219823	0.0
11.482970199585193	0.0
11.487468025299334	0.0
11.491967718039353	0.0
11.496469712637113	0.0
11.50097428865944	0.0
11.505481536585366	0.0
11.5099913690809	0.0
11.514503570331144	0.0
11.51901786724207	0.0
11.523534002673932	0.0
11.528051793005082	0.0
11.532571158898872	0.0
11.537092126722571	0.0
11.541614805972927	0.0
11.54613935320898	0.0
11.550665934416367	0.0
11.555194695721784	0.0
11.559725748165867	0.0
11.564259167420389	0.0
11.568795005285939	0.0
11.573333307349142	0.0
11.577874130499742	0.0
11.58241716099121	0.0
11.586959802781667	0.0
11.591502383451093	0.0
11.59604522900509	0.0
11.60058864732187	0.0
11.60513292252113	0.0
11.609678319234842	0.0
11.614225093137	0.0
11.618773502348601	0.0
11.623323814402676	0.0
11.627876304718418	0.0
11.632431245211446	0.0
11.636988884502623	0.0
11.641549423608742	0.0
11.6461114655605	0.0
11.650674990860692	0.0
11.655240318955567	0.0
11.659807714006096	0.0
11.664377373850472	0.0
11.66894943191362	0.0
11.673523968393896	0.0
11.678101025542915	0.0
11.682680621893315	0.0
11.68726276170293	0.0
11.691847438156264	0.0
11.696434631269776	0.0
11.701024303254501	0.0
11.70561639479111	0.0
11.710210825155851	0.0
11.714806697033739	0.0
11.719402808498792	0.0
11.723999041755997	0.0
11.728595310794761	0.0
11.73319157842343	0.0
11.737787866448981	0.0
11.742384257980802	0.0
11.746980891998383	0.0
11.751577951285581	0.0
11.756175645591686	0.0
11.760774192436863	0.0
11.765373798337354	0.0
11.769974643216319	0.0
11.7745768703546	0.0
11.779180583411314	0.0
11.783785850934285	0.0
11.788392717587074	0.0
11.793001220249012	0.0
11.79761140636396	0.0
11.802223351544475	0.0
11.8068371735176	0.0
11.811452994900257	0.0
11.816067726062654	0.0
11.82068137732848	0.0
11.825294166755265	0.0
11.829905022704201	0.0
11.834513505077027	0.0
11.83912064130545	0.0
11.843727124622687	0.0
11.848333310662603	0.0
11.852939279831794	0.0
11.85754493788489	0.0
11.862150046842878	0.0
11.86675414745889	0.0
11.871357258910429	0.0
11.875959337637452	0.0
11.880559284243398	0.0
11.885155021809824	0.0
11.889747965462908	0.0
11.894339289092757	0.0
11.898929816402276	0.0
11.903518752442618	0.0
11.908105271965782	0.0
11.91269020355184	0.0
11.917274080116634	0.0
11.921857173638724	0.0
11.926439569569038	0.0
11.931021252670005	0.0
11.935602179319748	0.0
11.940179168268351	0.0
11.944753517018208	0.0
11.949326387932157	0.0
11.953898575886594	0.0
11.958469635515815	0.0
11.963037871612814	0.0
11.967604085968818	0.0
11.972166446587813	0.0
11.976722886322676	0.0
11.981274445587971	0.0
11.985821936574684	0.0
11.990365948130458	0.0
11.994906889590792	0.0
11.999445047290878	0.0
12.00398063650961	0.0
12.008513840825447	0.0
12.013041123001488	0.0
12.017560000103225	0.0
12.022071760049426	0.0
12.026577875792162	0.0
12.031079817787806	0.0
12.035578913091333	0.0
12.040076270546908	0.0
12.044572766136193	0.0
12.049069067644806	0.0
12.053565675850166	0.0
12.058062967217024	0.0
12.06256123066029	0.0
12.067060696061546	0.0
12.071561554045807	0.0
12.076062045112739	0.0
12.080561084134343	0.0
12.085059064780802	0.0
12.089556134920928	0.0
12.09405229437723	0.0
12.098547492724652	0.0
12.103041703621738	0.0
12.107534963446362	0.0
12.11202414869705	0.0
12.116507911307314	0.0
12.120987609542784	0.0
12.125464500804604	0.0
12.12993959883356	0.0
12.134413602282097	0.0
12.138886897300766	0.0
12.143359619010793	0.0
12.147831745376553	0.0
12.152303194153319	0.0
12.156773898875294	0.0
12.161241725673463	0.0
12.165703168051724	0.0
12.17015951042997	0.0
12.17461214244178	0.0
12.179062364627619	0.0
12.183511238777736	0.0
12.187959507812716	0.0
12.19240759031117	0.0
12.19685563672629	0.0
12.201303622101927	0.0
12.205751446055194	0.0
12.210199014913941	0.0
12.21464594983803	0.0
12.21909155064962	0.0
12.223535503723491	0.0
12.227977633678826	0.0
12.232417989432438	0.0
12.23685666873843	0.0
12.241293785976962	0.0
12.245729443844413	0.0
12.250163719202195	0.0
12.254596666914463	0.0
12.259028338978686	0.0
12.263458811336976	0.0
12.267888208517496	0.0
12.272316717002065	0.0
12.27674458145882	0.0
12.281172082638548	0.0
12.285599500523661	0.0
12.290025746138046	0.0
12.294450641098628	0.0
12.298874537989446	0.0
12.303297729482258	0.0
12.307720403615303	0.0
12.31214261554396	0.0
12.31656428293555	0.0
12.320985207838314	0.0
12.325405122684064	0.0
12.329823752971	0.0
12.334240885236111	0.0
12.33865642727834	0.0
12.343070448899152	0.0
12.34748319553435	0.0
12.35189507301329	0.0
12.356306607699272	0.0
12.360718390838102	0.0
12.36513101802283	0.0
12.369545034062895	0.0
12.373960890808819	0.0
12.378378921708393	0.0
12.382799333221085	0.0
12.38722221057819	0.0
12.39164597593027	0.0
12.396069411207034	0.0
12.400492218528653	0.0
12.404914822437462	0.0
12.409337772479736	0.0
12.413761688112073	0.0
12.41818719558029	0.0
12.422614033774007	0.0
12.427040970784526	0.0
12.431467977875007	0.0
12.435895082199998	0.0
12.4403223668823	0.0
12.444749964597486	0.0
12.449178045606146	0.0
12.453606801543334	0.0
12.45803642663336	0.0
12.46246709831845	0.0
12.466898959512072	0.0
12.471332104728592	0.0
12.475766572112738	0.0
12.480202305798738	0.0
12.484638565110055	0.0
12.48907528045247	0.0
12.493512421982496	0.0
12.497950013072062	0.0
