0.0	0.0
0.0036958973355635063	0.0
0.006812135504977253	0.0
0.009838075165429548	0.0
0.012852441067623729	0.0
0.015843542833633928	0.0
0.018811219093763	0.0
0.02176352354605194	0.0
0.024703393447016626	0.0
0.027631774469753928	0.0
0.030549305594608417	0.0
0.033456852126473736	0.0
0.03635533659025305	0.0
0.039245518529249346	0.0
0.04212804059038581	0.0
0.04500347723270664	0.0
0.04787238468553348	0.0
0.05073533521087011	0.0
0.0535929325110149	0.0
0.0564457947499237	0.0
0.059294549168759175	0.0
0.06213980135980936	0.0
0.06497619886739635	0.047563873523911476
0.06780267237351176	0.0
0.07062161988520005	0.0
0.07343551181689419	0.0
0.0762457111830471	0.0
0.07905652695202707	0.0
0.08186800955904115	0.0
0.0846805793933225	0.0
0.08749440652715293	0.0
0.09030942294992045	0.0
0.09312540167032422	0.0
0.09594201524986314	0.0
0.09875742279266667	0.0
0.1015699653742836	0.0
0.10438004569039515	0.0
0.10718810110082522	0.0
0.10999458532881669	0.0
0.11279995613189867	0.0
0.11560465233106909	0.0
0.11840907086031888	0.0
0.12121355010702269	0.0
0.12401836245969561	0.0
0.12682250697038167	0.0
0.12962572559763033	0.0
0.13242821506067376	0.0
0.13523011745600663	0.0
0.13803119531931216	0.0
0.1408318007026409	0.0
0.14363227537039247	0.0
0.14643204859640296	0.0
0.14922985633122424	0.0
0.15202606278520084	0.0
0.15482101343032317	0.0
0.15761502983063436	0.0
0.16040840356288918	0.0
0.16320139051874286	0.0
0.16599420660174277	0.0
0.16878702579781857	0.0
0.1715799824515589	0.0
0.17437317492119211	0.0
0.1771666936297489	0.0
0.17996063129232956	0.0
0.1827550260074193	0.0
0.185549873509057	0.0
0.1883451342751827	0.0
0.19114075109837098	0.0
0.19393666158490638	0.0
0.19673280789213504	0.0
0.19952914246649225	0.0
0.20232563072891596	0.0
0.205122258453462	0.0
0.20791904862394797	0.0
0.21071606261178732	0.0
0.21351338198617	0.0
0.21631108166663768	0.0
0.21910924512267146	0.0
0.22190708079545943	0.0
0.22470429454775345	0.0
0.22750088389246134	0.0
0.23029689475815854	0.0
0.23309235607650156	0.0
0.23588734406813913	0.0
0.238681981162814	0.0
0.24147639088352263	0.0
0.24427067880573763	0.0
0.24706478555707653	0.04042085749664022
0.24985879517758422	0.0
0.25265288273015757	0.0
0.25544731074550264	0.0
0.25824239223632695	0.0
0.26103813502189926	0.0
0.26383476467672295	0.0
0.26663175369236786	0.0
0.2694275446802555	0.0
0.272222230563347	0.0
0.27501620733642285	0.0
0.27781011432470964	0.0
0.2806042991916983	0.0
0.2833988519214292	0.0
0.2861942901769887	0.0
0.28899095085904253	0.0
0.2917888728752106	0.0
0.29458458937733123	0.0
0.2973780407834586	0.0
0.3001705708719095	0.0
0.3029641962136387	0.0
0.30575709949792085	0.0
0.3085502102511436	0.0
0.31134562370718816	0.0
0.3141458148611326	0.0
0.3169453697940066	0.0
0.3197435887355359	0.0
0.3225412177541669	0.0
0.3253393770208668	0.0
0.3281391198388339	0.0
0.3309411649096476	0.0
0.33374370801681075	0.0
0.33654726069595153	0.0
0.3393489250426847	0.0
0.34215012786589644	0.0
0.34495229268409316	0.0
0.34775313838291344	0.0
0.3505542693323346	0.0
0.353357873556469	0.0
0.35616578383970515	0.0
0.35897377853033857	0.0
0.3617815025485842	0.0
0.3645888684279639	0.0
0.3673960421933021	0.0
0.37020460364011876	0.0
0.3730117418850724	0.0
0.37581695105448765	0.0
0.3786216276623488	0.0
0.3814276912916565	0.0
0.3842340813587494	0.0
0.387037772164234	0.0
0.38983793218515095	0.0
0.39263555538702855	0.0
0.3954317954354189	0.0
0.3982278085786768	0.0
0.4010235615960569	0.0
0.4038192266990455	0.0
0.406615629821157	0.0
0.40941387167580123	0.0
0.4122152695969368	0.0
0.4150212666432293	0.0
0.4178278714511545	0.0
0.4206330105080134	0.0
0.42343772156615056	0.0
0.42624362666444104	0.0
0.4290527686584487	0.0
0.4318592938726341	0.0
0.43466325024407554	0.0
0.4374671728076927	0.0
0.44027380853166187	0.0
0.4430849975224291	0.0
0.445901685482534	0.0
0.44871834202055044	0.0
0.45153587189991407	0.0
0.45435603063313434	0.0
0.4571815698328081	0.0
0.46000871967343376	0.0
0.46283497919181804	0.0
0.46566294257804147	0.0
0.4684955288476297	0.0
0.47133579308313645	0.0
0.4741865539816538	0.0
0.4770502208025804	0.0
0.4799196483813273	0.0
0.4827926259958096	0.0
0.485671221711812	0.0
0.48855720142235043	0.0
0.49145211434743963	0.0
0.4943573248363111	0.0
0.49727403771465173	0.0
0.5002033012842523	0.0
0.5031345186959258	0.0
0.5060684993431261	0.0
0.5090072614384353	0.0
0.5119526702281078	0.0
0.5149064229795989	0.0
0.5178700307496381	0.0
0.5208448045486849	0.0
0.5238318489697165	0.0
0.5268222298060875	0.0
0.529817246167242	0.0
0.5328188583565073	0.0
0.5358288666835559	0.0
0.5388457955385323	0.0
0.5418630231834035	0.0
0.5448831199188503	0.0
0.5479086406400137	0.0
0.5509419929793513	0.0
0.5539852896755906	0.0
0.5570403582712833	0.0
0.5601087616935838	0.0
0.5631917333357458	0.0
0.5662874476363624	0.0
0.5693936766175994	0.0
0.5725028235529865	0.0
0.5756162474501848	0.0
0.5787352506347072	0.0
0.5818609540405153	0.0
0.5849942566820561	0.0
0.5881357793574964	0.0
0.591285792878888	0.0
0.5944441397902708	0.0
0.5976101707379681	0.0
0.600782727735136	0.0
0.6039577176489854	0.0
0.6071339367927164	0.0
0.6103110378802423	0.0
0.6134881856686559	0.0
0.6166642013188592	0.0
0.6198377986619846	0.0
0.6230078693616737	0.0
0.6261737465674173	0.0
0.6293342353714346	0.0
0.6324899171537387	0.0
0.6356420115051151	0.0
0.6387920519582039	0.0
0.641941611358974	0.0
0.6450920440357999	0.0
0.6482417930172237	0.0
0.6513883608373197	0.0
0.6545333567059145	0.0
0.657676105631101	0.0
0.6608175751126295	0.0
0.6639586789639286	0.0
0.6670999218549996	0.0
0.6702414878715708	0.0
0.6733831524719618	0.0
0.6765230896190946	0.0
0.6796613308409938	0.0
0.6827979130925534	0.0
0.6859329877786794	0.0
0.6890668549515186	0.0
0.6921999359148807	0.0
0.6953327087970141	0.0
0.6984650722095439	0.0
0.7015946299645803	0.0
0.7047222215273794	0.0
0.7078485175068268	0.0
0.7109742908947896	0.0
0.7141001217503605	0.0
0.7172263812838909	0.0
0.7203532506338817	0.0
0.7234782199953962	0.0
0.726599815911825	0.0
0.7297189811964298	0.0
0.7328364385912184	0.0
0.7359527331787751	0.0
0.7390682811523633	0.0
0.7421834139537419	0.0
0.7452984108436146	0.0
0.7484135174909292	0.0
0.7515289520193645	0.0
0.7546432357296092	0.0
0.7577554460928715	0.0
0.7608661549926653	0.0
0.7639758585277553	0.0
0.7670842041352117	0.0
0.7701911213494247	0.0
0.7732971817273311	0.0
0.7764029030892421	0.0
0.7795086726076468	0.0
0.782613232071955	0.0
0.785716939272097	0.0
0.788820269355239	0.0
0.791923594960778	0.0
0.7950272056061594	0.0
0.798131321023031	0.0
0.8012361001130754	0.0
0.8043397185612096	0.0
0.8074419358644298	0.0
0.8105433396022592	0.0
0.8136444145083455	0.0
0.8167455464459562	0.0
0.8198470284673034	0.0
0.8229490698074509	0.0
0.8260518075685421	0.0
0.829153303429027	0.0
0.8322523873772928	0.0
0.8353496737129896	0.0
0.8384456826154765	0.0
0.8415409430122515	0.0
0.8446358958489877	0.0
0.8477309043262153	0.0
0.8508262630053633	0.0
0.8539222051875118	0.0
0.8570180483802291	0.0
0.8601122589032995	0.0
0.8632053945173678	0.0
0.8662979169497507	0.0
0.8693899340306925	0.0
0.8724805717441686	0.0
0.8755704319759168	0.0
0.8786599953581818	0.0
0.8817496332640836	0.0
0.8848390753523477	0.0
0.8879278549249685	0.0
0.8910164305050275	0.0
0.8941051543383484	0.0
0.8971942870973694	0.0
0.9002840141071405	0.0
0.9033744614278293	0.0
0.9064634555288069	0.0
0.9095513592651575	0.0
0.9126387295696967	0.0
0.9157260295166346	0.0
0.9188136354772565	0.0
0.921901843886968	0.0
0.9249908776015819	0.0
0.9280808920145903	0.0
0.9311707771015743	0.0
0.9342586478068892	0.0
0.9373450672805643	0.0
0.9404305636155489	0.0
0.9435156381695972	0.0
0.9466007004115223	0.0
0.9496860743128578	0.0
0.9527720062535908	0.0
0.9558586740110233	0.0
0.958944199241973	0.0
0.962028595790256	0.0
0.9651123551232104	0.0
0.9681958969769013	0.0
0.9712781501954149	0.0
0.9743592264847719	0.0
0.977439675181759	0.0
0.9805199800687349	0.0
0.9836005316410965	0.0
0.986681635527272	0.0
0.9897622286364555	0.0
0.9928426979481598	0.0
0.9959234052583876	0.0
0.9990046380890536	0.0
1.0020866155298838	0.0
1.005168025342752	0.0
1.0082482330281082	0.0
1.011327705920583	0.0
1.014406968460865	0.0
1.0174864539393353	0.0
1.0205665077293145	0.0
1.0236473911382533	0.0
1.0267292863659563	0.0
1.029812303160857	0.0
1.0328950125411238	0.0
1.0359762755907491	0.0
1.0390565754619032	0.0
1.0421363131915082	0.0
1.045215875640641	0.0
1.0482955743437763	0.0
1.0513756597899249	0.0
1.0544563356743388	0.0
1.0575372560415688	0.0
1.0606169104622365	0.0
1.063695712371732	0.0
1.0667741128303734	0.0
1.0698525379290749	0.0
1.0729300295529016	0.0
1.076006691548317	0.0
1.0790830187995377	0.0
1.0821594624424187	0.0
1.085236387410784	0.0
1.0883131457984463	0.0
1.0913898908311783	0.0
1.0944669743482967	0.0
1.0975446188680418	0.0
1.1006229271753916	0.0
1.1037006484670353	0.0
1.106777139544876	0.0
1.1098528807676125	0.0
1.112928120334222	0.0
1.1160031370023777	0.0
1.119078172847155	0.0
1.1221534676883154	0.0
1.1252292984064167	0.0
1.1283060060109635	0.0
1.1313840062959146	0.0
1.1344601027305887	0.0
1.1375350179356933	0.0
1.1406094580667483	0.0
1.1436841670530835	0.0
1.1467599878733568	0.0
1.1498377561670976	0.0
1.152916846793269	0.0
1.1559950290858472	0.0
1.1590735186527665	0.0
1.1621533975117833	0.0
1.1652346921206735	0.0
1.1683163954201106	0.0
1.171399690220993	0.0
1.1744856084740607	0.0
1.1775741220630362	0.0
1.180664595345466	0.0
1.1837580172855253	0.0
1.1868551694074716	0.0
1.1899566931640015	0.0
1.193059956736957	0.0
1.1961638055281159	0.0
1.1992693734013835	0.0
1.202377648378977	0.0
1.2054894876319866	0.0
1.2086056307139486	0.0
1.2117266714872277	0.0
1.2148530720251522	0.0
1.2179847762723144	0.0
1.2211168132269759	0.0
1.2242502687220604	0.0
1.227386108749404	0.0
1.2305251860635371	0.0
1.2336682471673297	0.0
1.2368159397666911	0.0
1.2399687971527678	0.0
1.24312719747042	0.0
1.2462867282825876	0.0
1.2494483293978143	0.0
1.2526128960827785	0.0
1.2557812161570845	0.0
1.2589539755558397	0.0
1.262129416964504	0.0
1.2653079282320627	0.0
1.2684902633890107	0.0
1.271677063204233	0.0
1.2748678292136393	0.0
1.2780616489583365	0.0
1.2812592590607241	0.0
1.2844613033736343	0.0
1.2876683371134017	0.0
1.2908807960681599	0.0
1.2940950546280752	0.0
1.2973107512733248	0.0
1.300528773309333	0.0
1.3037499197750149	0.0
1.3069749046155805	0.0
1.3102043604147955	0.0
1.313438842466795	0.0
1.3166787813221563	0.0
1.3199245158048443	0.0
1.323173286518102	0.0
1.3264230399032297	0.0
1.3296746498809	0.0
1.3329289072998376	0.0
1.3361865232429282	0.0
1.339448132959695	0.0
1.3427143003060713	0.0
1.3459855225333668	0.0
1.349262235244615	0.0
1.3525412925139628	0.0
1.355822299797689	0.0
1.3591060470651453	0.0
1.362393237283406	0.0
1.365684489675949	0.0
1.3689794770306705	0.0
1.3722769622663953	0.0
1.3755776604674257	0.0
1.3788822129499245	0.0
1.3821911891850642	0.0
1.3855035832245581	0.0
1.3888190677941923	0.0
1.3921382688273827	0.0
1.395461740914169	0.0
1.398789970145649	0.0
1.4021233778849838	0.0
1.4054589453635888	0.0
1.4087958337341053	0.0
1.4121348271166267	0.0
1.4154766430380927	0.0
1.4188219330032061	0.0
1.4221712834290643	0.0
1.4255252170244899	0.0
1.428884194673071	0.0
1.432248617851136	0.0
1.4356178613492983	0.0
1.438987588275164	0.0
1.4423585962580847	0.0
1.4457316229336654	0.0
1.4491073473934322	0.0
1.4524863917755093	0.0
1.455869322976002	0.0
1.4592566544662546	0.0
1.4626488482062685	0.0
1.4660463166494964	0.0
1.4694463199833752	0.0
1.4728482256268074	0.0
1.4762527010068347	0.0
1.4796603501113714	0.0
1.483071716581272	0.0
1.486486873972471	0.0
1.4899043521783468	0.0
1.4933248161112942	0.0
1.496748868989573	0.0
1.5001770508911652	0.0
1.503609292126418	0.0
1.5070442136710904	0.0
1.510482378327118	0.0
1.5139242983106926	0.0
1.5173704374576964	0.0
1.5208212136863395	0.0
1.524277001658012	0.0
1.5277341807402276	0.0
1.5311930580022708	0.0
1.5346542869744533	0.0
1.5381184675967188	0.0
1.5415861467185257	0.0
1.54505781901617	0.0
1.5485339283708839	0.0
1.5520148697276495	0.0
1.5555009914284947	0.0
1.558991666122044	0.0
1.5624830074714011	0.0
1.5659757067126159	0.0
1.5694704106786732	0.0
1.5729677221418537	0.0
1.5764682001397055	0.0
1.5799723603309732	0.0
1.5834806754371828	0.0
1.5869935758293354	0.0
1.5905114503168298	0.0
1.5940340378388453	0.0
1.597558315091042	0.0
1.6010848688045052	0.0
1.6046142406482296	0.0
1.6081469292043122	0.0
1.6116833918961952	0.0
1.6152237557969533	0.0
1.618766737783537	0.0
1.6223128631761548	0.0
1.625862607017978	0.0
1.6294163950817093	0.0
1.6329735903243199	0.0
1.6365334947653027	0.0
1.6400965881729859	0.0
1.6436633157609422	0.0
1.6472340894401971	0.0
1.6508092889285304	0.0
1.6543892592153668	0.0
1.6579722833989858	0.0
1.6615570548364857	0.0
1.6651441189640495	0.0
1.6687339781609531	0.0
1.672327092711126	0.0
1.6759238821398086	0.0
1.6795247269174964	0.0
1.6831299705075153	0.0
1.6867399217166972	0.0
1.6903548513309528	0.0
1.693972376881122	0.0
1.6975910551036608	0.0
1.7012114613292266	0.0
1.7048341365162163	0.0
1.7084595866508197	0.0
1.7120882822564216	0.0
1.7157206581116193	0.0
1.7193571132663334	0.0
1.7229980114258903	0.0
1.7266436817451847	0.0
1.7302943982801637	0.0
1.7339468468353616	0.0
1.7376015210343874	0.0
1.7412588831436202	0.0
1.7449193642147665	0.0
1.7485833640190713	0.0
1.7522512509102293	0.0
1.7559224211686206	0.0
1.7595964113917693	0.0
1.7632736047551831	0.0
1.7669543535753052	0.0
1.7706389828453233	0.0
1.7743260727677734	0.0
1.7780160145649824	0.0
1.7817092200762243	0.0
1.785406075296813	0.0
1.7891069399573205	0.0
1.7928121471142395	0.0
1.796522002824283	0.0
1.8002353913031515	0.0
1.8039506661309672	0.0
1.8076682527422032	0.0
1.811388544353372	0.0
1.8151119038242767	0.0
1.8188386658087952	0.0
1.8225691391257584	0.0
1.8263036092579792	0.0
1.8300423408693494	0.0
1.8337855802194347	0.0
1.837533084444869	0.0
1.8412818239144906	0.0
1.8450322915778234	0.047690449243751765
1.8487849494977944	0.0
1.8525402283265935	0.0
1.8562985273086534	0.0
1.8600602148360146	0.0
1.8638256295270388	0.0
1.8675950817467768	0.0
1.871368855442961	0.0
1.8751472101416657	0.0
1.8789302105169063	0.0
1.8827151210561535	0.0
1.886502343511181	0.0
1.8902922500727202	0.0
1.8940851832707206	0.0
1.8978814566718574	0.0
1.901681356409478	0.0
1.905484403322958	0.0
1.9092899945760817	0.0
1.9130984774255757	0.0
1.9169101876313501	0.0
1.9207254256910413	0.0
1.9245443228249535	0.0
1.9283660054610574	0.0
1.932190834769707	0.0
1.9360191458102742	0.0
1.9398512469793237	0.0
1.9436874197116003	0.0
1.9475279184561818	0.0
1.951372970960797	0.0
1.9552207553424001	0.0
1.9590704139439705	0.0
1.9629222781971059	0.0
1.9667766662654147	0.0
1.970633885072245	0.0
1.9744942317989667	0.0
1.9783579947520964	0.0
1.9822254535533705	0.0
1.9860968786721696	0.0
1.9899725303870648	0.0
1.9938526573244728	0.0
1.9977363896920086	0.0
2.0016219556423236	0.0
2.00550971190719	0.0
2.0093999940351037	0.0
2.0132931183458607	0.0
2.017189383501472	0.0
2.0210890715444574	0.0
2.0249924483411545	0.0
2.0288997634633232	0.0
2.03281124963198	0.0
2.0367271219194327	0.0
2.040647170423363	0.0
2.044569185564274	0.0
2.048493459269266	0.0
2.05242027214132	0.0
2.05634989692554	0.0
2.060282601149381	0.0
2.0642183091794815	0.0
2.0681563424895177	0.0
2.072097051319794	0.0
2.076040762831666	0.0
2.0799877797953785	0.0
2.0839383800655806	0.0
2.087892816713213	0.0
2.091851318645427	0.0
2.0958140915726404	0.0
2.0997805658463493	0.0415919897947763
2.1037505503257865	0.0
2.107724231834617	0.0
2.111701774656422	0.0
2.115683322900305	0.0
2.1196668182975205	0.0
2.123652058739688	0.0
2.1276394170667694	0.0
2.131629261991293	0.0
2.1356219545225743	0.0
2.139617844072157	0.0
2.1436172646276352	0.0
2.147620531353673	0.0
2.151627937907247	0.0
2.1556397546493526	0.0
2.1596562278116243	0.0
2.1636762138807133	0.0
2.167697283801172	0.0
2.1717197596891014	0.046768808296708236
2.175743958130008	0.0
2.1797701879062603	0.0
2.1837987482987185	0.0
2.1878299284611002	0.0
2.1918640062217247	0.0
2.195901246309014	0.0
2.1999419004070395	0.0
2.2039862078524872	0.0
2.2080344027308674	0.0
2.21208680164674	0.0
2.216143777528694	0.0
2.220205675402356	0.0
2.2242728000506715	0.0
2.228341478650357	0.0
2.2324112117789814	0.0
2.236482360474204	0.0
2.24055533962381	0.0
2.244630596096339	0.0
2.2487085893083507	0.0
2.2527897746164496	0.0
2.2568745895865927	0.0
2.260963428931321	0.0
2.265056624658774	0.0
2.2691501143490678	0.0
2.2732452470512645	0.0
2.277345029982676	0.0
2.2814493637014297	0.0
2.2855557308168057	0.0
2.289665110154021	0.0
2.293776829246017	0.0
2.2978897566747976	0.0
2.3020036079859483	0.0
2.306121238234424	0.0
2.310203219329495	0.0
2.3142118926234323	0.0
2.3179351712736227	0.0
2.3215187568335334	0.0
2.325068730331648	0.0
2.3286054731072063	0.0
2.33202024934405	0.0
2.335414028905027	0.0
2.3388101693498284	0.0
2.3421096208250876	0.0
2.3453593386349194	0.0
2.3485698597062883	0.0
2.351815455305407	0.0
2.355070049235899	0.0
2.3582529280063245	0.0
2.361402260592325	0.0
2.3645429096965143	0.0
2.3676962474472525	0.0
2.370769810811723	0.0
2.373842615192534	0.0
2.376896134015663	0.0
2.3799295824021867	0.0
2.3829319972781544	0.0
2.3859196365337936	0.04049225294735198
2.388911184033918	0.0
2.3918903625463446	0.0
2.3948357838445737	0.0
2.397781040237906	0.0
2.4007387029681895	0.0
2.403716729326147	0.0
2.4067174852819346	0.0
2.409685895306188	0.0
2.4126387015741626	0.0
2.4155903134993477	0.0
2.4185513264351974	0.0
2.4214953488557684	0.0
2.424436440290601	0.0
2.427373337199338	0.0
2.430306803917652	0.0
2.4332183004530203	0.0
2.4361357841071842	0.0
2.439062411117158	0.0
2.4419712906081523	0.0
2.4448750341303445	0.0
2.4477834427338387	0.0
2.4507018298713943	0.0
2.453635024251325	0.0
2.4565472510676	0.0
2.459451176192739	0.0
2.4623576754146828	0.0
2.4652754312346556	0.0
2.468182441366712	0.0
2.4710890639564034	0.0
2.473995769468079	0.0
2.476891568014358	0.0
2.4797809063785246	0.0
2.4826847986876515	0.0
2.485578054442138	0.0
2.488465335878851	0.0
2.4913555527822857	0.0
2.4942505529599663	0.0
2.4971569572946413	0.0
2.5000662563198777	0.04063623951932365
2.5029632206117296	0.0
2.5058594757739026	0.0
2.508761990845759	0.0
2.511669491037307	0.0
2.5145746428234177	0.0
2.5174816088128535	0.0
2.520390406468398	0.0
2.5232846634770323	0.0
2.526184940401379	0.0
2.5290884048812123	0.0
2.531992718257637	0.0
2.5348944588467868	0.0
2.53779858319061	0.0
2.540710561247476	0.0
2.5436353389877095	0.0
2.546557907540111	0.0
2.5494746646243205	0.0
2.5523929846500817	0.0
2.5553209194790183	0.0
2.5582521455190927	0.0
2.5611822842484933	0.0
2.5641167156843587	0.0
2.567044916899068	0.0
2.5699679615758493	0.0
2.572897587499328	0.0
2.5758302102794057	0.0
2.5787575397043616	0.0
2.5816866714485665	0.0
2.58462047183062	0.0
2.5875648559916775	0.0
2.5905210135755348	0.0
2.5934634386384072	0.0
2.596404216418415	0.0
2.5993513305001508	0.0
2.6023082691422337	0.0
2.6052626588133085	0.0
2.6082198626946496	0.0
2.6111807843952866	0.0
2.6141268199784258	0.0
2.6170792921881914	0.0
2.620033804107931	0.0
2.622988298108641	0.0
2.6259377172882097	0.0
2.6288898185732736	0.0
2.631850407611438	0.0
2.634824480044744	0.0
2.6377942527564473	0.0
2.640756978833817	0.0
2.6437212577629685	0.0
2.646696934262121	0.0
2.6496755026283196	0.0
2.6526532602911588	0.0
2.655636047299248	0.0
2.658610858267651	0.0
2.6615803441931694	0.0
2.6645593455595216	0.0
2.6675321009172985	0.0
2.6704993641687444	0.0
2.673470281981515	0.0
2.6764490460273396	0.0
2.6794389316378098	0.0
2.6824361559323577	0.0
2.685419942152851	0.0
2.68840233502948	0.0
2.691392646305689	0.0
2.6943891662761765	0.0
2.6973838992009727	0.0
2.7003839899182025	0.0
2.7033888276342326	0.0
2.7063756062258713	0.0
2.709371265843336	0.0
2.712371402302577	0.0
2.7153667099587326	0.0
2.7183574382700293	0.0
2.721351318414508	0.0
2.7243543101369467	0.0
2.727371280024463	0.0
2.7303784424910944	0.0
2.7333788295991823	0.0
2.736381370682978	0.0
2.739394872279948	0.0
2.742406886274342	0.0
2.7454182948208605	0.0
2.748434230784949	0.0
2.751445578447719	0.0
2.754446356654191	0.0
2.757459890701374	0.0
2.7604655421095887	0.0
2.763465449327246	0.0
2.7664681605303514	0.0
2.769476137285248	0.0
2.772495933272737	0.0
2.7755158368199417	0.0
2.7785238733491084	0.0
2.7815297868868476	0.0
2.7845436723156824	0.0
2.787560242523257	0.0
2.790572628725165	0.0
2.793589286598226	0.0
2.7966080219876464	0.0
2.799609714696618	0.0
2.8026189677081494	0.0
2.805632587037986	0.0
2.8086399953521566	0.0
2.8116430961387557	0.0
2.8146483818559354	0.0
2.8176636343974106	0.0
2.820692293384066	0.0
2.8237033896687205	0.0
2.8267092251563306	0.0
2.8297184585553463	0.0
2.832734465898893	0.0
2.8357457712483716	0.0
2.8387593826764794	0.0
2.8417739783979563	0.0
2.844773265866993	0.0
2.847775494448188	0.0
2.8507863691680395	0.0
2.8537913782802757	0.0
2.856789477864921	0.0
2.8597881140087487	0.0
2.862794624627232	0.0
2.865813967457881	0.0
2.8688229294235468	0.0
2.871823373948972	0.0
2.8748254899686327	0.0
2.877837495275755	0.0
2.8808471719338042	0.0
2.8838555166319466	0.0
2.8868666799188207	0.0
2.88987293417747	0.0
2.8928685190504195	0.0
2.8958792632637107	0.0
2.8988826110723545	0.0
2.901879380133301	0.0
2.904875453290549	0.0
2.907876873974373	0.0
2.910890344815749	0.0
2.9139013375278138	0.0
2.9169008995196823	0.0
2.9198995398525356	0.0
2.9229080037681046	0.0
2.925916696690143	0.0
2.9289227641870967	0.0
2.9319323583575785	0.0
2.9349369119230135	0.0
2.9379311429986235	0.0
2.940935985028076	0.0
2.9439406585864845	0.0
2.946936868039262	0.0
2.949932478728888	0.0
2.952931773474221	0.0
2.9559420107951278	0.0
2.9589567860236707	0.0
2.9619573364375076	0.0
2.964954898596533	0.0
2.967959708380192	0.0
2.9709712751766726	0.0
2.973978259109014	0.0
2.9769880454447204	0.0
2.980000249426175	0.0
2.982997535516904	0.0
2.9860013274309143	0.0
2.9890076014882387	0.0
2.9920109495716263	0.0
2.995010377274338	0.0
2.9980122130872795	0.0
3.0010242823062874	0.0
3.00404816961227	0.0
3.0070552678242577	0.0
3.010056974527117	0.0
3.0130652015339523	0.0
3.016079460228121	0.0
3.0190904861179817	0.0
3.0221051827512224	0.0
3.0251221089399123	0.0
3.0281235672065265	0.0
3.0311289733625584	0.0
3.034140329175208	0.0
3.0371445273746693	0.0
3.0401451471697256	0.0
3.0431489385027697	0.0
3.046162353810595	0.0
3.0491891720783815	0.0
3.0522038345088425	0.0
3.0552125418955405	0.0
3.058225298023336	0.0
3.06124834282549	0.0
3.0642698868149596	0.0
3.0672921432213855	0.0
3.0703175986698064	0.0
3.073329541582321	0.0
3.0763421660289705	0.0
3.0793611873811177	0.0
3.0823733681605496	0.0
3.0853814318509363	0.0
3.088392543127757	0.0
3.0914127626156898	0.0
3.0944465168273396	0.0
3.0974709318666935	0.0
3.1004864615005983	0.0
3.1035059721345184	0.0
3.106535868354966	0.0
3.1095637153518947	0.0
3.1125921403680343	0.0
3.1156243869330553	0.0
3.1186443574940133	0.0
3.121665262295345	0.0
3.1246929098697542	0.0
3.127719687239615	0.0
3.1307413759571667	0.0
3.133763134872301	0.0
3.1367929725430903	0.0
3.1398356061003176	0.0
3.142871966174068	0.0
3.1458989338843972	0.0
3.148928571709479	0.0
3.151968591208019	0.0
3.1550073812006745	0.0
3.1580467839301827	0.0
3.16109032635373	0.0
3.1641212994741155	0.0
3.1671511130945706	0.0
3.170191701011815	0.0
3.1732214462019224	0.0
3.1762477463499375	0.0
3.1792774507036508	0.0
3.18231538313782	0.0
3.185365599962893	0.0
3.188410485383464	0.0
3.1914477943787434	0.0
3.1944858680804282	0.0
3.197534190489942	0.0
3.2005846670991915	0.0
3.2036343133190845	0.0
3.2066881542015917	0.0
3.209731616838742	0.0
3.2127720686487113	0.0
3.215824525598108	0.0
3.2188679057772336	0.0
3.221906287396447	0.0
3.2249467491080295	0.0
3.227995588459845	0.0
3.231056389609012	0.0
3.2341137146995114	0.0
3.2371625086478586	0.0
3.240211205167701	0.0
3.243270201724073	0.0
3.246328243877456	0.0
3.2493865995420737	0.0
3.2524490451277055	0.0
3.255506795091825	0.0
3.2585569028834764	0.0
3.261619484888254	0.0
3.2646781060837835	0.0
3.267730013343128	0.0
3.270781985551822	0.0
3.273840068223263	0.0
3.276909975541805	0.0
3.279979113076165	0.0
3.283038017045591	0.0
3.2860962533422304	0.0
3.2891641018860462	0.0
3.2922337314866192	0.0
3.2953013227337618	0.0
3.298372906834001	0.0
3.301435256849298	0.0
3.304490891511788	0.0
3.307559755592354	0.0
3.3106237601031663	0.0
3.3136802676239276	0.0
3.3167366502351054	0.0
3.319799245158143	0.0
3.3228735187384997	0.0
3.325946518180438	0.0
3.329009033746933	0.0
3.3320701107918436	0.0
3.3351411079391866	0.0
3.3382117233560065	0.0
3.341280842254263	0.0
3.3443537946461057	0.0
3.3474194763331675	0.0
3.350476651412765	0.0
3.3535475006387343	0.0
3.3566147144627863	0.0
3.359673900473897	0.0
3.3627320251813466	0.0
3.365796519394607	0.0
3.368872540285184	0.0
3.371945620072572	0.0
3.3750072244654743	0.0
3.378069067046806	0.0
3.3811412516669055	0.0
3.384211330006986	0.0
3.3872801747846872	0.0
3.390351997987952	0.0
3.393413775388865	0.0
3.3964703205018614	0.0
3.3995400573454675	0.0
3.4026024310010277	0.0
3.405657731012774	0.0
3.4087126679786164	0.0
3.4117751253049886	0.0
3.4148491462999586	0.0
3.4179171986015637	0.0
3.420971787316479	0.0
3.4240302924072403	0.0
3.4270989913760648	0.0
3.430164147515682	0.0
3.4332291841234657	0.0
3.436296299477244	0.0
3.4393527329871407	0.0
3.4424059742272735	0.0
3.4454723472713638	0.0
3.4485279103852235	0.0
3.4515779858717277	0.0
3.4546288460906993	0.0
3.457688770293655	0.0
3.4607606312926955	0.0
3.463822172413685	0.0
3.4668732202461405	0.0
3.4699287621168007	0.0
3.4729946045397018	0.0
3.476054450727086	0.0
3.479115093380958	0.0
3.4821771803218935	0.0
3.4852265738377284	0.0
3.4882760085605073	0.0
3.4913354838042596	0.0
3.49438160774966	0.0
3.497424523048554	0.0
3.50047003569516	0.0
3.5035249264495842	0.0
3.50659166676246	0.0
3.5096447924678666	0.0
3.5126891503859508	0.0
3.5157394331022345	0.0
3.518798999626643	0.0
3.521852258914391	0.0
3.5249073248677236	0.0
3.527963538724105	0.0
3.531005787841269	0.0
3.5340497126254395	0.0
3.5371018829247642	0.0
3.540143540029083	0.0
3.5431822408530467	0.0
3.546223266707222	0.0
3.5492730601136975	0.0
3.552335121773713	0.0
3.5553811773863404	0.0
3.5584213291482	0.0
3.56146648067356	0.0
3.5645209562237117	0.0
3.567569759410105	0.0
3.5706193343325245	0.0
3.57366952565894	0.0
3.576704166090374	0.0
3.579741762699513	0.0
3.5827874009485785	0.0
3.5858275559298884	0.0
3.5888657443090453	0.0
3.5919096449712193	0.0
3.594964209637157	0.0
3.59803191087496	0.0
3.601103789395073	0.0
3.6041781978347958	0.0
3.6072550582316416	0.0
3.610334661025696	0.0
3.613424613471325	0.0
3.6165220519704624	0.0
3.6196249780468066	0.0
3.6227320075968623	0.0
3.6258443151314825	0.0
3.628963488159285	0.0
3.6320865399611186	0.0
3.635211647179241	0.0
3.6383383965944396	0.0
3.641467049291522	0.0
3.644598011313634	0.0
3.647732462431242	0.0
3.6508741559391247	0.0
3.654023750421589	0.0
3.6571808413110887	0.0
3.660342988868599	0.0
3.6635094523008447	0.0
3.6666789127768107	0.0
3.669851309180607	0.0
3.6730274376873058	0.0
3.6762080393409944	0.0
3.6793909685458233	0.0
3.68256670326503	0.0
3.685751765084764	0.0
3.688945674612135	0.0
3.6921446025080873	0.0
3.695347707222597	0.0
3.6985564187700115	0.0
3.7017706112393984	0.0
3.7049872395119934	0.0
3.7082054198262946	0.0
3.7114251106514335	0.0
3.714646694358405	0.0
3.717871085497869	0.0
3.721101391914909	0.0
3.7243409345234224	0.0
3.727588101320526	0.0
3.730839510708761	0.0
3.7340941702240973	0.0
3.7373514979292284	0.0
3.7406118885226713	0.0
3.7438761956039275	0.0
3.747145256907762	0.0
3.750410303866274	0.0
3.7536772800215505	0.0
3.756953959966928	0.0
3.76023736567198	0.0
3.7635248119261613	0.0
3.7668177100893923	0.0
3.7701171742498696	0.0
3.7734190127025737	0.0
3.776722208772192	0.0
3.78002678999143	0.0
3.7833333827672577	0.0
3.78664305591099	0.0
3.789960353009338	0.0
3.7932873508136704	0.0
3.7966211675713017	0.0
3.799959264110413	0.0
3.803300965075512	0.0
3.8066462887441865	0.0
3.8099943631124957	0.0
3.8133462767327666	0.0
3.8166980906289854	0.0
3.820046041108375	0.0
3.8234053173843536	0.0
3.82677317458935	0.0
3.830144772727935	0.0
3.8335216838523363	0.0
3.836905779138226	0.0
3.8402921394477687	0.0
3.843679724876277	0.0
3.8470685729507967	0.0
3.850459714472966	0.0
3.853855179981722	0.0
3.857259704333253	0.0
3.8606743109754134	0.0
3.864093861232704	0.0
3.8675179287772696	0.0
3.8709446644316152	0.0
3.874374511199717	0.0
3.8778083167306545	0.0
3.881245059411536	0.0
3.8846737998859666	0.0
3.8881064523797564	0.0
3.891551862820168	0.0
3.8950055674499535	0.0
3.898464426066665	0.0
3.9019307603004476	0.0
3.9054003750612774	0.0
3.908871414012339	0.0
3.9123440975743438	0.0
3.9158194997034648	0.0
3.919300105320081	0.0
3.9227905273273582	0.0
3.926290056634841	0.0
3.9297945400416925	0.0
3.933301835117593	0.0
3.9368125230345563	0.0
3.9403265398277547	0.0
3.9438459663649494	0.0
3.9473580566367805	0.0
3.9508690635985135	0.0
3.9543953792327655	0.0
3.9579304834058533	0.0
3.96147128935089	0.0
3.965019740731103	0.0
3.968570567133028	0.0
3.972122723437505	0.0
3.9756764075481748	0.0
3.979233207862469	0.0
3.9827960491147247	0.0
3.986370116903379	0.0
3.989950831744848	0.0
3.9935363493067544	0.0
3.9971261650235093	0.0
4.000718896478654	0.0
4.004313547849965	0.0
4.007905335522447	0.0
4.011488549586926	0.0
4.015089475688523	0.0
4.018701050846939	0.0
4.022320852945396	0.0
4.025946879540385	0.0
4.02958196430113	0.0
4.033218874979142	0.0
4.036857192382605	0.0
4.0404976774626125	0.0
4.044143574910489	0.0
4.047799930970012	0.0
4.051467326649221	0.0
4.055141373872398	0.0
4.0588205754093885	0.0
4.062502747247663	0.0
4.066190177954121	0.0
4.06987513409072	0.0
4.07355629350885	0.0
4.077253513107192	0.0
4.080961142548937	0.0
4.084674146189141	0.0
4.088395365922236	0.0
4.092122823280156	0.0
4.095851865418271	0.0
4.099582534520029	0.0
4.103316964152698	0.0
4.107060962109378	0.0
4.1108183291776115	0.0
4.114581710472196	0.0
4.1183512796966175	0.0
4.122124682758453	0.0
4.125900965420333	0.0
4.129672214992656	0.0
4.133447151165005	0.0
4.137238790128262	0.0
4.141039154312643	0.0
4.144845591044635	0.0
4.148661413168877	0.0
4.1524776244253925	0.0
4.156294751880402	0.0
4.160119556704586	0.0
4.163925148483209	0.0
4.16772780120724	0.0
4.171536826257792	0.0
4.175358204136926	0.0
4.179197817707119	0.0
4.182996527380473	0.0
4.186791613954198	0.0
4.190601794289736	0.0
4.194397397529662	0.0
4.1981971331316394	0.0
4.202000509014558	0.0
4.205805020082801	0.0
4.209580137544773	0.0
4.213346708793663	0.0
4.217136251857294	0.0
4.220908699747513	0.0
4.224667822043545	0.0
4.2284269266705925	0.0
4.232193719237697	0.0
4.2359811164568795	0.0
4.239739803855644	0.0
4.243484586400361	0.0
4.2472376584527956	0.0
4.250993874043823	0.0
4.254743283485841	0.0
4.258497820230962	0.0
4.262252964765204	0.0
4.265988770918826	0.0
4.269703535829009	0.0
4.2734338803851575	0.0
4.2771656885161615	0.0
4.280873978404925	0.0
4.28458066799427	0.0
4.288294275721905	0.0
4.29202403784605	0.0
4.295732317967992	0.0
4.2994267687217045	0.0
4.303126378763075	0.0
4.306833279947731	0.0
4.310535350875042	0.0
4.314240285800197	0.0
4.317947089813981	0.0
4.3216401186740425	0.0
4.325308218633304	0.0
4.328985515399292	0.0
4.332670165138172	0.0
4.336336742787	0.0
4.3399991531753	0.0
4.343664373299607	0.0
4.3473440897320605	0.0
4.351011700838349	0.0
4.354661481455306	0.0
4.358316320017028	0.0
4.361979454018168	0.0
4.365634378229324	0.0
4.369294396343997	0.0
4.372957785936221	0.0
4.376611838464188	0.0
4.380241672772001	0.0
4.383878303500931	0.0
4.387520184929504	0.0
4.391151338233876	0.0
4.3947771526259976	0.0
4.398405345628023	0.0
4.402046300196602	0.0
4.405684219874642	0.0
4.409302012312737	0.0
4.412922060681249	0.0
4.41655297832651	0.0
4.420180061642064	0.0
4.423808018915969	0.0
4.427442588787898	0.0
4.431083340075941	0.0
4.43470391051572	0.0
4.438321636282755	0.0
4.441942116174782	0.0
4.445564246532191	0.0
4.449193750601637	0.0
4.4528219036447005	0.0
4.456455246967841	0.0
4.460104778291412	0.0
4.463746102050831	0.0
4.467388567453288	0.0
4.47103468501416	0.0
4.474686140349221	0.0
4.478345861047382	0.0
4.482011445740141	0.0
4.485680216372169	0.0
4.489350456585915	0.0
4.49302209679367	0.0
4.4966974469204235	0.0
4.500377906873358	0.0
4.504062368135346	0.0
4.507750690858566	0.0
4.511442776067894	0.0
4.51513848241343	0.0
4.518838080021248	0.0
4.5225419493892405	0.0
4.526250333063744	0.0
4.529963260106367	0.0
4.533680544185761	0.0
4.537401838573452	0.0
4.541126747360076	0.0
4.544854892104895	0.0
4.548585947664945	0.0
4.552319662991123	0.0
4.556055870901476	0.0
4.559794494960851	0.0
4.563535563832426	0.0
4.567279212643619	0.0
4.571025662953989	0.0
4.574775180610171	0.0
4.5785280400880035	0.0
4.582284503544182	0.0
4.58604481178795	0.0
4.589809179950028	0.0
4.5935778140499	0.0
4.597350938187418	0.0
4.6011281054802105	0.0
4.604909181358789	0.0
4.60869423390224	0.0
4.612483384360305	0.0
4.6162768575927915	0.0
4.620074789465714	0.0
4.623877580713782	0.0
4.62768587569208	0.0
4.631499150865248	0.0
4.635317673245851	0.0
4.639141715438561	0.0
4.64297157241044	0.0
4.646807578981553	0.0
4.6506501156231295	0.0
4.654499592332627	0.0
4.658356406955983	0.0
4.662218738885994	0.0
4.666084692478061	0.0
4.669954610789131	0.0
4.673828851102063	0.0
4.677707742128332	0.0
4.681591552029131	0.0
4.685480152914806	0.0
4.6893723632224145	0.0
4.693268310705573	0.0
4.697168159414571	0.0
4.701072099396983	0.0
4.704980338126002	0.0
4.7088931009188695	0.0
4.712810644280767	0.0
4.71673328048129	0.0
4.720661405634763	0.0
4.724595519077747	0.0
4.72853622104518	0.0
4.732484179583585	0.0
4.736440066144557	0.0
4.740404470194691	0.0
4.744377812608613	0.0
4.748358609842452	0.0
4.7523436169846285	0.0
4.756333255409555	0.0
4.760327884768258	0.0
4.764327764927783	0.0
4.768332213222398	0.0
4.77234115721996	0.0
4.776354773222069	0.0
4.780373248241751	0.0
4.7843967894369275	0.0
4.788425641814797	0.0
4.792460112949021	0.0
4.796500599245058	0.0
4.800547605157784	0.0
4.804601746058382	0.0
4.808663722829847	0.0
4.812734002600771	0.0
4.816805576619933	0.0
4.820877927498329	0.0
4.824951181620754	0.0
4.829025578726963	0.0
4.833101476537134	0.0
4.837179340437243	0.0
4.841259717792949	0.0
4.8453431991788065	0.0
4.849430371280247	0.0
4.853521767731144	0.0
4.8576178244540715	0.0
4.861718845307198	0.0
4.8658249822205795	0.0
4.869936231825842	0.0
4.874052448248239	0.0
4.878173369688481	0.0
4.882298654985085	0.0
4.8864277930306885	0.0
4.890560231749606	0.0
4.894695701254532	0.0
4.898834010977191	0.0
4.902975061341513	0.0
4.907118846103036	0.0
4.911265446260096	0.0
4.915415016511163	0.0
4.919567765226109	0.0
4.923723929067993	0.0
4.9278837437917815	0.0
4.932045025850153	0.0
4.936206196086367	0.0
4.940367292502467	0.0
4.944528343483182	0.0
4.94868935913436	0.0
4.95285032812086	0.0
4.957011220241184	0.0
4.961171994342788	0.0
4.96533261059327	0.0
4.96949304560594	0.0
4.973653308530144	0.0
4.977813456020887	0.0
4.98197360405409	0.0
4.986133934874745	0.0
4.990294697921668	0.0
4.994456204272855	0.0
4.9986188148794275	0.0
5.002781585889916	0.0
5.006944309027577	0.0
5.011107475049722	0.0
5.015271607470636	0.0
5.01943722209456	0.0
5.023604787641252	0.0
5.02777469185094	0.0
5.031947215989743	0.0
5.036122484690369	0.0
5.04030046652769	0.0
5.044481100913961	0.0
5.048664211841164	0.0
5.052849533770655	0.0
5.057036745250585	0.0
5.061225507328123	0.0
5.065415503022149	0.0
5.069606473495191	0.0
5.0737981395506635	0.0
5.077990337624209	0.0
5.08218306736275	0.0
5.086376437071416	0.0
5.090570644818626	0.0
5.094765948436847	0.0
5.098962628900157	0.0
5.103160952678758	0.0
5.107361138941968	0.0
5.11156333686535	0.0
5.115767616847609	0.0
5.119973977296343	0.0
5.124182366038848	0.0
5.128392712739611	0.0
5.132604966476123	0.0
5.136819131391626	0.0
5.141032523058541	0.0
5.145244468722227	0.0
5.14945491684066	0.0
5.153663927398926	0.0
5.157871682183772	0.0
5.162078477691198	0.0
5.166284702319832	0.0
5.1704908019857125	0.0
5.174697239711419	0.0
5.178904454954837	0.0
5.183112827641803	0.0
5.187322650455063	0.0
5.1915341113712286	0.0
5.195747287099856	0.0
5.199962147149135	0.0
5.204178567686337	0.0
5.208396353982529	0.0
5.212615269792164	0.0
5.21683507137037	0.0
5.221055543010296	0.0
5.225276530220564	0.0
5.229497966298597	0.0
5.2337198883908025	0.0
5.237942440287132	0.0
5.242165861044957	0.0
5.246390460733447	0.0
5.250616586685416	0.0
5.254844585222228	0.0
5.2590747645980915	0.0
5.263307364779197	0.0
5.267540646107882	0.0
5.271769775952844	0.0
5.275995289932926	0.0
5.280217806491312	0.0
5.284437988298785	0.0
5.2886565031664015	0.0
5.29287398952923	0.0
5.297091030462487	0.0
5.301308138793474	0.0
5.305525754461461	0.0
5.309744253517706	0.0
5.313963966560361	0.0
5.318185202872679	0.0
5.322408275495977	0.0
5.326633522260019	0.0
5.3308613186048035	0.0
5.335092079851972	0.0
5.3393262526408085	0.0
5.3435633253747445	0.0
5.347802613804102	0.0
5.352044334920336	0.0
5.3562885997917205	0.0
5.360535414502326	0.0
5.364784689114309	0.0
5.369036254296337	0.0
5.373289884816247	0.0
5.377545328374325	0.0
5.381802337335074	0.0
5.386060700032807	0.0
5.390320267792313	0.0
5.394580973898578	0.0
5.398842841605145	0.0
5.4031059798041055	0.0
5.407368529003351	0.0
5.4116281769215835	0.0
5.415885034420678	0.0
5.420139305118175	0.0
5.424391262196466	0.0
5.428641220780965	0.0
5.432889510006572	0.0
5.4371364488528044	0.0
5.441382329149773	0.0
5.445627407965134	0.0
5.449871910052861	0.0
5.454116039402106	0.0
5.4583599974202714	0.0
5.462604004178706	0.0
5.466848318659826	0.0
5.471093254182455	0.0
5.475339186103613	0.0
5.479586550295356	0.0
5.483835832463031	0.0
5.488087549771243	0.0
5.492342227223776	0.0
5.496600371681633	0.0
5.500862446327758	0.0
5.505128847941279	0.0
5.5093947192565444	0.0
5.513660133179005	0.0
5.517925063188491	0.0
5.522189775029522	0.0
5.526454482208897	0.0
5.530719347665421	0.0
5.534984491616512	0.0
5.53925000508507	0.0
5.543515967928435	0.0
5.547782469444678	0.0
5.552049628991687	0.0
5.5563176137167245	0.0
5.560586650618659	0.0
5.5648570308145064	0.0
5.569129104977692	0.0
5.57340327025758	0.0
5.5776799503090935	0.0
5.5819595711014385	0.0
5.586242316996483	0.0
5.590528547055751	0.0
5.594818613507744	0.0
5.5991102466854406	0.0
5.603399753030083	0.0
5.607687476942008	0.0
5.611973828997511	0.0
5.616259289354641	0.0
5.620544401674993	0.0
5.624829757952833	0.0
5.629115976021401	0.0
5.633403390435666	0.0
5.63769018287688	0.0
5.641976400037074	0.0
5.646262160835871	0.0
5.650547664685154	0.0
5.654833189748982	0.0
5.6591190816412595	0.0
5.663405734465843	0.0
5.6676935670624875	0.0
5.671982997648176	0.0
5.676273151534125	0.0
5.6805632711919385	0.0
5.684853789522592	0.0
5.68914512008794	0.0
5.693437634274927	0.0
5.697731642353573	0.0
5.702027379455717	0.0
5.7063249969745105	0.0
5.710624559552583	0.0
5.714926047660929	0.0
5.719229365673299	0.0
5.723534355187156	0.0
5.727840813032104	0.0
5.732148512911852	0.0
5.736457229012405	0.0
5.7407667593303024	0.0
5.7450769461254545	0.0
5.749387690954996	0.0
5.753698962279714	0.0
5.75801079460807	0.0
5.762323279387354	0.0
5.766636549123814	0.0
5.770948977675986	0.0
5.775260190908947	0.0
5.779570417548772	0.0
5.783879909295675	0.0
5.788188918853826	0.0
5.792497680107392	0.0
5.796806393201279	0.0
5.801115216503612	0.0
5.805424266339916	0.0
5.809733624161652	0.0
5.814043349646525	0.0
5.818350777895555	0.0
5.822654748787369	0.0
5.826955482920178	0.0
5.831253262734283	0.0
5.835548440723904	0.0
5.839841441662862	0.0
5.844132758200974	0.0
5.848422940218361	0.0
5.852712579143608	0.0
5.857002288924191	0.0
5.861292685468971	0.0
5.865584366245062	0.0
5.869877891397059	0.0
5.874173767483236	0.0
5.8784724346013295	0.0
5.882774257472703	0.0
5.887079520876635	0.0
5.891388429643587	0.0
5.895701113186695	0.0
5.900017348967289	0.0
5.90433469462285	0.0
5.908651823283155	0.0
5.912968765199501	0.0
5.917285562096572	0.0
5.921602279548052	0.0
5.925919017633206	0.0
5.930235918274641	0.0
5.93455316790449	0.0
5.938870994672379	0.0
5.9431896602065075	0.0
5.947509446814733	0.0
5.951830641784414	0.0
5.956153520948315	0.0
5.960478333830074	0.0
5.964805292444232	0.0
5.9691345652528165	0.0
5.9734662769791305	0.0
5.9778002631374125	0.0
5.982136521985175	0.0
5.986472856697667	0.0
5.990808701365871	0.0
5.995144118418951	0.0
5.999479188520353	0.0
6.003814020891573	0.0
6.008148761215902	0.0
6.012483595663189	0.0
6.016818750211413	0.0
6.02115448516294	0.0
6.02549108543076	0.0
6.029828847691886	0.0
6.0341680658045505	0.0
6.038509015950056	0.0
6.042851942826571	0.0
6.047197047962329	0.0
6.051544480910139	0.0
6.055894333800161	0.0
6.060246639499096	0.0
6.064601373447724	0.0
6.06895813305082	0.0
6.073315023735172	0.0
6.077671955207032	0.0
6.082028800844716	0.0
6.086385406877629	0.0
6.0907416044365	0.0
6.095097223536314	0.0
6.099452107753056	0.0
6.103806128137499	0.0
6.108159194848648	0.0
6.1125112651450735	0.0
6.1168623467626295	0.0
6.121212496296353	0.0
6.125561812905718	0.0
6.129910428355599	0.0
6.134258494964749	0.0
6.138606173354847	0.0
6.14295362191341	0.0
6.147300989592217	0.0
6.151648413100592	0.0
6.155996018807395	0.0
6.160343928857914	0.0
6.164692270279366	0.0
6.169041185321403	0.0
6.173390841053467	0.0
6.177741436359855	0.0
6.182092663681583	0.0
6.186443293318218	0.0
6.190793450533161	0.0
6.195141388496274	0.0
6.199484198398427	0.0
6.203823206617842	0.0
6.208159368193941	0.0
6.212493408224587	0.0
6.216825924014826	0.0
6.221157434010407	0.0
6.22548749443547	0.0
6.229813841831736	0.0
6.234136421625114	0.0
6.238448755226935	0.0
6.242754063904308	0.0
6.247054987632859	0.0
6.251351654513596	0.0
6.255637729257225	0.0
6.259916144488681	0.0
6.264189193251874	0.0
6.2684582082354465	0.0
6.272723848169562	0.0
6.276987013458195	0.0
6.281248344458617	0.0
6.285508322340261	0.0
6.289764638813063	0.0
6.294013715875164	0.0
6.2982555477151525	0.0
6.302492129985353	0.0
6.306725416010258	0.0
6.310957137605498	0.0
6.315188629022204	0.0
6.319419679139541	0.0
6.323642066571562	0.0
6.327858580417345	0.0
6.332071303908249	0.0
6.336281609662431	0.0
6.340490295881487	0.0
6.344697784259945	0.0
6.348904309480423	0.0
6.353110055889419	0.0
6.357312277983923	0.0
6.361508218449487	0.0
6.365700618875014	0.0
6.36988809855405	0.0
6.374067237401064	0.0
6.378240936363771	0.0
6.382411314191361	0.0
6.386576848352684	0.0
6.390737032434725	0.0
6.394892208627366	0.0
6.399041730671377	0.0
6.4031849405087975	0.0
6.4073233322756735	0.0
6.411458783820938	0.0
6.41559294447025	0.0
6.419726054919178	0.0
6.423851639422872	0.0
6.427973058148075	0.0
6.432092865108972	0.0
6.436208046969791	0.0
6.440318022392892	0.0
6.44442087216997	0.0
6.44851726674326	0.0
6.452610759813095	0.0
6.456703537303506	0.0
6.46079651012115	0.0
6.464889448352609	0.0
6.468982073234001	0.0
6.473074271392467	0.0
6.477166076145506	0.0
6.481249920145761	0.0
6.485326412115105	0.0
6.489391388077066	0.0
6.493448927722114	0.0
6.497502423447929	0.0
6.5015527239380955	0.0
6.505599508729413	0.0
6.50964405096807	0.0
6.513683913547101	0.0
6.517721896035871	0.0
6.521759551374731	0.0
6.525796604407702	0.0
6.529829100920552	0.0
6.533859095729165	0.0
6.537887195319265	0.0
6.541913945157386	0.0
6.545939396378465	0.0
6.549963411179361	0.0
6.553978821905956	0.0
6.557986949302004	0.0
6.561991961566838	0.0
6.565994199109562	0.0
6.569986138649428	0.0
6.573971813399394	0.0
6.577954705035218	0.0
6.5819372475952065	0.0
6.585920079700319	0.0
6.589898438220166	0.0
6.5938742884764645	0.0
6.597848997718217	0.0
6.601823077182671	0.0
6.605796498189396	0.0
6.609769030193692	0.0
6.613739570932363	0.0
6.6177091914886805	0.0
6.621678609031821	0.0
6.625647872793511	0.0
6.62961099100018	0.0
6.633568031495809	0.0
6.637517547943098	0.0
6.641458177183759	0.0
6.645392936666917	0.0
6.649325552131386	0.0
6.653258641830505	0.0
6.657189385377139	0.0
6.661115022356076	0.0
6.665038760899417	0.0
6.668962449387463	0.0
6.672886673500115	0.0
6.676811150787606	0.0
6.680735238708384	0.0
6.68465837681034	0.0
6.688580348286557	0.0
6.692501336177698	0.0
6.696421823004595	0.0
6.700342415558155	0.0
6.70426367259926	0.0
6.708184669913829	0.0
6.712103899596678	0.0
6.716021886691994	0.0
6.719939085820402	0.0
6.723855804984883	0.0
6.7277721888972275	0.0
6.731688249808465	0.0
6.735603924130525	0.0
6.7395191328540305	0.0
6.743433830044753	0.0
6.747348032268094	0.0
6.751261829250447	0.0
6.755175380500588	0.0
6.759088903693683	0.0
6.763002659361752	0.0
6.766914771588035	0.0
6.770825455636461	0.0
6.774735003454632	0.0
6.778643746350326	0.0
6.782552040305503	0.0
6.786460249487904	0.0
6.790368727685214	0.0
6.794277798537293	0.0
6.7981877266610145	0.0
6.802097860923719	0.0
6.806008398135607	0.0
6.8099194625023065	0.0
6.813830707005038	0.0
6.817741686659104	0.0
6.821652463635228	0.0
6.825563055410371	0.0
6.829473451942533	0.0
6.833383637349389	0.0
6.837293612265829	0.0
6.841203413171396	0.0
6.845113125805168	0.0
6.849022891046672	0.0
6.852932903025063	0.0
6.856841467455312	0.0
6.860748414018306	0.0
6.864654001625294	0.0
6.868558545251719	0.0
6.8724623998073024	0.0
6.876365942513015	0.0
6.880269556064973	0.0
6.884173614263887	0.0
6.8880784710395435	0.0
6.891984453083843	0.0
6.895891855754809	0.0
6.899800941590843	0.0
6.903710142213618	0.0
6.907619227152743	0.0
6.911528437037413	0.0
6.915437990878429	0.0
6.919348090042007	0.0
6.9232589229824955	0.0
6.927170669861644	0.0
6.931083506422075	0.0
6.934997606735966	0.0
6.938913144677923	0.0
6.9428302941523	0.0
6.946749228232554	0.0
6.950670117445994	0.0
6.954592833354438	0.0
6.958515971614019	0.0
6.962439672914578	0.0
6.966364091016413	0.0
6.970289391249476	0.0
6.974215747688816	0.0
6.978143339216864	0.0
6.982072344808701	0.0
6.986002938468889	0.0
6.989935284293919	0.0
6.993869532126293	0.0
6.997805171722692	0.0
7.0017420894018505	0.0
7.005680378181769	0.0
7.009619651815453	0.0
7.013559739796432	0.0
7.0175007594419725	0.0
7.0214428233149935	0.0
7.025386038466294	0.0
7.029330506202621	0.0
7.033276322401772	0.0
7.037223578321543	0.0
7.041172361770359	0.0
7.045122758439321	0.0
7.049074853152969	0.0
7.053027565978514	0.0
7.0569802067351945	0.0
7.060932841032981	0.0
7.064885551123532	0.0
7.068838435741321	0.0
7.072791609046636	0.0
7.07674519877787	0.0
7.0806993437818235	0.0
7.084654191126473	0.0
7.088609893008494	0.0
7.092566603650068	0.0
7.0965244763424735	0.0
7.100481536266435	0.0
7.104437954870919	0.0
7.108393923081227	0.0
7.112349639789569	0.0
7.11630530740905	0.0
7.120261127869998	0.0
7.12421729919909	0.0
7.128174012771996	0.0
7.132131451284875	0.0
7.136089787450279	0.0
7.140049183388712	0.0
7.144009790656902	0.0
7.147971750826744	0.0
7.151935196504117	0.0
7.155899872643609	0.0
7.159864698235103	0.0
7.163829788136274	0.0
7.1677952598870425	0.0
7.1717612347711075	0.0
7.1757278390653	0.0
7.1796952053344105	0.0
7.183663473591223	0.0
7.1876327921271566	0.0
7.191603317833184	0.043656538978697465
7.1955750871989705	0.04344545862878911
7.199547592389873	0.0
7.203521016498933	0.0
7.2074955518402035	0.0
7.2114713968742565	0.0
7.215448147634811	0.0
7.219425615638301	0.0
7.22340400097299	0.0
7.227383508810416	0.0
7.231364346378134	0.0
7.235346720015911	0.0
7.239330832421419	0.0
7.24331688016689	0.0
7.247305051540296	0.0
7.25129552473619	0.0
7.255288466395247	0.0
7.259282394170561	0.0
7.263277348978617	0.0
7.267273470004498	0.0
7.271270889347931	0.0
7.275269731211648	0.0
7.279270111344635	0.0
7.283272136708351	0.0
7.287275905341907	0.0
7.2912815064079375	0.0
7.295289020400189	0.0
7.299297602462693	0.0
7.303306300737956	0.0
7.3073152186399115	0.0
7.311324472425143	0.0
7.315334190332809	0.0
7.319344511182114	0.0
7.323355582480713	0.0
7.327367558119349	0.0
7.3313805957368645	0.0
7.335394853849428	0.0
7.339410488851635	0.0
7.343427652000181	0.0
7.347445426469319	0.0
7.351463249745848	0.0
7.3554812325556895	0.0
7.359499490917591	0.0
7.363518147181896	0.0
7.367537331205193	0.0
7.371557180231727	0.0
7.37557783690458	0.0
7.3795994463721915	0.0
7.383622153606317	0.0
7.38764610158116	0.0
7.391671430717996	0.0
7.395698279130819	0.0
7.399726782746843	0.0
7.403757075071552	0.0
7.40778928619111	0.0
7.411822295946994	0.0
7.415856234901043	0.0
7.419891245456843	0.0
7.423926725713633	0.0
7.427962755662711	0.0
7.431999672404405	0.0
7.436038000449408	0.0
7.44007804258289	0.0
7.444119777129623	0.0
7.448163294177189	0.0
7.452208296593909	0.0
7.45625516416843	0.0
7.460303854701872	0.0
7.464354265628668	0.0
7.468406397091666	0.0
7.472460881268348	0.0
7.47651852749415	0.0
7.480578831942893	0.0
7.484643082032235	0.0
7.488708807682692	0.0
7.49277038197695	0.0
7.496776521256836	0.0
7.5007546544303265	0.0
7.504736277214752	0.0
7.5086739214824325	0.0
7.512595478111507	0.0
7.516506418030473	0.0
7.520410133380759	0.0
7.524274283207574	0.0
7.52812295505357	0.0
7.531989379028551	0.0
7.535831136936963	0.0
7.539648919775679	0.0
7.543472388634542	0.0
7.547308137923362	0.0
7.551158004518645	0.0
7.554971120768903	0.0
7.558776792225628	0.0
7.562595344619275	0.0
7.56640838769218	0.0
7.570220543821416	0.0
7.574044116883196	0.0
7.5778725948859895	0.0
7.581677982778308	0.0
7.585481079343046	0.0
7.589293870282644	0.0
7.593094462516237	0.0
7.596885926772212	0.0
7.600675768255039	0.0
7.604475588484478	0.0
7.608289783580115	0.0
7.612071652107104	0.0
7.615850223337906	0.0
7.6196431379143705	0.0
7.623429063075385	0.0
7.627218859582194	0.0
7.631021096949454	0.0
7.634829821289632	0.0
7.638613678606976	0.0
7.6423981692596	0.0
7.6461973454907035	0.0
7.64998280000035	0.0
7.653761161544121	0.0
7.657538649538382	0.0
7.661325537739185	0.0
7.665126052444662	0.0
7.66889602392293	0.0
7.672664393033162	0.0
7.6764467280027695	0.0
7.680220556284614	0.0
7.683998106693577	0.0
7.6877874509209585	0.0
7.691583261075371	0.0
7.695351689355866	0.0
7.69911658530464	0.0
7.702902591758028	0.0
7.706676409711323	0.0
7.710444503628528	0.0
7.714212929122212	0.0
7.717988870382075	0.0
7.7217807066734725	0.0
7.725542217016599	0.0
7.729301145821783	0.0
7.733072454089124	0.0
7.736834127370789	0.0
7.740598173699318	0.0
7.744371659656278	0.0
7.748149716284012	0.0
7.751910074196755	0.0
7.755658183252226	0.0
7.759428074403711	0.0
7.763185676711178	0.0
7.766937839834289	0.0
7.770688514216719	0.0
7.774447249818963	0.0
7.778216632519062	0.0
7.781961237319198	0.0
7.785703835662908	0.0
7.789459095028857	0.0
7.793205827373009	0.0
7.796953104246287	0.0
7.8007050816573456	0.0
7.804460822887372	0.0
7.808184610548926	0.0
7.811909362586266	0.0
7.815655820292916	0.0
7.8193791026299575	0.0
7.823101928489229	0.0
7.826828008908511	0.0
7.830564183180606	0.0
7.834306382942196	0.0
7.838027380906948	0.0
7.84175018204184	0.0
7.845486769315788	0.0
7.849214194844192	0.0
7.852946443632287	0.0
7.856683159012679	0.0
7.860414492656199	0.0
7.8641196065692025	0.0
7.867829515777225	0.0
7.871554623493796	0.0
7.875267584202992	0.0
7.8789756006415805	0.0
7.882686056139065	0.0
7.8864092182456424	0.0
7.890129222212437	0.0
7.89383485262751	0.0
7.8975437024482655	0.0
7.90126118824133	0.0
7.904974265454395	0.0
7.908690021374439	0.0
7.912408749678453	0.0
7.916116177597702	0.0
7.91980636256907	0.0
7.923501988640056	0.0
7.927208981461639	0.0
7.930900659156595	0.0
7.934589473693118	0.0
7.9382800537093265	0.0
7.9419869366062965	0.0
7.945678913583893	0.0
7.949364733351974	0.0
7.953053993794296	0.0
7.956750659207909	0.0
7.960441211029419	0.0
7.964136987540585	0.0
7.967835703714868	0.0
7.971515910294593	0.0
7.975188940889097	0.0
7.978871496664274	0.0
7.982550749490293	0.0
7.986218298339937	0.0
7.989883011962938	0.0
7.99355383953371	0.0
7.997244907020045	0.0
8.000908926797926	0.0
8.004569755412554	0.0
8.008239940609993	0.0
8.0119087365842	0.0
8.015578240407912	0.0
8.019255308909617	0.0
8.02293657812199	0.0
8.026593212889372	0.0
8.030246644269344	0.0
8.033918730896334	0.0
8.03757484405063	0.0
8.041228064052854	0.0
8.044881452841041	0.0
8.048544259922066	0.0
8.05221764943484	0.0
8.055868506904018	0.0
8.059518872842059	0.0
8.063182578486071	0.0
8.066839674448113	0.0
8.070498800997166	0.0
8.074163485724794	0.0
8.07783009735591	0.0
8.081471075599998	0.0
8.085113206761052	0.0
8.088773020715408	0.0
8.092409023261101	0.0
8.096044841080344	0.0
8.099684094285962	0.0
8.103337872558278	0.0
8.106979378384	0.0
8.110610907581577	0.0
8.114247099061748	0.0
8.117886247116111	0.0
8.121523067588749	0.0
8.125163306159399	0.0
8.128808311752616	0.0
8.132442475686307	0.0
8.136065494792978	0.0
8.13969699517816	0.0
8.14333237017836	0.0
8.146954189669744	0.0
8.15057446197547	0.0
8.15419929786222	0.0
8.157842583021967	0.0
8.161459301139871	0.0
8.165073144111794	0.0
8.16869514177292	0.0
8.172311704705248	0.0
8.175929636039704	0.0
8.179553784937882	0.0
8.183182128454906	0.0
8.186794087569806	0.0
8.190397278824943	0.0
8.194018363785622	0.0
8.197627546588103	0.0
8.20123030897849	0.0
8.204832639517823	0.0
8.20844506815801	0.0
8.21205984142659	0.0
8.21565842964095	0.0
8.219258193722757	0.0
8.222869259987075	0.0
8.226473888256889	0.0
8.230081934150393	0.0
8.233694370558302	0.0
8.237305066088808	0.0
8.240896740127736	0.0
8.24449308118929	0.0
8.24809827499558	0.0
8.251693115292131	0.0
8.255285458917607	0.0
8.258878904157012	0.0
8.262487869355114	0.0
8.266082128642067	0.0
8.269670863644054	0.0
8.27326411188691	0.0
8.276859035718326	0.0
8.280449737383108	0.0
8.284046244877405	0.0
8.287645090271017	0.0
8.291228374530224	0.0
8.294801381035237	0.0
8.298389324614028	0.0
8.301969898335052	0.0
8.30553942107841	0.0
8.309108632550123	0.0
8.31268635816342	0.0
8.316271124562805	0.0
8.31983692256972	0.0
8.323401580645704	0.0
8.326978135565714	0.0
8.33054733912166	0.0
8.33411667831615	0.0
8.337689911419847	0.0
8.341264263493402	0.0
8.34481862838422	0.0
8.348375445001942	0.0
8.351945155874946	0.0
8.355501804764867	0.0
8.359055933649014	0.0
8.36261122261829	0.0
8.366180964963155	0.0
8.369739492565627	0.0
8.373292685012478	0.0
8.376849247554164	0.0
8.380410715672747	0.0
8.383967281705543	0.0
8.387529131848309	0.0
8.39109404343334	0.0
8.394643014224487	0.0
8.398184390304081	0.0
8.401739520957813	0.0
8.405288833030818	0.0
8.408826953052257	0.0
8.412365555528643	0.0
8.415912606883008	0.0
8.419467870905404	0.0
8.423004870931928	0.0
8.426540669055564	0.0
8.430088275864158	0.0
8.433629498805299	0.0
8.437170718230327	0.0
8.440715890055825	0.0
8.444260217599584	0.0
8.44778647610351	0.0
8.451316226999039	0.0
8.454857652934288	0.0
8.458384205799712	0.0
8.461908731881154	0.0
8.46543495416746	0.0
8.468975899798055	0.0
8.472501088775738	0.0
8.476022465455364	0.0
8.479547927848367	0.0
8.483074419317488	0.0
8.486597787812718	0.0
8.490126969331763	0.0
8.493658350910962	0.0
8.497170400073708	0.0
8.500680039156155	0.0
8.504203844935706	0.0
8.507718951323424	0.0
8.511227099569417	0.0
8.514735434107589	0.0
8.51825206528592	0.0
8.521773608915375	0.0
8.525279533903763	0.0
8.528785606863803	0.0
8.532303060987507	0.0
8.535814092190305	0.0
8.539327091284438	0.0
8.542843222828868	0.0
8.546352552149095	0.0
8.549849259609044	0.0
8.553349055950997	0.0
8.556859550571133	0.0
8.560357069749193	0.0
8.563852963433408	0.0
8.56735119597378	0.0
8.570865185447296	0.0
8.57436141000303	0.0
8.577855114793465	0.0
8.581355176045452	0.0
8.584853216911121	0.0
8.588352835544702	0.0
8.59185812980586	0.0
8.59536753464332	0.0
8.598853411498098	0.0
8.602341455331873	0.0
8.605847056824352	0.0
8.609334033175651	0.0
8.612821259251291	0.0
8.616312078857833	0.0
8.619813149000237	0.0
8.62331223565957	0.0
8.626799933050677	0.0
8.630291668149221	0.0
8.633788771402495	0.0
8.637282673318452	0.0
8.640781196914343	0.0
8.644283286725228	0.0
8.64777698025397	0.0
8.651261653461845	0.0
8.654751787848461	0.0
8.65824604863771	0.0
8.661731443227268	0.0
8.665214909422057	0.0
8.66870358167187	0.0
8.672208971843121	0.0
8.675694295081545	0.0
8.67917871546462	0.0
8.682671940899839	0.0
8.686161007333638	0.0
8.689652395604059	0.0
8.693148726517713	0.0
8.696644303138772	0.0
8.700121422295124	0.0
8.703602775028587	0.0
8.707099532533496	0.0
8.710579279342475	0.0
8.714057695332478	0.0
8.7175375134755	0.0
8.721031436811332	0.0
8.724513847312119	0.0
8.727992622222137	0.0
8.731475087065872	0.0
8.734960611848372	0.0
8.738441632861738	0.0
8.741929012532754	0.0
8.745418283344609	0.0
8.748891884104282	0.0
8.752358231083976	0.0
8.755840063357391	0.0
8.759315749825165	0.0
8.762785588069598	0.0
8.766258684177739	0.0
8.769742316270492	0.0
8.773240677936398	0.0
8.776751647994654	0.0
8.780259542934598	0.0
8.783762926995893	0.0
8.787270581615225	0.0
8.7907912698579	0.0
8.794319347120204	0.0
8.797851690689926	0.0
8.801387726775308	0.0
8.804928937656314	0.0
8.808473631623759	0.0
8.812019568587067	0.0
8.815566907229051	0.0
8.819116325032958	0.0
8.822668872670809	0.0
8.826226225591942	0.0
8.829788929823154	0.0
8.833353395239564	0.0
8.836920203333266	0.0
8.840489494692072	0.0
8.844061065893106	0.0
8.847634343686668	0.0
8.851209361983882	0.0
8.85478441389131	0.0
8.858355572668932	0.0
8.861928370498065	0.0
8.865510642445871	0.0
8.869097798792916	0.0
8.872687853043457	0.0
8.876282484880129	0.0
8.87988094794507	0.0
8.883480425466699	0.0
8.887081131139528	0.0
8.890683819960984	0.0
8.894289788949395	0.0
8.897901653510912	0.0
8.901519679155445	0.0
8.905140451694745	0.0
8.908764500543619	0.0
8.912391572472078	0.0
8.916020990133541	0.0
8.91965209121407	0.0
8.923283252136587	0.0
8.926910212621763	0.0
8.930536521102693	0.0
8.934177194166976	0.0
8.937821830371519	0.0
8.941469796088354	0.0
8.945122703191513	0.0
8.948777904294964	0.0
8.952434254038927	0.0
8.956091988438613	0.0
8.959751956539602	0.0
8.963415662087426	0.0
8.967086138996821	0.0
8.970759253298588	0.0
8.974435501663448	0.0
8.978115268002714	0.0
8.98179760909127	0.0
8.985482474544332	0.0
8.989168663267737	0.0
8.992852758843107	0.0
8.996537390005091	0.0
9.000224713287304	0.0
9.00392174223637	0.0
9.007623417435507	0.0
9.011329384053026	0.0
9.015038808491665	0.0
9.018749440560091	0.0
9.022461242602606	0.0
9.026174952971445	0.0
9.029891955267649	0.0
9.033615040127286	0.0
9.037340062756332	0.0
9.041068081582644	0.0
9.044799715375913	0.0
9.048533038873092	0.0
9.052268710360238	0.0
9.056007402610602	0.0
9.05974450628141	0.0
9.063481502752055	0.0
9.06721955170548	0.0
9.070967672354406	0.0
9.074720802411056	0.0
9.078478496641388	0.0
9.082239775433372	0.0
9.086002036157016	0.0
9.089766171185685	0.0
9.093532498580627	0.0
9.097302595942331	0.0
9.101078901498875	0.0
9.104857213263433	0.0
9.108638429895878	0.0
9.112422214557169	0.0
9.116207394924585	0.0
9.119994745189748	0.0
9.123783189064993	0.0
9.127568531003798	0.0
9.131354294574422	0.0
9.135139201336495	0.0
9.138936666205536	0.0
9.142739535859716	0.0
9.146547638196877	0.0
9.150357733716739	0.0
9.154169106324309	0.0
9.15798184825562	0.0
9.161797319880295	0.0
9.165618660196165	0.0
9.169445707039763	0.0
9.173275691946898	0.0
9.177109188471476	0.0
9.180945316681747	0.0
9.184783419687044	0.0
9.188622394077498	0.0
9.192459970893092	0.0
9.196294830344522	0.0
9.200132135915558	0.0
9.203982118252574	0.0
9.20783797635755	0.0
9.211699492098816	0.0
9.215564122565079	0.0
9.219429853578779	0.0
9.223297381351601	0.0
9.227168406388307	0.0
9.23104627417663	0.0
9.234929922883227	0.0
9.238817215297548	0.0
9.242708426560354	0.0
9.246602066383263	0.0
9.25049795834518	0.0
9.254394551888977	0.0
9.258287756566965	0.0
9.262182902567629	0.0
9.26609148949762	0.0
9.270003153713157	0.0
9.2739110719187	0.0
9.277821380321155	0.0
9.28172615797312	0.0
9.285624016903196	0.0
9.289519548689027	0.0
9.293407645992403	0.0
9.29729385001666	0.0
9.30118988962996	0.0
9.305078776095144	0.0
9.308961676726225	0.0
9.31285084260781	0.0
9.316749078213963	0.0
9.320633445884402	0.0
9.324517536270196	0.0
9.328405994088007	0.0
9.332282884108432	0.0
9.336157242937237	0.0
9.34002311382405	0.0
9.343881496299828	0.0
9.347748156677582	0.0
9.351612372904864	0.0
9.355465117105602	0.0
9.359321812339816	0.0
9.363192267601208	0.0
9.367050054751818	0.0
9.370904037481512	0.0
9.374765901965928	0.0
9.378621481082611	0.0
9.382474872379117	0.0
9.386325442753588	0.0
9.39016498258668	0.0
9.394008254639399	0.0
9.397867792040087	0.0
9.401707545291062	0.0
9.405546178747366	0.0
9.409397004964102	0.0
9.413245661571302	0.0
9.417084881001152	0.0
9.420929587145531	0.0
9.424774310164965	0.0
9.428612011293229	0.0
9.432448021176423	0.0
9.436274804881062	0.0
9.440098161795435	0.0
9.443935702177033	0.0
9.447767155918099	0.0
9.451589629630819	0.0
9.455420205596477	0.0
9.459268077390783	0.0
9.46309759506209	0.0
9.466926704082056	0.0
9.470767625628092	0.0
9.474595806080359	0.0
9.478423347125926	0.0
9.482246916471436	0.0
9.486058618342625	0.0
9.489872595152057	0.0
9.493706213024984	0.0
9.49752644599531	0.0
9.501344548049774	0.0
9.505173889444487	0.0
9.50902594935413	0.0
9.512911406719091	0.0
9.51682501236283	0.0
9.520747277824936	0.0
9.524679111046739	0.0
9.52862425684917	0.0
9.53257498044581	0.0
9.536528154363136	0.0
9.540484999747385	0.0
9.544448209110765	0.0
9.5484127562741	0.0
9.552378737376701	0.0
9.55634686494166	0.0
9.560317253065262	0.0
9.56428887731272	0.0
9.568262474068122	0.0
9.57223463157546	0.0
9.57620804088773	0.0
9.580191526293252	0.0
9.584181375623743	0.0
9.588177858992745	0.0
9.592182031399128	0.0
9.596188208885819	0.0
9.600197481553428	0.0
9.604212469341148	0.0
9.608237938548008	0.0
9.612274302115216	0.0
9.616315650193675	0.0
9.620361829047978	0.0
9.624412312187548	0.0
9.628465867605938	0.0
9.632518995296154	0.0
9.636574453402066	0.0
9.640641529238664	0.0
9.644720344746693	0.0
9.648805072765184	0.0
9.652896291632764	0.0
9.656990134255723	0.0
9.661088730322227	0.0
9.66519301659631	0.0
9.669306956290082	0.0
9.673430852541774	0.0
9.677560222320551	0.0
9.681694550853996	0.0
9.685820094779329	0.0
9.689943704221557	0.0
9.694074870016227	0.0
9.698197220279344	0.0
9.702322316478137	0.0
9.7064478394034	0.0
9.710545300977829	0.0
9.714631552607065	0.0
9.718725195647572	0.0
9.722826448226325	0.0
9.726909644487565	0.0
9.730993504352595	0.0
9.73508069680426	0.0
9.739189463670744	0.0
9.743269387634717	0.0
9.747348829958348	0.0
9.751434062430148	0.0
9.755515957930616	0.0
9.759600618315378	0.0
9.763693849518198	0.0
9.767791492238594	0.0
9.77186518805076	0.0
9.775925756929105	0.0
9.780002845864528	0.0
9.7840814329437	0.0
9.788153243265299	0.0
9.792224419463203	0.0
9.796303690478394	0.0
9.800396017188843	0.0
9.804479851195486	0.0
9.80856764842539	0.0
9.812664954726896	0.0
9.81676776078151	0.0
9.820879361248386	0.0
9.824994321258961	0.0
9.829108816712177	0.0
9.83322289871997	0.0
9.83733770542899	0.0
9.841456098605086	0.0
9.845580000028127	0.0
9.849708671839407	0.0
9.853839583599845	0.0
9.857973233064074	0.0
9.862108928145885	0.0
9.86624636865143	0.0
9.8703848196081	0.0
9.87452443957543	0.0
9.878665781948133	0.0
9.882809025271241	0.0
9.886953827154011	0.0
9.891099525732931	0.0
9.895245539036585	0.0
9.899391523366248	0.0
9.903537592520376	0.0
9.907684684116106	0.0
9.91183364261703	0.0
9.915984716934286	0.0
9.920138178008584	0.0
9.924294023311704	0.0
9.928452065944132	0.0
9.932612073674084	0.0
9.936773884975162	0.0
9.940937454762567	0.0
9.94510283727225	0.0
9.949270163910935	0.0
9.953439674339517	0.0
9.957611698911428	0.0
9.961786687286022	0.0
9.965965171468248	0.0
9.97014709214335	0.0
9.974332406410515	0.0
9.978521512049545	0.0
9.982714840232433	0.0
9.986912854102947	0.0
9.991116024495708	0.0
9.995324769367485	0.0
9.999539364972257	0.0
10.003759858941176	0.0
10.007983517991912	0.0
10.01220939228576	0.0
10.016436992396281	0.0
10.020666999151791	0.0
10.024900250884809	0.0
10.029137543499193	0.0
10.033379432534465	0.0
10.03762611940019	0.0
10.04187675435362	0.0
10.046131264345451	0.0
10.050389672473433	0.0
10.054652302971363	0.0
10.058917470981061	0.0
10.06318475762695	0.0
10.067454328455511	0.0
10.071726316083621	0.0
10.07600083844025	0.0
10.080278011669458	0.0
10.084557947073852	0.0
10.088840733992564	0.0
10.093126421215954	0.0
10.097415013592517	0.0
10.101706495738911	0.0
10.10600088280451	0.0
10.1102982840632	0.0
10.114598955194582	0.0
10.118903314583106	0.0
10.123211909092303	0.0
10.127525332247073	0.0
10.131844115812171	0.0
10.136168626936962	0.0
10.140499002552355	0.0
10.1448351405356	0.0
10.149176274407555	0.0
10.153520081270322	0.0
10.157866565299736	0.0
10.162215846166472	0.0
10.166568409360012	0.0
10.170924837841973	0.0
10.175285736462172	0.0
10.17965163405722	0.0
10.184021214993	0.0
10.188394131371226	0.0
10.192770773199518	0.0
10.197151495843778	0.0
10.201535274571487	0.0
10.20591928521343	0.0
10.210303776384952	0.0
10.214689116927278	0.0
10.219075690475327	0.0
10.223463803209192	0.0
10.227853622675806	0.0
10.232245155371517	0.0
10.236638260573672	0.0
10.241032690352291	0.0
10.245428142298046	0.0
10.249824312372542	0.0
10.254220939353827	0.0
10.258617837741953	0.0
10.263014920594657	0.0
10.267412215867077	0.0
10.271809878808982	0.0
10.276208199591858	0.0
10.280607601492056	0.0
10.285008622850834	0.0
10.289411877171787	0.0
10.293817990244698	0.0
10.298227519846629	0.0
10.302640870239046	0.0
10.307058218078229	0.0
10.311479466778426	0.0
10.315904242181885	0.0
10.320331406006607	0.0
10.324760181196948	0.0
10.329191040114646	0.0
10.333622840345285	0.0
10.33805468300008	0.0
10.342486239077713	0.0
10.346917442719652	0.0
10.351348473453225	0.0
10.355779701707478	0.0
10.360211609237627	0.0
10.36464469869352	0.0
10.369079394906	0.0
10.37351538030885	0.0
10.377952907169558	0.0
10.382392079337533	0.0
10.386832858526606	0.0
10.391275102652397	0.0
10.395718627752425	0.0
10.400163279678425	0.0
10.404608999507438	0.0
10.409055868314425	0.0
10.413504122170329	0.0
10.417953154779173	0.0
10.422403037058258	0.0
10.426854204462085	0.0
10.431307135039074	0.0
10.43576224801578	0.0
10.44021954959197	0.0
10.444679314042727	0.0
10.449141734961424	0.0
10.453606906580696	0.0
10.458074819270266	0.0
10.462545368290312	0.0
10.46701815184113	0.0
10.471492569396576	0.0
10.475968802044658	0.0
10.48044700224679	0.0
10.484926488125451	0.0
10.489406809425112	0.0
10.493888014730603	0.0
10.498353178944534	0.0
10.502833349158744	0.0
10.507318594409986	0.0
10.51179006392494	0.0
10.51626810691258	0.0
10.520757407263202	0.0
10.52523620193575	0.0
10.52970845555323	0.0
10.534195120369892	0.0
10.538669130080565	0.0
10.543142108727906	0.0
10.547611886489824	0.0
10.552073984370486	0.0
10.5565381708851	0.0
10.561016521176757	0.0
10.565493922822139	0.0
10.569970669113719	0.0
10.574447041387758	0.0
10.57892327428543	0.0
10.583399533784274	0.0
10.5878759118825	0.0
10.592352438094668	0.0
10.596829104410013	0.0
10.60130589783363	0.0
10.605782833540946	0.0
10.61025998211231	0.0
10.614737485999946	0.0
10.619215562789163	0.0
10.623694495343914	0.0
10.628174611054925	0.0
10.632656253811918	0.0
10.637139752919259	0.0
10.641625393087082	0.0
10.646113389085547	0.0
10.650603867880182	0.0
10.655096860215203	0.0
10.659592302710216	0.0
10.664089751942612	0.0
10.668587498243191	0.0
10.673085713217446	0.0
10.677584527090108	0.0
10.682084006186749	0.0
10.686584142989112	0.0
10.691084860914637	0.0
10.695586033565187	0.0
10.700087515663522	0.0
10.704588843373218	0.0
10.709088408240367	0.0
10.713586267886747	0.0
10.718082555710733	0.0
10.72257745525247	0.0
10.727071169418451	0.0
10.73156389013054	0.0
10.736055773693023	0.0
10.74054692608317	0.0
10.745037400646888	0.0
10.749527208556467	0.0
10.75401634015056	0.0
10.758504793279108	0.0
10.762992437238195	0.0
10.767478076821902	0.0
10.771962083347987	0.0
10.776444830922733	0.0
10.780926663973485	0.0
10.785407870041121	0.0
10.789888660224626	0.0
10.794369158974087	0.0
10.798849404447562	0.0
10.803329359871555	0.0
10.807808935266559	0.0
10.812288017422627	0.0
10.816766504381334	0.0
10.82124433941918	0.0
10.825721539111258	0.0
10.830198210712563	0.0
10.834674324317154	0.0
10.839149984065587	0.0
10.843625581396427	0.0
10.848101517758966	0.0
10.852578176516579	0.0
10.85705590243253	0.0
10.861534991775214	0.0
10.866015694141034	0.0
10.870498224811323	0.0
10.874982784545548	0.0
10.87946958234912	0.0
10.883958434699489	0.0
10.888445474403175	0.0
10.89291427455662	0.0
10.897394413703271	0.0
10.90188075341233	0.0
10.906344537522719	0.0
10.910812577798474	0.0
10.915305470919144	0.0
10.91977335745017	0.0
10.924233975056033	0.0
10.92870881789118	0.0
10.933174255080777	0.0
10.937615955137792	0.0
10.942049233012018	0.0
10.946484015988936	0.0
10.950918450430796	0.0
10.955376069979202	0.0
10.95980136840854	0.0
10.964221240609255	0.0
10.96865832279495	0.0
10.973100625466817	0.0
10.97752576616798	0.0
10.981955999049408	0.0
10.986381861090143	0.0
10.990793908848298	0.0
10.995192080777112	0.0
10.999590399377423	0.0
11.003977113668684	0.0
11.008379935479368	0.0
11.012779205847302	0.0
11.017163301986598	0.0
11.021556404520883	0.0
11.025975389737459	0.0
11.03036947691791	0.0
11.034762528801096	0.0
11.039162129469577	0.0
11.043541906671507	0.0
11.047917500901843	0.0
11.052287004470216	0.0
11.056644887886502	0.0
11.061009772945141	0.0
11.06540034861917	0.0
11.069766269010257	0.0
11.07413257050481	0.0
11.078519316421133	0.0
11.082906038669648	0.0
11.087283547625367	0.0
11.09165984677813	0.0
11.09600760206196	0.0
11.100350480550373	0.0
11.104703695696491	0.0
11.109043094350886	0.0
11.113379247136622	0.0
11.117735173220579	0.0
11.122081029428273	0.0
11.126417062696571	0.0
11.130764525351099	0.0
11.135138826775474	0.0
11.139499570119687	0.0
11.14385276015561	0.0
11.148171026960874	0.0
11.152477939868149	0.0
11.15679406960878	0.0
11.161113017325922	0.0
11.165437440271939	0.0
11.169772564608724	0.0
11.174120396207389	0.0
11.178448367764734	0.0
11.182779982222733	0.0
11.187133331284151	0.0
11.191501337929799	0.0
11.195863790028728	0.0
11.200200456657448	0.0
11.204515136763439	0.0
11.208830099568818	0.0
11.213154821201975	0.0
11.217484800402783	0.0
11.221830699716143	0.0
11.226196458526177	0.0
11.23056580935354	0.0
11.234939083762443	0.0
11.239316333061623	0.0
11.243694503028797	0.0
11.248068313361383	0.0
11.25243685543966	0.0
11.25679898582783	0.0
11.261151369780263	0.0
11.265501065836453	0.0
11.269854618913183	0.0
11.274216428973753	0.0
11.278581873210369	0.0
11.28295127215902	0.0
11.287325042853919	0.0
11.291703538052225	0.0
11.296086754695848	0.0
11.300474170224073	0.0
11.304865037760745	0.0
11.309258757610975	0.0
11.313655203580275	0.0
11.318054782299392	0.0
11.322458253723724	0.0
11.326865790814523	0.0
11.33127816317634	0.0
11.335696085115227	0.0
11.340120162713509	0.0
11.344550843006234	0.0
11.348988344267324	0.0
11.353429018007434	0.0
11.357870563611357	0.0
11.36231291559132	0.0
11.366756534866115	0.0
11.371201792109927	0.0
11.375648913854285	0.0
11.380097961170891	0.0
11.384548346087394	0.0
11.38899880137367	0.0
11.393449601108964	0.0
11.397901226804231	0.0
11.402354289780021	0.0
11.406809433336964	0.0
11.411267231497202	0.0
11.415728102952686	0.0
11.420192258170404	0.0
11.42465969259909	0.0
11.429130229133564	0.0
11.433603600413756	0.0
11.438079550201328	0.0
11.442557927094969	0.0
11.447038745608438	0.0
11.451522198963145	0.0
11.456008622049945	0.0
11.46049841752732	0.0
11.464991968399442	0.0
11.469487065846028	0.0
11.473982374104612	0.0
11.478478123808154	0.0
11.482974712238196	0.0
11.487472641853644	0.0
11.491972429171874	0.0
11.496474509609516	0.0
11.50097916390418	0.0
11.505486483978949	0.0
11.509996383851089	0.0
11.514508648652612	0.0
11.519023005657521	0.0
11.523539197513541	0.0
11.528057039960704	0.0
11.532576452850606	0.0
11.53709746183544	0.0
11.541620176005798	0.0
11.54614475192771	0.0
11.550671355989538	0.0
11.555200134998923	0.0
11.559731200783085	0.0
11.564264629730705	0.0
11.568800474155767	0.0
11.573338779888767	0.0
11.57787960380124	0.0
11.582422616342987	0.0
11.58696523303959	0.0
11.591507782006707	0.0
11.596050590057015	0.0
11.600593965977101	0.0
11.60513819472667	0.0
11.609683541578224	0.0
11.614230262581026	0.0
11.618778615972579	0.0
11.6233288692104	0.0
11.627881297547608	0.0
11.632436172748688	0.0
11.636993743383508	0.0
11.64155421056978	0.0
11.646116332712388	0.0
11.650679934906398	0.0
11.655245337215444	0.0
11.659812804365583	0.0
11.664382534612601	0.0
11.668954661588945	0.0
11.67352926546888	0.0
11.678106388267755	0.0
11.682686048122742	0.0
11.687268248810994	0.0
11.691852983031483	0.0
11.696440230383237	0.0
11.701029952783175	0.0
11.7056220907729	0.0
11.710216563651851	0.0
11.714812573679488	0.0
11.719408818574449	0.0
11.724005180370844	0.0
11.728601572941026	0.0
11.733197959021215	0.0
11.737794360378858	0.0
11.742390860101692	0.0
11.746987597150817	0.0
11.751584754282927	0.0
11.756182541203264	0.0
11.760781175366565	0.0
11.765380863200003	0.0
11.769981784512858	0.0
11.77458408244701	0.0
11.7791878604989	0.0
11.783793187034117	0.0
11.78840010652193	0.0
11.793008655645883	0.0
11.797618881664851	0.0
11.802230860029848	0.0
11.806844708341231	0.0
11.811460547557877	0.0
11.816075336393977	0.0
11.820689039339085	0.0
11.825301876610324	0.0
11.829912782314397	0.0
11.834521298995092	0.0
11.839128456701006	0.0
11.84373495191852	0.0
11.848341143450671	0.0
11.852947114220683	0.0
11.857552771531685	0.0
11.862157867019317	0.0
11.866761949441802	0.0
11.871365039514567	0.0
11.875967094251747	0.0
11.880567140848836	0.0
11.885162960691583	0.0
11.889755970245577	0.0
11.89434734629124	0.0
11.898937916185254	0.0
11.903526927355237	0.0
11.908113510093152	0.0
11.912698496060054	0.0
11.917282421327961	0.0
11.921865560529051	0.0
11.926448000916965	0.0
11.931029728121743	0.0
11.935610698596975	0.0
11.94018779433504	0.0
11.944762235359516	0.0
11.949335187104218	0.0
11.953907448230737	0.0
11.958478618720257	0.0
11.96304695429123	0.0
11.967613259703043	0.0
11.972175775255957	0.0
11.976732353424499	0.0
11.981284036554483	0.0
11.985831639184493	0.0
11.990375752384507	0.0
11.994916787288917	0.0
11.999455031506832	0.0
12.003990701075102	0.0
12.008523979875758	0.0
12.013051438110022	0.0
12.017570474804058	0.0
12.022082374784098	0.0
12.026588610026383	0.0
12.031090651841662	0.0
12.035589829360164	0.0
12.040087254049208	0.0
12.044583804525557	0.0
12.049080150897748	0.0
12.05357679581328	0.0
12.05807411711525	0.0
12.06257240462312	0.0
12.067071888705282	0.0
12.071572760153744	0.0
12.076073326858047	0.0
12.080572433186333	0.0
12.085070475928257	0.0
12.089567605242323	0.0
12.094063822198706	0.0
12.09855907663514	0.0
12.103053341748048	0.0
12.107546653089514	0.0
12.112035918544935	0.0
12.116519744461657	0.0
12.120999489250158	0.0
12.125476412186407	0.0
12.129951530025629	0.0
12.13442554484996	0.0
12.138898845971795	0.0
12.143371570905964	0.0
12.147843699003358	0.0
12.152315148426727	0.0
12.156785852375073	0.0
12.161253788144132	0.0
12.165715326617237	0.0
12.170171750174086	0.0
12.174624448425572	0.0
12.179074723648814	0.0
12.183523640558674	0.0
12.187971945468481	0.0
12.192420060124203	0.0
12.196868137398205	0.0
12.201316153738334	0.0
12.205764009152496	0.0
12.210211609565516	0.0
12.214658602623992	0.0
12.219104257718117	0.0
12.223548255252863	0.0
12.227990429719382	0.0
12.232430829252491	0.0
12.236869551037458	0.0
12.241306709235596	0.0
12.245742406693605	0.0
12.250176720718926	0.0
12.254609706788829	0.0
12.259041417537041	0.0
12.263471929439026	0.0
12.267901367367374	0.0
12.272329917922205	0.0
12.276757825672298	0.0
12.281185371094425	0.0
12.285612833785361	0.0
12.290039139059012	0.0
12.294464091811637	0.0
12.298888044277463	0.0
12.30331128883266	0.0
12.307734013315557	0.0
12.31215627279897	0.0
12.31657798498872	0.0
12.320998952081325	0.0
12.325418906743977	0.0
12.329837574767422	0.0
12.334254743005738	0.0
12.338670319568903	0.0
12.343084374539107	0.0
12.347497153587838	0.0
12.35190906273139	0.0
12.35632062847788	0.0
12.360732442190137	0.0
12.365145099568558	0.0
12.369559145537869	0.0
12.373975032085275	0.0
12.378393092823373	0.0
12.38281353440316	0.0
12.387236442264218	0.0
12.391660258258387	0.0
12.396083766699498	0.0
12.400506642219566	0.0
12.404929309687278	0.0
12.409352318923242	0.0
12.413776289628279	0.0
12.418201848294999	0.0
12.422628737965475	0.0
12.427055726484097	0.0
12.431482784831603	0.0
12.43590993980739	0.0
12.440337274139113	0.0
12.444764920106588	0.0
12.449193047614663	0.0
12.453621848018749	0.0
12.458051515365806	0.0
12.462482227034942	0.0
12.466914125985632	0.0
12.471347306864603	0.0
12.475781807996732	0.0
12.480217590591973	0.0
12.48465389938527	0.0
12.489090664332947	0.0
12.493527855127564	0.0
12.497965494705603	0.0
