x	y1
0.0002348645385937335	0.0
0.0018041847118050144	0.0
0.0033734203143884517	0.0
0.004942464633852013	0.0
0.006511089725622788	0.0
0.008079175975430234	0.0
0.009646710599569688	0.0
0.01121337469471168	0.0
0.012778993253857828	0.0
0.014343614506111435	0.0
0.015907200335899152	0.0
0.01746929239096158	0.0
0.019029855288525965	0.0
0.020588943816113578	0.0
0.02214653282117602	0.0
0.023702213260995836	0.0
0.025255992772225712	0.0
0.026807907360858318	0.0
0.02835783478779102	0.0
0.02990562630394937	0.0
0.031451301951008495	0.0
0.032994794840657926	0.0
0.034536174921157244	0.0
0.03607551206014509	0.0
0.037612876001447644	0.0
0.039148336323377775	0.0
0.040681962398546455	0.0
0.04221382335520279	0.0
0.043743988040113785	0.0
0.04527252498299017	0.0
0.04679950236246027	0.0
0.04832498797358927	0.0
0.049849049196937625	0.0
0.05137175296914835	0.0
0.05289316575504973	0.0
0.05441335352125649	0.0
0.05593238171124994	0.0
0.05745031522191457	0.0
0.05896721838150642	0.0
0.06048315492902622	0.0
0.061998187994968354	0.0
0.06351238008341506	0.0
0.06502579305544365	0.0
0.06653848811381316	0.0
0.06805041611386128	0.0
0.06956095572487804	0.0
0.07106975747835097	0.0
0.07257635646044541	0.0
0.07408039046031985	0.0
0.07558193179484038	0.0
0.07708098022851435	0.0
0.07857758489438631	0.0
0.08007183069228893	0.0
0.0815638013776552	0.0
0.083053579561641	0.0
0.08454124671195168	0.0
0.08602688315434694	0.0
0.08751056807479973	0.0
0.08899237952228489	0.0
0.09047239441217393	0.0
0.09195068853021286	0.0
0.09342733653706012	0.0
0.09490241197336216	0.0
0.09637598726534445	0.0
0.09784813373089572	0.0
0.09931892158612408	0.0
0.10078841995236325	0.0
0.10225669686360762	0.0
0.10372381927435542	0.0
0.10518985306783872	0.0
0.10665486306462027	0.0
0.1081189130315364	0.0
0.10958206569096626	0.0
0.11104438273040759	0.0
0.11250592481233956	0.0
0.11396675158435357	0.0
0.11542692168953328	0.0
0.11688649277706543	0.0
0.1183455215130634	0.0
0.11980406359158575	0.0
0.12126217374583273	0.0
0.12271990575950362	0.0
0.1241773124782987	0.0
0.12563444582154992	0.0
0.12709135679396444	0.0
0.12854809549746654	0.0
0.13000471114312295	0.0
0.1314612520631376	0.0
0.13291776572290248	0.0
0.13437429873309112	0.0
0.13583089686178262	0.0
0.13728760504660384	0.0
0.13874446740687824	0.0
0.14020152725577045	0.0
0.14165882711241604	0.0
0.14311640871402623	0.0
0.14457431302795837	0.0
0.1460325802637426	0.0
0.14749124988505674	0.0
0.1489503606216407	0.0
0.15040992004581816	0.0
0.15186969428125635	0.0
0.15332916369414942	0.0
0.15478837738460363	0.0
0.15624738355411008	0.0
0.15770622951887855	0.0
0.15916496172318279	0.0
0.1606236257527036	0.0
0.16208226634785858	0.0
0.163540907055122	0.0
0.1649993738816039	0.0
0.16645713506246146	0.0
0.1679142455975136	0.0
0.16937075944718602	0.0
0.17082672954879724	0.0
0.17228220783285944	0.0
0.17373724523937562	0.0
0.17519189173411615	0.0
0.1766461963248588	0.0
0.17810020707757676	0.0
0.17955397113255933	0.0
0.181007534720453	0.0
0.18246094317820843	0.0
0.18391424096492212	0.0
0.185367471677561	0.0
0.18682067806655966	0.0
0.18827390205127992	0.0
0.18972718473532413	0.0
0.19118056642169354	0.0
0.19263408662778428	0.0
0.19408778410021355	0.0
0.1955416968294702	0.0
0.19699586206438352	0.0
0.19845031632640536	0.0
0.19990509542370094	0.0
0.20136023446504425	0.0
0.20281576787351482	0.0
0.2042717293999924	0.0
0.20572815213644757	0.0
0.20718506852902568	0.0
0.20864251039092274	0.0
0.21010050891505216	0.0
0.21155909468650075	0.0
0.21301829769477434	0.0
0.21447814734583215	0.0
0.21593867247391008	0.0
0.21739990135313372	0.0
0.21886186170892102	0.0
0.2203245807291761	0.0
0.2217880850752751	0.0
0.2232524008928451	0.0
0.2247175538223383	0.0
0.22618356900940223	0.0
0.22765047111504877	0.0
0.22911828432562323	0.0
0.23058703236257602	0.0
0.23205673849203906	0.0
0.23352742553420938	0.0
0.23499911587254194	0.0
0.23647183146275477	0.0
0.23794559384164882	0.0
0.23942042413574494	0.0
0.24089629964755338	0.0
0.24237294760228353	0.0
0.2438501258332543	0.0
0.2453278635894842	0.0
0.2468061895303591	0.0
0.24828513173881275	0.0
0.2497647177342177	0.0
0.25124497448499056	0.0
0.25272592842091574	0.0
0.25420760544519244	0.0
0.25569003094620846	0.0
0.25717322980904583	0.0
0.25865722642672334	0.0
0.26014204471117924	0.0
0.26162770810400043	0.0
0.26311417615864613	0.0
0.2646010897892854	0.0
0.26608835193211156	0.0
0.26757599394596393	0.0
0.2690640465295941	0.0
0.27055253973782173	0.0
0.27204150299727553	0.0
0.27353096512172975	0.0
0.2750209543270433	0.0
0.27651149824571164	0.0
0.2780026239410396	0.0
0.2794943579209442	0.0
0.2809867261513962	0.0
0.2824797540695089	0.0
0.2839734665962831	0.0
0.2854678881490158	0.0
0.28696304265338257	0.0
0.28845895355520035	0.0
0.28995564383187944	0.0
0.29145313600357275	0.0
0.2929514521440298	0.0
0.29445061389116345	0.0
0.29595064245733704	0.0
0.29745155863937867	0.0
0.2989533828283308	0.0
0.3004561350189414	0.0
0.3019598348189044	0.0
0.3034645014578556	0.0
0.30497015379613074	0.0
0.30647681033329294	0.0
0.307984489216435	0.0
0.30949320824826293	0.0
0.31100298489496725	0.0
0.3125138362938876	0.0
0.31402577926097625	0.0
0.3155388302980663	0.0
0.31705300559995064	0.0
0.31856832106127564	0.0
0.3200847922832561	0.0
0.3216024345802157	0.0
0.32312126298595845	0.0
0.3246412922599751	0.0
0.32616253689349045	0.0
0.3276850111153541	0.0
0.32920872889778124	0.001953125
0.33073370396194623	0.005859375
0.3322599497834335	0.005859375
0.3337874795975496	0.0
0.33531630640450105	0.001953125
0.33684644297444033	0.014453125
0.33837790185238537	0.020703125
0.3399106953630144	0.025390625
0.3414448356153409	0.025390625
0.34298033450727167	0.027734375
0.3445172037300507	0.029296875
0.3460554547725924	0.03125
0.34759507451664445	0.0390625
0.3491359006147927	0.0390625
0.35067774735513735	0.040625
0.3522206311646153	0.039453125
0.3537645681638589	0.037109375
0.35530957417442505	0.037109375
0.35685566472582153	0.037109375
0.3584028550623342	0.037109375
0.3599511601496644	0.037109375
0.3615005946813803	0.037109375
0.3630511730851895	0.038671875
0.3646029095290392	0.040625
0.36615581792704816	0.04140625
0.3677099119452787	0.0390625
0.369265205007351	0.0390625
0.37082171029990724	0.03984375
0.3723794407779283	0.04296875
0.3739384091699087	0.044921875
0.3754986279828935	0.046875
0.37706010950738095	0.048046875
0.378622865822096	0.049609375
0.3801869087986375	0.048828125
0.3817522022083416	0.048828125
0.38331847950325626	0.048828125
0.38488571939919036	0.049609375
0.3864539382971675	0.05078125
0.3880231522948301	0.05078125
0.38959337719385195	0.049609375
0.39116462850714045	0.048828125
0.39273692146583145	0.048828125
0.3943102710260828	0.048046875
0.3958846918756726	0.048828125
0.39746019844041	0.049609375
0.39903680489036714	0.051953125
0.4006145251459401	0.049609375
0.40219337288374485	0.05078125
0.4037733615423527	0.053125
0.40535450432786946	0.052734375
0.40693681421936206	0.052734375
0.4085203039741373	0.052734375
0.41010498613287466	0.051953125
0.41169087302461266	0.05078125
0.41327797677159456	0.05078125
0.4148663092939822	0.049609375
0.41645588231444775	0.048828125
0.4180467073626424	0.048828125
0.4196387957795335	0.048828125
0.42123215872159014	0.04765625
0.42282680716479637	0.04296875
0.4244227519084751	0.04296875
0.42602000357892145	0.04453125
0.4276185726328626	0.048828125
0.42921846936077934	0.048828125
0.43081970389013646	0.048828125
0.43242228618856976	0.0501953125
0.43402622606706787	0.053125
0.4356315331831682	0.05234375
0.43723821704416926	0.052734375
0.43884628701034206	0.052734375
0.4404557522981162	0.05234375
0.4420666219832149	0.05078125
0.4436789050037199	0.0515625
0.4452926101630562	0.0525390625
0.446907746132898	0.0548828125
0.4485243214560053	0.0537109375
0.4501423445490028	0.0533203125
0.451761823705115	0.052734375
0.4533827670968642	0.052734375
0.4550051827787368	0.053515625
0.4566290786898127	0.0546875
0.4582544626563499	0.05546875
0.4598813423943129	0.055859375
0.46150972551182645	0.0546875
0.46313961951154065	0.055078125
0.4647710317928921	0.056640625
0.4664039696542509	0.056640625
0.468038440294949	0.055078125
0.4696744508171894	0.05390625
0.4713120082278398	0.0546875
0.47295111944011775	0.0546875
0.4745917912751743	0.05546875
0.4762340304635824	0.056640625
0.47787784364673563	0.05546875
0.47952323737816105	0.05234375
0.4811702181247511	0.05078125
0.4828187922679232	0.051953125
0.48446896610472245	0.052734375
0.48612074584889253	0.052734375
0.4877741376319475	0.05390625
0.48942914750428174	0.055078125
0.4910857814363559	0.056640625
0.4927440453199881	0.056640625
0.4944039449697675	0.056640625
0.49606548373734594	0.05703125
0.4977286234246649	0.05859375
0.4993931978931654	0.05703125
0.5010592154856499	0.05546875
0.5027266844366891	0.055078125
0.5043956128764188	0.056640625
0.5060660088343192	0.056640625
0.5077378802427591	0.055859375
0.5094112349401002	0.0546875
0.5110860806732108	0.055078125
0.5127624250993084	0.054296875
0.5144402757871348	0.052734375
0.5161196402175454	0.053125
0.5178005257836504	0.05546875
0.5194829397906767	0.056640625
0.5211668894557094	0.056640625
0.5228523819074482	0.0578125
0.5245394241860739	0.0578125
0.5262280232432877	0.0546875
0.5279181859425666	0.0546875
0.5296099190596731	0.0546875
0.5313032292834629	0.055078125
0.5329981232170391	0.05703125
0.5346946073793024	0.05859375
0.5363926882069261	0.05859375
0.5380923720567635	0.058203125
0.5397936652086587	0.056640625
0.541496573868597	0.058203125
0.5432011041721067	0.05859375
0.5449072621877943	0.05546875
0.5466150539208926	0.0546875
0.5483244853166979	0.054296875
0.5500355622637848	0.052734375
0.5517482905969121	0.05390625
0.5534626760995583	0.055078125
0.5551787245060595	0.056640625
0.556896441503351	0.058203125
0.558615832732344	0.05703125
0.5603369037889827	0.056640625
0.5620596602250395	0.056640625
0.5637841075486965	0.0578125
0.5655102392980083	0.0595703125
0.5672379826947005	0.0587890625
0.5689672842105796	0.0576171875
0.5706981516523266	0.0576171875
0.5724305926652054	0.0587890625
0.5741646147441415	0.0615234375
0.5759002252471314	0.0634765625
0.5776374314105843	0.0658203125
0.5793762403662707	0.0673828125
0.5811166591595319	0.0677734375
0.582858694768327	0.0666015625
0.5846023541225918	0.06640625
0.5863476441233121	0.06640625
0.5880945716606826	0.06640625
0.58984314363075	0.0640625
0.5915933669499999	0.06328125
0.5933452485674096	0.062890625
0.59509879547354	0.0625
0.5968540147062581	0.0625
0.5986109133526808	0.061328125
0.6003694985469256	0.05859375
0.6021297774632797	0.059765625
0.6038917573044876	0.05859375
0.6056554452850285	0.05625
0.6074208486095172	0.056640625
0.6091879744467069	0.05859375
0.6109568298999537	0.0625
0.6127274219753995	0.063671875
0.6144997575494778	0.064453125
0.6162738433375994	0.063671875
0.6180496858659873	0.0625
0.6198272914485814	0.0625
0.6216066661707157	0.0625
0.6233878158809083	0.06171875
0.6251707461916256	0.059375
0.6269554624893415	0.058984375
0.6287419699536568	0.060546875
0.6305302735847358	0.0609375
0.6323203782378843	0.0609375
0.6341122886637801	0.062890625
0.6359060095526631	0.064453125
0.637701545580714	0.066796875
0.6394989014568668	0.06875
0.6412980819683922	0.071875
0.6430990920237472	0.069140625
0.6449019366913625	0.067578125
0.646706621233252	0.06640625
0.6485131511325383	0.06640625
0.6503215321142132	0.066796875
0.6521317701586669	0.06796875
0.6539438715077266	0.06640625
0.655757842663147	0.067578125
0.6575736903776715	0.06640625
0.6593914216389558	0.06640625
0.6612110436467921	0.06640625
0.6630325637842215	0.06640625
0.6648559895832569	0.06875
0.6666813286860724	0.0703125
0.6685085888026435	0.07109375
0.6703377776659504	0.07421875
0.6721689029859678	0.07421875
0.6740019724037366	0.07265625
0.6758369934468694	0.075390625
0.6776739734878483	0.0755859375
0.6795129197064051	0.0740234375
0.6813538390571953	0.0712890625
0.6831967382438231	0.0703125
0.6850416237000893	0.0703125
0.68688850157912	0.07109375
0.6887373777508046	0.07578125
0.6905882578077397	0.075390625
0.6924411470796342	0.0755859375
0.694296050655906	0.0771484375
0.6961529734159771	0.0748046875
0.6980119200665728	0.0716796875
0.6998728951851346	0.0712890625
0.7017359032682767	0.0720703125
0.7036009487840446	0.0751953125
0.7054680362265924	0.0751953125
0.7073371701717844	0.0732421875
0.7092083553321367	0.0732421875
0.7110815966094655	0.0728515625
0.7129568991435804	0.072265625
0.7148342683554448	0.072265625
0.7167137099832733	0.07265625
0.7185952301101729	0.07421875
0.7204788351820978	0.075390625
0.7223645320150924	0.076953125
0.7242523277910362	0.077734375
0.7261422300413674	0.07578125
0.7280342466185621	0.07421875
0.7299283856554651	0.075390625
0.731824655512905	0.075390625
0.7337230647164007	0.073046875
0.7356236218831443	0.07421875
0.7375263356408371	0.074609375
0.7394312145403522	0.077734375
0.7413382669645957	0.078125
0.7432475010363143	0.078125
0.745158924527987	0.080078125
0.7470725447772185	0.079296875
0.7489883686112462	0.078125
0.7509064022843587	0.076953125
0.7528266514320109	0.07265625
0.7547491210452811	0.075
0.7566738154690015	0.076171875
0.7586007384263987	0.078125
0.7605298930723806	0.081640625
0.7624612820767114	0.082421875
0.7643949077372515	0.085546875
0.7663307721222115	0.087890625
0.7682688772390577	0.0875
0.7702092252263505	0.0859375
0.7721518185634778	0.084375
0.774096660292014	0.083984375
0.7760437542413194	0.08359375
0.7779931052503376	0.08515625
0.7799447193769603	0.0859375
0.7818986040861965	0.0859375
0.7838547684086429	0.085546875
0.7858132230613716	0.083203125
0.7877739805243534	0.08203125
0.7897370550668802	0.08203125
0.7917024627201041	0.080859375
0.7936702211937114	0.07890625
0.7956403497368479	0.078515625
0.797612868945607	0.08203125
0.7995878005216117	0.0828125
0.8015651669884273	0.08203125
0.8035449913746988	0.083203125
0.8055272968745757	0.082421875
0.8075121064975068	0.083203125
0.8094994427205882	0.0845703125
0.8114893271571824	0.0830078125
0.8134817802554605	0.0841796875
0.8154768210397972	0.0849609375
0.817474466906539	0.0861328125
0.8194747334836128	0.0869140625
0.821477634560827	0.0884765625
0.8234831647527703	0.0896484375
0.825491211142019	0.0884765625
0.8275016423626286	0.0892578125
0.8295144640357894	0.0888671875
0.8315296821252344	0.0888671875
0.8335473030538882	0.0888671875
0.8355673338045946	0.0876953125
0.8375897819980311	0.0857421875
0.8396146559419784	0.0849609375
0.8416419646475726	0.0833984375
0.8436717178099833	0.0810546875
0.8457039257530319	0.082421875
0.8477385993394716	0.08203125
0.8497757498508566	0.0828125
0.8518153888429821	0.083984375
0.8538575279846599	0.083984375
0.8559021788889528	0.0875
0.8579493529468493	0.08984375
0.8599990611736223	0.08984375
0.8620513140777452	0.089453125
0.8641061215612665	0.08828125
0.8661634928590548	0.087890625
0.8682234365223144	0.087890625
0.8702859604494948	0.087890625
0.8723510719653242	0.08828125
0.8744187779463728	0.089453125
0.876489084989471	0.091015625
0.8785619996176102	0.09140625
0.8806375285167243	0.090234375
0.8827156787960274	0.091015625
0.8847964582642719	0.089453125
0.8868798757142736	0.087890625
0.888965941208141	0.086328125
0.8910546663556463	0.0859375
0.8931460645778866	0.086328125
0.8952401513476784	0.090625
0.8973369443971272	0.091796875
0.8994364638814845	0.091796875
0.9015387324870964	0.091796875
0.9036437754703047	0.091796875
0.905751620614004	0.093359375
0.907862298089639	0.092578125
0.9099758364619656	0.09375
0.912092194643299	0.09375
0.9142110981883523	0.09375
0.9163325581256623	0.09375
0.918456586058689	0.094140625
0.9205831940900234	0.095703125
0.9227123947168796	0.095703125
0.9248442007018894	0.092578125
0.9269786249259471	0.091796875
0.9291156802324901	0.0890625
0.9312553792748612	0.087890625
0.9333977343799585	0.087890625
0.9355427574419789	0.088671875
0.9376904598594071	0.08828125
0.9398408525263879	0.0890625
0.9419939458861301	0.08984375
0.9441497500491816	0.088671875
0.9463082749735026	0.087890625
0.9484695306966526	0.087890625
0.9506335276038529	0.090625
0.9528002767097847	0.0931640625
0.95496978992764	0.0947265625
0.9571420802969332	0.0947265625
0.9593171621426584	0.0947265625
0.9614950511429203	0.0958984375
0.9636757642902671	0.0955078125
0.9658593197431884	0.0966796875
0.968045736577706	0.0966796875
0.970235034463285	0.0966796875
0.9724272333007012	0.0958984375
0.9746223528702661	0.0947265625
0.9768204125447671	0.0958984375
0.9790214311215777	0.0986328125
0.9812254268217788	0.0986328125
0.9834324174907363	0.0982421875
0.9856424210153903	0.0966796875
0.9878554559503938	0.0966796875
0.9900715423206362	0.097265625
0.9922907025445099	0.09609375
0.9945129624033641	0.099609375
0.9967383519703005	0.1015625
0.9989669064073642	0.1015625
1.0011986665456685	0.1015625
1.003433679176563	0.1015625
1.005671997002906	0.100390625
1.0079136782257352	0.098828125
1.0101587857705359	0.098046875
1.012407386186296	0.09765625
1.0146595087630847	0.09765625
1.0169149217894642	0.095703125
1.0191732529664832	0.09453125
1.021434534912204	0.09765625
1.0236987984299555	0.09921875
1.0259660715185077	0.098828125
1.0282363784953266	0.098046875
1.0305096814982053	0.09765625
1.0327855735792675	0.09765625
1.035063542285058	0.0984375
1.0373436578063204	0.09609375
1.0396259963106005	0.09765625
1.041910639307657	0.09765625
1.044197672804697	0.096484375
1.046487186248245	0.09765625
1.0487792712626365	0.09765625
1.0510740202096829	0.098046875
1.0533715246081883	0.099609375
1.0556718734639734	0.099609375
1.0579751515690292	0.101171875
1.0602814378313161	0.1015625
1.0625907224689048	0.103125
1.0649024994263052	0.102734375
1.0672161816627839	0.1015625
1.06953157812825	0.100390625
1.0718483959856393	0.0984375
1.074166616504448	0.095703125
1.0764861286148575	0.096875
1.078806950023718	0.0984375
1.0811290979324313	0.099609375
1.083452589002471	0.101171875
1.0857774395108106	0.101953125
1.088103665667436	0.103515625
1.090431284052795	0.103515625
1.092760312122203	0.1015625
1.0950907687183158	0.099609375
1.097422674532681	0.099609375
1.0997560524634675	0.101953125
1.102090927828178	0.1064453125
1.1044273284063442	0.1064453125
1.1067652843059665	0.1052734375
1.1091048276667115	0.1044921875
1.1114459922305018	0.1033203125
1.1137888128242925	0.1029296875
1.116133324808981	0.1037109375
1.1184795635517717	0.1021484375
1.1208275639766014	0.1005859375
1.1231773602387638	0.1009765625
1.1255289855565997	0.1033203125
1.1278824722165286	0.1037109375
1.1302378517494132	0.1025390625
1.1325951552582314	0.1033203125
1.1349544138609902	0.1064453125
1.1373156592003466	0.1064453125
1.1396789239638376	0.1060546875
1.1420442423568415	0.1052734375
1.1444116504747166	0.1060546875
1.1467811865307418	0.10546875
1.1491528909111728	0.105859375
1.1515268060462513	0.10625
1.153902976104493	0.10546875
1.1562814449670173	0.105859375
1.1586622390884231	0.10703125
1.1610452902366473	0.10546875
1.1634301375312026	0.104296875
1.1658156612221302	0.103515625
1.168201897227455	0.1046875
1.1705888878076982	0.10390625
1.1729766811990863	0.102734375
1.1753653313160797	0.10078125
1.177754897492058	0.1
1.1801454442110273	0.10390625
1.1825370407775626	0.105078125
1.184929760876693	0.10546875
1.187323681988483	0.1078125
1.189718884640929	0.109375
1.1921154515064962	0.109375
1.1945134663688906	0.1125
1.1969130130054726	0.11328125
1.1993141740455069	0.112890625
1.2017170298744269	0.110546875
1.2041216576591918	0.111328125
1.2065281305695201	0.11171875
1.2089365172641704	0.11328125
1.2113468247821073	0.114453125
1.2137586617289644	0.115234375
1.216171362407828	0.113671875
1.2185849997919984	0.107421875
1.2209996551685283	0.106640625
1.2234154172171259	0.10546875
1.22583237457452	0.10625
1.2282505696433845	0.107421875
1.2306699813199595	0.10703125
1.233090700330703	0.10625
1.2355128213831628	0.10703125
1.237936441616257	0.108203125
1.2403616589060733	0.109375
1.2427885700892918	0.109375
1.2452172691793002	0.110546875
1.2476478456579123	0.111328125
1.2500803829288651	0.109765625
1.2525149570186747	0.109375
1.2549516356063146	0.109375
1.2573904774553264	0.109375
1.2598315323093017	0.109375
1.2622748412929452	0.1111328125
1.2647204378350634	0.1111328125
1.2671683490967771	0.1095703125
1.2696185978494687	0.1103515625
1.2720712047055969	0.1103515625
1.2745261905658114	0.1107421875
1.2769835791130704	0.1095703125
1.2794433991627807	0.1083984375
1.2819056866705392	0.1087890625
1.2843704862080296	0.1095703125
1.286837708922082	0.1068359375
1.2893064785851385	0.1099609375
1.2917761264696095	0.1103515625
1.2942466369923578	0.1103515625
1.296717968704064	0.1123046875
1.2991901753872381	0.1146484375
1.3016633167392482	0.1162109375
1.3041374585235528	0.1173828125
1.306612672352373	0.11796875
1.3090890350751814	0.11796875
1.3115666277848195	0.119140625
1.3140455344891415	0.1171875
1.316525835119047	0.1171875
1.3190075693886338	0.11640625
1.3214907369273368	0.1140625
1.3239754122638001	0.114453125
1.3264616706191945	0.1125
1.3289495863785352	0.11328125
1.331439231635327	0.11484375
1.3339306735179204	0.115234375
1.336423963108338	0.1140625
1.3389189596850912	0.11328125
1.3414147502728786	0.11328125
1.343911319624746	0.113671875
1.3464087687378123	0.116015625
1.3489072010465286	0.1171875
1.3514067212881709	0.119921875
1.353907434322304	0.1203125
1.3564094196453589	0.1203125
1.3589126295312708	0.12109375
1.3614170974286246	0.12109375
1.3639229175016978	0.1203125
1.366429591680309	0.12109375
1.3689337886411435	0.121484375
1.3714353482205726	0.12265625
1.3739350076784822	0.12109375
1.376432825761235	0.12109375
1.3789291405970556	0.1203125
1.3814232881737218	0.119921875
1.383914210656208	0.11953125
1.3864018096280213	0.11875
1.3888863196855827	0.1171875
1.3913673205270178	0.1171875
1.3938446724420508	0.1171875
1.3963188941024813	0.11953125
1.3987905118360813	0.11953125
1.40125976678722	0.118359375
1.4037269971352742	0.119140625
1.4061921195858929	0.119140625
1.4086534952195813	0.119140625
1.411110316278727	0.11953125
1.4135631241551996	0.12109375
1.416012658945738	0.12109375
1.4184596364978344	0.121484375
1.4209046487276347	0.12265625
1.42334771800455	0.123828125
1.425788112357573	0.125
1.4282263435078313	0.123046875
1.4306631273786004	0.11953125
1.4330986066299396	0.1208984375
1.4355312731077803	0.1201171875
1.4379605167877751	0.1181640625
1.4403866854028573	0.1169921875
1.442810157017093	0.1185546875
1.4452313173233764	0.1201171875
1.447650341429146	0.1212890625
1.450066471072892	0.1220703125
1.4524801465355341	0.1220703125
1.454892013647737	0.1232421875
1.4573020084039114	0.1220703125
1.4597089198047286	0.1220703125
1.4621122971536316	0.1232421875
1.4645115052877826	0.1228515625
1.4669054014052865	0.1228515625
1.469293981772564	0.1244140625
1.4716778736282554	0.1271484375
1.474057784497823	0.1279296875
1.476434434852491	0.1279296875
1.4788084023519399	0.1279296875
1.4811798971264725	0.1275390625
1.4835496383649571	0.126171875
1.4859179269560234	0.12578125
1.4882834411767991	0.123046875
1.4906466342136167	0.123046875
1.4930084953995915	0.123046875
1.4953698892417013	0.12109375
1.497731499084313	0.1203125
1.5000934112680244	0.123046875
1.5024537132657392	0.12421875
1.5048123432447564	0.1234375
1.5071687062589076	0.123046875
1.5095215050842625	0.123046875
1.5118704576646536	0.12421875
1.5142154485894945	0.125
1.5165565305689706	0.125
1.5188939111509807	0.1234375
1.5212279300335911	0.125390625
1.5235590321135044	0.125390625
1.5258877400142015	0.125
1.5282146281520756	0.125390625
1.530540053203934	0.126953125
1.5328620464419558	0.126953125
1.535174714353185	0.127734375
1.5374800789906231	0.129296875
1.5397799127006777	0.130078125
1.5420752538318614	0.12890625
1.5443672719385702	0.129296875
1.5466571897120842	0.13125
1.548945856259429	0.1328125
1.5512328592458933	0.13125
1.5535176188117032	0.127734375
1.555800992662529	0.127734375
1.5580836912327047	0.128515625
1.560366038154398	0.126953125
1.5626470240294907	0.127734375
1.564926652788287	0.129296875
1.5672040006620342	0.130859375
1.569476831278141	0.130859375
1.5717476025376969	0.130859375
1.574018402201042	0.133203125
1.5762907457814381	0.134765625
1.578564697716566	0.13359375
1.5808383071933831	0.1328125
1.5831141165126266	0.1328125
1.5853910176465582	0.13203125
1.5876697061197667	0.130859375
1.5899504401642026	0.130859375
1.5922334641323301	0.13203125
1.5945188191611501	0.1328125
1.5968056309019565	0.133203125
1.5990928088552556	0.132421875
1.6013808613749283	0.130859375
1.6036705711772299	0.130859375
1.6059630648097638	0.128515625
1.608259791083456	0.128125
1.610561980632942	0.127734375
1.612868854515118	0.12890625
1.6151814203826682	0.13125
1.6175010280372066	0.1318359375
1.619828831996669	0.1318359375
1.622165282377373	0.1322265625
1.624509644156943	0.1337890625
1.6268628594528953	0.1314453125
1.629226872958129	0.1337890625
1.631597009549109	0.1349609375
1.6339724823062138	0.1365234375
1.6363549066553513	0.1373046875
1.6387467388503758	0.1349609375
1.64114935871619	0.1357421875
1.6435604385552427	0.1345703125
1.6459781505801794	0.1357421875
1.6483995035345878	0.1357421875
1.6508237994126578	0.1357421875
1.653246893373372	0.1365234375
1.6556613796622957	0.1357421875
1.658071898871571	0.1345703125
1.6604818274914361	0.1337890625
1.6628906743675997	0.1345703125
1.665291406537857	0.13671875
1.6676871319466922	0.13359375
1.6700805760631352	0.1328125
1.6724715184854595	0.131640625
1.6748597906584908	0.130859375
1.6772482636486756	0.130859375
1.6796390209910845	0.13125
1.6820334679079563	0.1296875
1.684432404660867	0.12890625
1.6868357472816178	0.13125
1.689242207209628	0.134765625
1.6916488755127577	0.134765625
1.6940540549010248	0.133203125
1.6964604511632375	0.133984375
1.6988664074811721	0.134765625
1.7012656190599886	0.134765625
1.7036607956586969	0.135546875
1.7060548409682506	0.135546875
1.7084489287120275	0.137890625
1.7108446975926348	0.138671875
1.7132433228229846	0.137890625
1.7156452627395393	0.13671875
1.7180479767288928	0.13671875
1.7204493206686722	0.13671875
1.7228514394213856	0.138671875
1.7252545727147472	0.137890625
1.7276605831942187	0.1375
1.7300653787107538	0.137109375
1.7324700198981782	0.13671875
1.7348728610308362	0.1375
1.737275749865071	0.138671875
1.739679316736745	0.13671875
1.7420809736890808	0.13671875
1.7444791978808014	0.13671875
1.746874779709315	0.13671875
1.7492677694534688	0.13671875
1.7516591212553259	0.1375
1.754049905308974	0.139453125
1.7564370006147985	0.13984375
1.7588191809679947	0.141796875
1.7611988212885468	0.140625
1.7635766935600505	0.1421875
1.7659482376756124	0.143359375
1.7683158411140236	0.141796875
1.770680839766708	0.140625
1.7730427793634607	0.13984375
1.7754036416444747	0.140625
1.7777646600678476	0.140625
1.7801256261663334	0.140625
1.7824854715051972	0.13828125
1.7848461117916934	0.13671875
1.7872087393035736	0.13515625
1.7895729758374723	0.1328125
1.7919387385336214	0.1328125
1.7943077504802565	0.133203125
1.79668092427117	0.137109375
1.7990578421538959	0.137890625
1.8014368491118797	0.137109375
1.8038158200307592	0.138671875
1.806192295644705	0.1392578125
1.808565148544591	0.1416015625
1.8109353123383125	0.1419921875
1.8133039783364324	0.1439453125
1.8156721194592373	0.1431640625
1.8180398078907458	0.1416015625
1.8204053109196732	0.1423828125
1.8227692263934423	0.1439453125
1.825132680405011	0.1455078125
1.827496359171241	0.1455078125
1.8298595606002386	0.1455078125
1.8322214764201585	0.1466796875
1.8345826704778543	0.1482421875
1.8369427735331147	0.1482421875
1.839301336259952	0.1494140625
1.8416590504446153	0.1498046875
1.844016198058966	0.1494140625
1.8463729717087571	0.1498046875
1.8487296377669977	0.1494140625
1.8510856003041998	0.1470703125
1.8534422540260564	0.1443359375
1.8557993346700048	0.1435546875
1.8581489505162725	0.1447265625
1.8604946050145783	0.142578125
1.862839425638947	0.142578125
1.8651849571127725	0.14609375
1.8675271480442335	0.146484375
1.8698671999291363	0.146484375
1.8722075508046196	0.146484375
1.8745479235966291	0.14375
1.8768899823861707	0.144140625
1.8792354773634594	0.14453125
1.8815834666609168	0.144921875
1.8839337449798572	0.146484375
1.8862888468772419	0.146875
1.8886493515551608	0.146484375
1.8910112271775492	0.14765625
1.8933743592268495	0.1484375
1.8957395106016226	0.150390625
1.898103966197724	0.150390625
1.900467751510686	0.148828125
1.9028297917885348	0.1484375
1.9051918890738393	0.148828125
1.9075533041708812	0.1484375
1.9099133353516322	0.146875
1.9122723618511908	0.145703125
1.9146301160532562	0.144921875
1.916987818781136	0.147265625
1.9193460838957552	0.1484375
1.9217037810844217	0.1484375
1.9240598028233784	0.148046875
1.9264146543464422	0.148046875
1.9287695073821807	0.148046875
1.9311241997676467	0.144921875
1.9334775454038389	0.143359375
1.9358312029532423	0.14453125
1.9381858327415415	0.14453125
1.9405410698222743	0.14453125
1.9428975880591337	0.145703125
1.9452555635299131	0.146484375
1.9476154802259829	0.14453125
1.9499769306241246	0.144140625
1.9523392326536304	0.15
1.9546984648469803	0.151171875
1.957056409925688	0.150390625
1.959413886597993	0.150390625
1.9617689079145353	0.150390625
1.9641210517153136	0.150390625
1.9664720889378562	0.151171875
1.96882222353607	0.151953125
1.971169283835731	0.150390625
1.97351502895291	0.15234375
1.9758594973924073	0.15390625
1.97820376474509	0.15234375
1.980549105743264	0.151953125
1.9828965475854443	0.151171875
1.9852462796650576	0.15078125
1.9875968271782432	0.147265625
1.9899499728364927	0.146484375
1.9923056707065487	0.144921875
1.994659837943736	0.14375
1.9970137202774403	0.142578125
1.999367963970457	0.1453125
2.0017234573118605	0.148046875
2.004077214696765	0.1484375
2.006429359923793	0.15078125
2.0087800297048415	0.15234375
2.0111294252014	0.1541015625
2.0134789011810135	0.1552734375
2.0158297348611818	0.1544921875
2.0181826417981688	0.1505859375
2.0205357224417084	0.1509765625
2.022885050998587	0.1513671875
2.025232425616959	0.1537109375
2.0275800740499403	0.1533203125
2.029928242933216	0.1544921875
2.0322757077400073	0.1552734375
2.0346240736598356	0.1548828125
2.0369748372801237	0.1544921875
2.0393261241249103	0.1556640625
2.041680428368609	0.1572265625
2.0440393970471327	0.1560546875
2.046401565185526	0.1544921875
2.0487596122359286	0.1529296875
2.051117969872727	0.1521484375
2.053476612724002	0.1533203125
2.0558363104464967	0.1544921875
2.058193313953812	0.1533203125
2.0605495003933307	0.1525390625
2.0629079814911084	0.1513671875
2.0652668831931935	0.151171875
2.067626740163345	0.15234375
2.0699838481176402	0.151953125
2.0723420722478427	0.151171875
2.074703781033156	0.15234375
2.077066853263941	0.15234375
2.079426116453986	0.155078125
2.08178604359485	0.154296875
2.0841502067364406	0.153515625
2.0865194539483753	0.154296875
2.088886309461927	0.15390625
2.091252372763955	0.153515625
2.0936217071521432	0.154296875
2.095995871844651	0.154296875
2.098368544568309	0.155078125
2.1007403275720185	0.156640625
2.1031149843310253	0.158203125
2.1054936063579697	0.1546875
2.107869773236836	0.15234375
2.1102454079921404	0.15234375
2.112623787156312	0.15234375
2.115002581120798	0.15546875
2.117379995635408	0.158203125
2.119758462864867	0.158984375
2.1221377447538026	0.16171875
2.1245185089729084	0.1609375
2.1268990954653004	0.162109375
2.129278311140273	0.161328125
2.1316576833818304	0.160546875
2.1340359753925524	0.16015625
2.13641396508555	0.15859375
2.1387944702559736	0.15703125
2.141173460188896	0.15703125
2.143549169668466	0.158203125
2.1459274975423854	0.159765625
2.148310792509203	0.1609375
2.150689440312203	0.162109375
2.153068307960588	0.1625
2.155446974137826	0.1640625
2.157828144045024	0.1640625
2.1602072988497083	0.1640625
2.162585019126805	0.163671875
2.164963621394885	0.16328125
2.1673425653881617	0.1640625
2.1697233237835856	0.163671875
2.172102482020572	0.162109375
2.174481265900686	0.162109375
2.1768587838976994	0.162890625
2.179237340613266	0.162890625
2.1816170236174326	0.162109375
2.1839943920834624	0.1609375
2.186371691749047	0.16171875
2.188749386540892	0.16015625
2.19112796065424	0.16015625
2.19350897777887	0.1609375
2.195891282864791	0.161328125
2.198275177328765	0.158984375
2.200657153496746	0.158203125
2.2030405395234403	0.158203125
2.2054247730689145	0.158203125
2.2078123588109047	0.158203125
2.21020020030977	0.158203125
2.212589158316637	0.15859375
2.2149784325524244	0.1609375
2.217371248941171	0.1578125
2.219766018616253	0.156640625
2.2221614225530764	0.157421875
2.224557724978809	0.157421875
2.2269559822371345	0.161328125
2.2293543836792935	0.1626953125
2.2317518797234754	0.1630859375
2.2341501780011583	0.1630859375
2.236548945142125	0.1623046875
2.2389469356972227	0.1634765625
2.2413497742652835	0.1638671875
2.2437511508561947	0.1630859375
2.2461481739536646	0.1615234375
2.2485471203122436	0.1599609375
2.2509517793118636	0.1583984375
2.2533535857146636	0.1611328125
2.2557543631607047	0.1623046875
2.2581547502241737	0.1630859375
2.260558001355204	0.1630859375
2.2629613305592597	0.1630859375
2.2653624453393886	0.1630859375
2.267767017255875	0.1630859375
2.27017559913528	0.1630859375
2.2725872704122043	0.1646484375
2.2749971820348565	0.1669921875
2.2774077378641193	0.1669921875
2.279823901068638	0.1669921875
2.282245939523061	0.16484375
2.284663216873361	0.16484375
2.28708096445978	0.16640625
2.2895043811265747	0.16796875
2.2919343383242876	0.1671875
2.294360617402642	0.166015625
2.296785164700777	0.165234375
2.299213528034626	0.166015625
2.30164811895567	0.166015625
2.304080842948658	0.16640625
2.306512306699476	0.168359375
2.308947718556469	0.16953125
2.3113880742824526	0.168359375
2.3138252419027654	0.169921875
2.316263257856065	0.16953125
2.318702265740615	0.16796875
2.3211433559694647	0.16640625
2.3235824847053212	0.1640625
2.3260228714887994	0.162109375
2.328464240599489	0.162890625
2.3309081739847817	0.1640625
2.3333535063053845	0.163671875
2.3357978262350674	0.1625
2.3382405596789093	0.165625
2.340683270496715	0.16796875
2.3431249914211167	0.16953125
2.345571916895156	0.169921875
2.3480186681937387	0.16953125
2.3504609487660884	0.16796875
2.3529050617320166	0.16796875
2.355355649881416	0.169140625
2.357804679424567	0.16953125
2.3602513345513443	0.169921875
2.3626973175659822	0.169921875
2.3651465762521853	0.169140625
2.3675981710139995	0.16875
2.370046055738283	0.17109375
2.372491980212384	0.171875
2.3749384424767475	0.1734375
2.3773882395913444	0.173828125
2.3798387362275237	0.171875
2.3822854102658115	0.171484375
2.3847303867760075	0.173828125
2.3871771692085786	0.173828125
2.389625807593596	0.17265625
2.392070918715791	0.172265625
2.3945160530057343	0.171875
2.3969621821066993	0.171484375
2.3994102025845203	0.169921875
2.401862040078053	0.169140625
2.404314605887236	0.16953125
2.4067707847874686	0.168359375
2.4092301176161204	0.169921875
2.411690637930779	0.169921875
2.4141514016001824	0.169921875
2.416617256730252	0.169921875
2.4190891648041686	0.16953125
2.4215614824715628	0.16796875
2.4240340249911254	0.168359375
2.426511298148389	0.169921875
2.428995183064339	0.16953125
2.4314787989778703	0.170703125
2.4339620580204295	0.171875
2.4364455062111565	0.172265625
2.4389307446238946	0.171875
2.4414152095577037	0.171875
2.443900615308009	0.173046875
2.4463872648229468	0.175390625
2.4488772473590212	0.176171875
2.451370883843895	0.176171875
2.4538646498546646	0.175
2.4563561507743836	0.1767578125
2.458847635875398	0.1748046875
2.461345478051329	0.1748046875
2.463845667990312	0.1748046875
2.4663419741998243	0.1767578125
2.468837848375938	0.1794921875
2.4713373786844333	0.1806640625
2.4738427897624287	0.1798828125
2.4763438788295806	0.1763671875
2.478847637358104	0.1748046875
2.481355729282986	0.1748046875
2.483864422027784	0.1748046875
2.4863738829617352	0.1744140625
2.488884269756409	0.1732421875
2.4913957245494296	0.1755859375
2.493908370048874	0.1767578125
2.4964223073902936	0.1775390625
2.498937615550132	0.1787109375
2.5014543521761006	0.1794921875
2.5039725557364445	0.1806640625
2.506492248859294	0.1802734375
2.5090134426193487	0.178515625
2.511536141368186	0.179296875
2.514060347563616	0.1796875
2.516586066001743	0.1796875
2.5191133069334657	0.178125
2.52164208775192	0.1796875
2.5241724332201243	0.180078125
2.5267043744943716	0.179296875
2.529237947414189	0.174609375
2.5317731906222196	0.173828125
2.5343101440324762	0.176953125
2.5368487342930552	0.177734375
2.5393882853376573	0.175
2.541928452057147	0.171875
2.5444693759764263	0.172265625
2.547011176834187	0.173046875
2.5495539455461502	0.17265625
2.552097742723784	0.1734375
2.5546426022005657	0.173828125
2.5571885381648087	0.173828125
2.5597355540856563	0.173828125
2.5622836516294085	0.173046875
2.564832838089902	0.172265625
2.5673831313590196	0.17265625
2.5699345620083145	0.171875
2.572487172543412	0.171484375
2.5750410142630247	0.173046875
2.5775961423853584	0.177734375
2.5801526102120733	0.17734375
2.5827104631197138	0.176171875
2.585269733134318	0.178125
2.5878304347790664	0.18046875
2.590392562784874	0.18203125
2.5929560920966455	0.1828125
2.595520938475637	0.183203125
2.598086183133056	0.185546875
2.6006489048916888	0.1828125
2.6032134647391474	0.18125
2.605781037776079	0.1796875
2.6083442360397795	0.179296875
2.6109072422382864	0.1796875
2.6134715468471232	0.1796875
2.616038362251048	0.179296875
2.618609925895513	0.180078125
2.621182945414384	0.181640625
2.6237594030532922	0.18203125
2.62633873151446	0.1828125
2.628919552647387	0.18203125
2.6315019506137607	0.182421875
2.6340860071644885	0.1828125
2.636671800553617	0.181640625
2.639259404909009	0.1796875
2.641848522481983	0.17890625
2.6444371409952403	0.17890625
2.647025404277809	0.177734375
2.6496135531463523	0.179296875
2.6522017572509085	0.180078125
2.654789751577156	0.18046875
2.657377336105006	0.181640625
2.6599646810804125	0.181640625
2.662551954440371	0.183203125
2.665139161917252	0.18359375
2.667725985138912	0.18359375
2.670312405679482	0.183203125
2.6728985390603683	0.181640625
2.675484530192853	0.18125
2.6780705347255043	0.18125
2.6806567124738945	0.18125
2.6832432235547716	0.183203125
2.68583022694221	0.181640625
2.688417880594098	0.180859375
2.691006342026274	0.181640625
2.693595768286815	0.180859375
2.6961863146519516	0.1796875
2.6987781318938575	0.180859375
2.701371362485522	0.18125
2.7039661364638765	0.1796875
2.7065625677845278	0.1796875
2.709160751867954	0.1796875
2.7117607647323734	0.178125
2.7143626637392524	0.179296875
2.7169664896630596	0.1828125
2.7195722696152993	0.1845703125
2.72218002033364	0.1833984375
2.724789751463491	0.1814453125
2.727401468640617	0.1814453125
2.7300151763483855	0.1830078125
2.732630880609731	0.1849609375
2.7352485915579043	0.1833984375
2.7378683258335967	0.1818359375
2.740490108633713	0.1814453125
2.743113975151405	0.1880859375
2.7457399711459143	0.1904296875
2.7483681524772066	0.1904296875
2.7509985836120623	0.1908203125
2.7536313353050668	0.19296875
2.7562664818222986	0.1921875
2.7589040981588586	0.190625
2.761544257680556	0.19140625
2.7641870305003096	0.19140625
2.766832482712293	0.18828125
2.7694806763981403	0.184765625
2.7721316701409147	0.183203125
2.774785294716253	0.183203125
2.7774402445892017	0.185546875
2.7800961072523585	0.187109375
2.7827528932718897	0.18828125
2.7854105889827894	0.191015625
2.7880691644782933	0.18984375
2.7907285824689128	0.190234375
2.793388806341357	0.189453125
2.7960498061550143	0.189453125
2.7987115619317864	0.188671875
2.8013740493590116	0.187890625
2.804037179579444	0.189453125
2.806700948907177	0.1875
2.8093654462624778	0.183984375
2.8120307575867813	0.182421875
2.814696942202865	0.18671875
2.817363941159396	0.1875
2.820031758638729	0.187890625
2.8227004423869886	0.189453125
2.8253700485560826	0.189453125
2.828040623512503	0.188671875
2.8307121752482716	0.189453125
2.833384780859591	0.191015625
2.836058535457016	0.192578125
2.8387335510064773	0.190234375
2.8414099533513735	0.190625
2.844087877649904	0.190234375
2.8467674627450235	0.193359375
2.8494488181233946	0.19296875
2.8521318622088216	0.19140625
2.8548163798667905	0.190625
2.857502405281689	0.190234375
2.8601899706691727	0.190625
2.862879106683142	0.1890625
2.8655698427253244	0.1890625
2.868262207183584	0.1859375
2.870956227632022	0.1875
2.8736519310279505	0.189453125
2.8763493439378607	0.189453125
2.879048492817148	0.1890625
2.8817493686045386	0.185546875
2.884451691924533	0.185546875
2.8871549064318627	0.185546875
2.8898590665448185	0.187109375
2.892564226242931	0.1875
2.895270437782602	0.1875
2.897977750586543	0.187890625
2.900686210378789	0.18828125
2.903395858614507	0.185546875
2.9061067322281446	0.18671875
2.908818863696759	0.187890625
2.9115322813899778	0.18828125
2.9142470101558895	0.18828125
2.9169630720751982	0.1875
2.919680434982942	0.1875
2.9223987889717766	0.1875
2.9251179686601607	0.186328125
2.927837965375827	0.1828125
2.930558765620433	0.185546875
2.9332803517614905	0.18359375
2.9360027031154146	0.18359375
2.9387257973952763	0.184765625
2.94144961246874	0.18515625
2.9441741283457787	0.185546875
2.9468993292941295	0.185546875
2.9496252059652996	0.185546875
2.952351757406614	0.185546875
2.955078992836197	0.185546875
2.957806933067999	0.18515625
2.9605356114922	0.184375
2.963265074541227	0.184375
2.9659953816011697	0.184765625
2.9687266043603313	0.1873046875
2.971458825618649	0.1865234375
2.9741921376116505	0.1845703125
2.976926639928573	0.1853515625
2.979662437125038	0.1884765625
2.9823996361452174	0.1896484375
2.985138343676282	0.1904296875
2.9878786097689733	0.1892578125
2.9906200357464843	0.1884765625
2.993361608444296	0.1888671875
2.9961033089510622	0.1904296875
2.998845127802517	0.1900390625
3.0015870679667707	0.1888671875
3.004329146903298	0.189453125
3.0070713975809986	0.18828125
3.009813868434107	0.1875
3.0125566223233604	0.1875
3.0152997346450787	0.1875
3.0180432907863457	0.1859375
3.0207873831567316	0.18359375
3.0235321080355537	0.181640625
3.0262775624606824	0.1796875
3.0290238413546247	0.1796875
3.0317710350415106	0.1796875
3.0345192272602537	0.18203125
3.0372684937294303	0.182421875
3.0400189012724805	0.183203125
3.0427705074712987	0.183203125
3.045523360784197	0.18359375
3.0482775010416416	0.183203125
3.0510329602205766	0.183203125
3.053789763395169	0.18359375
3.0565479297676794	0.1828125
3.0593074736965398	0.181640625
3.0620684056577043	0.18203125
3.064830733097898	0.181640625
3.067594461162195	0.181640625
3.0703595933011583	0.180859375
3.0731261317825336	0.180078125
3.0758940781471753	0.180078125
3.078663433657325	0.180078125
3.0814341997867785	0.181640625
3.0842063787968548	0.180859375
3.086979974430114	0.179296875
3.0897549927366748	0.17890625
3.09253144302767	0.17890625
3.095309338928892	0.177734375
3.0980886994872874	0.17890625
3.100869550265696	0.17890625
3.103651924348979	0.17890625
3.1064358631786138	0.1796875
3.1092214171337753	0.18125
3.112008645784899	0.181640625
3.1147976177601815	0.181640625
3.1175884101854123	0.181640625
3.120381107681428	0.183203125
3.123175773058068	0.180859375
3.12597233508691	0.18125
3.128770846980677	0.181640625
3.13157137424908	0.180859375
3.134373656575189	0.180078125
3.137176844782307	0.180859375
3.139980957251895	0.17890625
3.1427860047518807	0.177734375
3.1455919910909182	0.17890625
3.148398914247019	0.183984375
3.1512067679300184	0.184765625
3.1540155434960577	0.183203125
3.156825232097939	0.18203125
3.159635826931956	0.18046875
3.162447325431949	0.1796875
3.165259731266188	0.1796875
3.1680730560114276	0.179296875
3.170887320408764	0.17578125
3.1737025551437394	0.173828125
3.1765188011338417	0.1734375
3.1793361093452006	0.174609375
3.1821544934786905	0.17578125
3.184973578094306	0.176171875
3.1877924220795393	0.17734375
3.1906111049701535	0.17578125
3.193429720764346	0.17578125
3.196248373352542	0.174609375
3.1990671718793204	0.1734375
3.2018862263287247	0.173046875
3.2047056435774404	0.172265625
3.2075255241006193	0.171875
3.2103459594495294	0.16796875
3.2131670305548674	0.166796875
3.215988806849304	0.166796875
3.218811346151464	0.166796875
3.2216346952133876	0.166796875
3.22445889080594	0.16796875
3.2272839612018203	0.167578125
3.230109927913195	0.16640625
3.232936807549035	0.1693359375
3.2357646136738465	0.1697265625
3.2385933585719235	0.1701171875
3.241423054846216	0.1693359375
3.244253716805697	0.1708984375
3.2470853616171125	0.1669921875
3.249918010214349	0.1650390625
3.2527516879705254	0.1669921875
3.2555864251444673	0.1669921875
3.258422257115344	0.1677734375
3.261259224418495	0.1689453125
3.264097372593506	0.16953125
3.2669367518538746	0.168359375
3.26977741658728	0.16796875
3.272619424697198	0.1671875
3.275462836800267	0.165234375
3.278307715299013	0.162109375
3.281154123355619	0.160546875
3.284002109943351	0.1625
3.286851653335352	0.1625
3.2897027351064736	0.1640625
3.29255506425088	0.1640625
3.2954084129189503	0.1640625
3.298262813010911	0.1671875
3.30111829656021	0.166015625
3.3039748946289316	0.165625
3.3068326361943923	0.163671875
3.309691547112789	0.166015625
3.312551649239752	0.164453125
3.315412959778585	0.162890625
3.3182754909145937	0.162109375
3.3211392497776044	0.16328125
3.32400423145372	0.1640625
3.3268703510053954	0.1640625
3.329737381521193	0.16328125
3.332605418774217	0.163671875
3.3354745649754522	0.164453125
3.3383449095615227	0.164453125
3.3412162572672175	0.165625
3.3440875216650037	0.16171875
3.3469587941592946	0.158984375
3.349830161530477	0.158203125
3.352701706255901	0.158203125
3.3555735030725393	0.159375
3.358445543978264	0.16015625
3.3613175543628113	0.16015625
3.3641896232615727	0.16015625
3.3670618425259113	0.161328125
3.3699343048379444	0.1640625
3.3728071018829833	0.16796875
3.3756802992624735	0.166796875
3.3785538287070875	0.166015625
3.381427659841381	0.166015625
3.384301884771977	0.166015625
3.3871765836975123	0.165234375
3.390051779508699	0.163671875
3.3929274853656124	0.162109375
3.3958037086239132	0.160546875
3.3986800066428864	0.16328125
3.4015559144656167	0.166015625
3.4044315729832735	0.166015625
3.4073070849951907	0.165234375
3.410182382825103	0.16484375
3.4130576282923064	0.166015625
3.4159329870067463	0.1671875
3.4188086227578167	0.166796875
3.4216846926515645	0.165234375
3.4245613432200677	0.1640625
3.427438707636196	0.163671875
3.430316904079343	0.162109375
3.4331960352191015	0.162109375
3.4360761887185434	0.162109375
3.4389574386092954	0.16171875
3.441839847357801	0.158203125
3.4447234684256958	0.157421875
3.447608349125678	0.154296875
3.4504945335850152	0.154296875
3.4533820656489467	0.155078125
3.456270991581417	0.15859375
3.459161362447587	0.1578125
3.4620532360883076	0.15625
3.464946678619052	0.157421875
3.4678417654042324	0.16015625
3.4707385814728777	0.16015625
3.4736372213553013	0.16015625
3.4765377883348694	0.16015625
3.479440393126517	0.16015625
3.4823451520151836	0.16015625
3.485252154534066	0.16015625
3.4881613451115805	0.16015625
3.4910725582194284	0.1625
3.4939844437040093	0.16484375
3.496896964020463	0.1578125
3.4998101482234256	0.156640625
3.5027240246509304	0.15703125
3.505638621677182	0.1568359375
3.508553968213	0.1599609375
3.5114700939622443	0.1607421875
3.5143870294659516	0.1591796875
3.5173047328291207	0.1599609375
3.520222751332773	0.1619140625
3.523140722826639	0.1638671875
3.526058664711704	0.1591796875
3.5289766299572123	0.1580078125
3.531894675984318	0.1572265625
3.5348128639151075	0.1572265625
3.537731257721559	0.1583984375
3.5406499233304936	0.160546875
3.543568927732391	0.1609375
3.5464883381320877	0.16171875
3.549408221169249	0.16015625
3.5523286422269207	0.16015625
3.5552496648380787	0.159375
3.5581712150965976	0.1578125
3.5610925507516447	0.15625
3.564013508185488	0.15390625
3.5669339491740657	0.154296875
3.5698538528134836	0.15546875
3.572773355477485	0.15390625
3.5756925894477467	0.154296875
3.5786116324056803	0.155078125
3.581530509587513	0.155078125
3.5844493643045916	0.154296875
3.5873683349159533	0.154296875
3.590287551989216	0.154296875
3.59320713631002	0.15390625
3.596127197759242	0.1515625
3.599047835018167	0.15234375
3.6019691360117343	0.15234375
3.604891178961174	0.15078125
3.6078140338914113	0.149609375
3.6107377644259877	0.15390625
3.6136624297027717	0.153515625
3.61658808625598	0.148828125
3.619514789732119	0.1484375
3.622442596336323	0.14921875
3.6253715639379323	0.15
3.628301752796973	0.1484375
3.6312332147108033	0.1484375
3.634165949127249	0.15234375
3.637100009992267	0.158203125
3.6400354736213147	0.158984375
3.642972418469162	0.16171875
3.645910924002935	0.1609375
3.648851069472536	0.154296875
3.651792932622795	0.152734375
3.654736568867884	0.1546875
3.6576819398474507	0.154296875
3.660629123034966	0.15546875
3.663578192775716	0.155859375
3.6665291810637815	0.15234375
3.6694816863708906	0.153125
3.672434336765712	0.154296875
3.675387193683971	0.155859375
3.6783403147528206	0.15625
3.6812937535095887	0.15625
3.6842475593909176	0.15625
3.6872017779418274	0.15546875
3.6901564511896083	0.151953125
3.693111618127541	0.154296875
3.6960673152574715	0.1546875
3.6990235771473334	0.15625
3.7019804369684803	0.15625
3.7049379269870424	0.15625
3.7078960789924205	0.15546875
3.7108549246535745	0.1546875
3.713814495799499	0.154296875
3.7167748246241366	0.153125
3.7197359438182245	0.15234375
3.722697886631708	0.15234375
3.725660686871027	0.15234375
3.7286243788363627	0.152734375
3.7315889972051246	0.155078125
3.734554531521304	0.15625
3.7375206571819626	0.158203125
3.740486836327477	0.1578125
3.743453139725084	0.158203125
3.7464195415288386	0.159765625
3.7493856855796035	0.166015625
3.7523516255518286	0.166015625
3.7553174139741503	0.162890625
3.758283102223301	0.158203125
3.761248740676478	0.158203125
3.764214378992122	0.158203125
3.767180066485393	0.158203125
3.770145852563261	0.158203125
3.7731117871848356	0.158203125
3.776077921314956	0.1578125
3.7790443073428333	0.15703125
3.7820109994421567	0.158203125
3.7849780538541506	0.158984375
3.7879455290802606	0.164453125
3.790913485976083	0.17421875
3.793881987742649	0.16328125
3.796851099815087	0.1611328125
3.799820889651962	0.1611328125
3.802791426431158	0.1611328125
3.8057627806602126	0.1615234375
3.8087350237104025	0.1611328125
3.811708227284932	0.1603515625
3.8146824628321787	0.1646484375
3.8176578009153483	0.1650390625
3.820634310550116	0.1611328125
3.823612058521951	0.1611328125
3.826591108694965	0.1623046875
3.829571521324275	0.1646484375
3.8325533523840805	0.162890625
3.8355366529239143	0.1640625
3.838521426030351	0.1640625
3.84150740389257	0.16796875
3.8444942466283334	0.1625
3.84748200200595	0.162109375
3.850470720111089	0.1640625
3.8534604172981815	0.1640625
3.8564509209162616	0.1640625
3.8594421468286884	0.164453125
3.8624341197275447	0.166015625
3.8654268607564046	0.166015625
3.8684203459501076	0.165234375
3.871414269765356	0.165234375
3.87440817486356	0.1609375
3.8774020755759606	0.16015625
3.8803959880111747	0.16015625
3.8833899305855497	0.16015625
3.8863839244014997	0.162109375
3.889377993456674	0.162109375
3.892372164679942	0.16328125
3.8953664678019133	0.16640625
3.8983609350772674	0.16640625
3.901355600883246	0.1609375
3.904350501222968	0.1625
3.907345673164014	0.1625
3.910341154242212	0.162109375
3.913336898117822	0.1640625
3.916332445128359	0.166796875
3.9193277168019565	0.1640625
3.9223227656581945	0.16953125
3.925317638820849	0.1609375
3.92831236822787	0.16015625
3.9313070111115116	0.16015625
3.9343016256142183	0.16015625
3.9372962699601595	0.16015625
3.940291001742811	0.162109375
3.9432858773529977	0.1640625
3.9462809515611315	0.162890625
3.9492762772568235	0.162109375
3.952271905339246	0.1609375
3.9552678847431135	0.159375
3.958264262578379	0.159765625
3.9612610843568814	0.160546875
3.9642583942764458	0.163671875
3.967256235532193	0.16796875
3.9702546506260106	0.164453125
3.973253681647938	0.164453125
3.9762533705073295	0.166796875
3.979253759096683	0.171875
3.9822548892582668	0.17734375
3.9852567990779812	0.176171875
3.988259512184864	0.173828125
3.9912630717820763	0.173046875
3.9942675208314626	0.1796875
3.9972728862500944	0.173828125
4.000279077342288	0.1703125
4.0032858835792915	0.171484375
4.006293350573699	0.168359375
4.009301514055151	0.16796875
4.0123103828549285	0.16796875
4.015319999429399	0.167578125
4.0183304077395805	0.166015625
4.0213416532485065	0.166015625
4.024353782872412	0.169921875
4.0273668448685385	0.177734375
4.030380888644224	0.184765625
4.033395964475601	0.191015625
4.036412122105065	0.1859375
4.039429315256428	0.181640625
4.0424470730422275	0.181640625
4.0454654269453085	0.1828125
4.048484410574599	0.185546875
4.051504059381711	0.183984375
4.05452441035651	0.181640625
4.057545501706913	0.1796875
4.060567372528876	0.172265625
4.0635900624730095	0.173828125
4.066613611414408	0.173828125
4.0696380591321475	0.173828125
4.07266344500429	0.173828125
4.075689807723322	0.1734375
4.078717065637939	0.16953125
4.0817445662489185	0.16953125
4.084772283804382	0.1703125
4.087800249647421	0.171875
4.090828493234047	0.171875
4.0938570423649026	0.173046875
4.096885923406809	0.1767578125
4.099915133590446	0.1837890625
4.102944493700122	0.1845703125
4.105973775471908	0.1896484375
4.109003010600627	0.1845703125
4.112032172632513	0.1826171875
4.1150612391612835	0.1826171875
4.118090242663327	0.1845703125
4.121119216209807	0.1826171875
4.124148193198304	0.1865234375
4.127177203262114	0.1912109375
4.130206245833045	0.18984375
4.133235259832943	0.18828125
4.136264100196944	0.1875
4.139292607477471	0.185546875
4.14232075776856	0.185546875
4.14534856986293	0.184375
4.148376084818037	0.1796875
4.151403348876769	0.178515625
4.154430412878496	0.177734375
4.1574573315956505	0.177734375
4.160484163016245	0.17890625
4.163510967594524	0.180859375
4.16653780749288	0.181640625
4.169564745838123	0.183203125
4.172591846014145	0.177734375
4.175619171011014	0.177734375
4.178646782847675	0.1796875
4.181674742081711	0.182421875
4.1847031074155	0.191015625
4.1877319354033515	0.18828125
4.190761280259537	0.185546875
4.193791193762355	0.186328125
4.196821725245015	0.1796875
4.199852921660291	0.174609375
4.2028848277027535	0.177734375
4.205917485970271	0.186328125
4.208950937145301	0.1859375
4.2119852201764845	0.1875
4.215020372442165	0.189453125
4.2180564298796295	0.189453125
4.221093427066951	0.184375
4.224131397248211	0.181640625
4.227170372297176	0.18125
4.2302103826191235	0.1796875
4.23325145699498	0.17890625
4.236293622376088	0.177734375
4.239336898239481	0.178515625
4.242381272747864	0.180859375
4.245426743824631	0.181640625
4.248473321525045	0.183203125
4.251521013730479	0.1859375
4.254569667285119	0.18671875
4.257618289960639	0.1875
4.260666361124963	0.1875
4.263713934472739	0.18671875
4.266761045117034	0.186328125
4.269807695138261	0.186328125
4.272853714821078	0.184765625
4.2758991719165795	0.185546875
4.278944092583124	0.18515625
4.281988477314487	0.1849609375
4.285032408962909	0.18671875
4.288075972125602	0.183203125
4.291119252115953	0.181640625
4.294162333977957	0.1875
4.29720530156643	0.18671875
4.300248236713239	0.1890625
4.3032912184967245	0.18671875
4.306334322627858	0.17734375
4.3093776209624135	0.175390625
4.312421181143949	0.175390625
4.3154650663777	0.176171875
4.318509335330873	0.173046875
4.321554042150538	0.171875
4.3245992365864465	0.1734375
4.3276449642029595	0.17578125
4.330691266661892	0.17578125
4.333738182056652	0.17578125
4.336785745277533	0.17890625
4.339833988388531	0.18125
4.342882940997346	0.1796875
4.345932630602428	0.1796875
4.348983082903666	0.179296875
4.352034322066555	0.176953125
4.355086370933244	0.176171875
4.358139110961223	0.1796875
4.361191767566165	0.181640625
4.364244365702947	0.17578125
4.367296917819822	0.17578125
4.370349520103016	0.17578125
4.373402268134854	0.17421875
4.376455256433306	0.171875
4.379508578165322	0.1734375
4.38256232501854	0.173828125
4.385616587207457	0.17265625
4.388671453583211	0.17265625
4.391727011810543	0.171875
4.394783348571893	0.173828125
4.39784054975691	0.17109375
4.400898700596211	0.169921875
4.403957885701109	0.172265625
4.407018188976268	0.175390625
4.410079693379768	0.1728515625
4.4131424805145985	0.1728515625
4.416206614043063	0.1736328125
4.419272077860399	0.1748046875
4.42233893306772	0.1755859375
4.425407248617647	0.1783203125
4.428477056712641	0.1791015625
4.431548214292153	0.1818359375
4.434620630867983	0.1806640625
4.437693743401231	0.1779296875
4.440766998954133	0.1787109375
4.443840367191922	0.1763671875
4.446913864066649	0.17734375
4.449987339702978	0.178125
4.45306044152118	0.18125
4.456133216288115	0.180859375
4.459205710240119	0.1796875
4.4622779692168955	0.182421875
4.465350038857677	0.19140625
4.468421964822911	0.191796875
4.47149379300695	0.190625
4.474565569711625	0.190234375
4.4776373278505925	0.19140625
4.4807089507276245	0.191015625
4.483780008021595	0.1890625
4.48685058148232	0.1921875
4.489920717583884	0.191796875
4.492990258683187	0.19140625
4.49605901373149	0.190625
4.499127075457641	0.187109375
4.502194538209969	0.17890625
4.505261496572323	0.1796875
4.508328044131044	0.1796875
4.511394220608776	0.180078125
4.514459808779296	0.181640625
4.5175248318485	0.1845703125
4.520589393026546	0.1849609375
4.523653594875894	0.1890625
4.526717537989152	0.189453125
4.529781303754655	0.18984375
4.532844867552863	0.1890625
4.535908170622116	0.184375
4.538971317609495	0.1796875
4.542034410211867	0.178515625
4.545097530129465	0.179296875
4.548160679244006	0.18125
4.551223948245431	0.18203125
4.554287431828675	0.18359375
4.557351219761305	0.181640625
4.560415396773028	0.181640625
4.5634800426752244	0.18125
4.566545232674137	0.183203125
4.569611037834354	0.183203125
4.572677525644847	0.18359375
4.575744760637979	0.18359375
4.578812805012525	0.1828125
4.58188171921461	0.181640625
4.584951562435324	0.18125
4.588022392990295	0.178515625
4.591094268554313	0.177734375
4.59416724623301	0.17890625
4.597241382463021	0.1796875
4.600316732741866	0.178125
4.603393351198339	0.177734375
4.606471290023253	0.181640625
4.609550598788377	0.180859375
4.6126313236879595	0.181640625
4.615713506741932	0.186328125
4.6187971850024	0.19140625
4.621882389805225	0.18984375
4.624969087788202	0.18828125
4.628056882704897	0.186328125
4.6311453196780334	0.18359375
4.634234419137939	0.18671875
4.63732410013456	0.19140625
4.640414387635243	0.194140625
4.643505304741138	0.197265625
4.646596762835702	0.18984375
4.649688307543615	0.18671875
4.65277979015085	0.187109375
4.655871283723914	0.188671875
4.658962859631739	0.1953125
4.662054587106901	0.196875
4.66514653283365	0.195703125
4.668238760555064	0.192578125
4.671331330696728	0.185546875
4.67442430000932	0.185546875
4.677517721236797	0.185546875
4.68061164281998	0.184765625
4.683706108646929	0.1875
4.686801157861522	0.1875
4.6898968247401545	0.1875
4.692993055405106	0.1875
4.6960892870174735	0.1859375
4.69918489176384	0.18359375
4.702279901017797	0.18125
4.705374348033694	0.17578125
4.708468268060167	0.18046875
4.711561698499527	0.184765625
4.714654679088235	0.1828125
4.7177472520740364	0.18359375
4.720839462367495	0.184375
4.723931357649205	0.186328125
4.727022988418636	0.1875
4.7301144079757735	0.190625
4.733205672332208	0.1853515625
4.736296840053511	0.1798828125
4.739387972039415	0.1751953125
4.7424791312520735	0.1779296875
4.74557038240541	0.1833984375
4.748661791630099	0.1845703125
4.751753426129117	0.1865234375
4.754845353838046	0.1888671875
4.757937643102565	0.193359375
4.761030362383112	0.1978515625
4.764123579993594	0.1947265625
4.7672173638777116	0.190625
4.770311781423029	0.18828125
4.773406899309764	0.187890625
4.776502783388427	0.181640625
4.779599498578273	0.18203125
4.782697108776936	0.18125
4.785795676770878	0.179296875
4.788895215205911	0.181640625
4.79199549214559	0.1828125
4.795096488745437	0.18671875
4.798198281456585	0.185546875
4.801300945109965	0.187109375
4.804404552491081	0.18515625
4.807509173963165	0.187890625
4.810614877138256	0.185546875
4.813721726593283	0.185546875
4.816829783625934	0.1828125
4.819939020095883	0.185546875
4.823048882253815	0.185546875
4.82615873873471	0.185546875
4.8292686203069	0.181640625
4.832378559389123	0.18203125
4.835488590106198	0.18359375
4.838598748276207	0.185546875
4.841709071179954	0.187890625
4.844819594983645	0.186328125
4.847930348651235	0.184375
4.851041371056561	0.1875
4.854152701856911	0.1859375
4.85726438107874	0.182421875
4.860376448663398	0.177734375
4.863488910181553	0.177734375
4.866601519734151	0.182421875
4.869713786580749	0.1828125
4.872825717652363	0.18359375
4.875937319303883	0.184375
4.879048628277329	0.184765625
4.882159684937121	0.184375
4.885270532417931	0.1828125
4.888381215726292	0.174609375
4.891491780831429	0.169140625
4.894602273779838	0.168359375
4.897712739865317	0.171484375
4.900823222882043	0.169921875
4.90393376448292	0.17734375
4.907044403659383	0.183203125
4.910155176352585	0.181640625
4.913266115199587	0.18515625
4.9163772494125135	0.18359375
4.91948860478357	0.1859375
4.922600203804821	0.19140625
4.925712065888624	0.19140625
4.928824207672725	0.192578125
4.931936643393117	0.193359375
4.935049385307773	0.193359375
4.938162444155021	0.191796875
4.941275829631575	0.183984375
4.944389550876673	0.180859375
4.947502300302753	0.177734375
4.950608140268512	0.180859375
4.953714037190029	0.181640625
4.956810086661998	0.1828125
4.959897451955245	0.186328125
4.962980529095209	0.18671875
4.966062157832754	0.185546875
4.969143437203371	0.18515625
4.972220835462666	0.18046875
4.975291602313887	0.183203125
4.978338131362706	0.18359375
4.981370735847271	0.18203125
4.984401728873241	0.18046875
4.987436121011057	0.181640625
4.990469190278642	0.180078125
4.993503097848469	0.180078125
4.996536566022729	0.18046875
4.999556153923093	0.180078125
5.0025694075079645	0.178125
5.005577408666343	0.176953125
5.008581524846832	0.18046875
5.011577445260169	0.181640625
5.014572351518507	0.183203125
5.017569325169349	0.1859375
5.020561916720251	0.186328125
5.023546059604108	0.1859375
5.026524579859641	0.183984375
5.029495933102924	0.185546875
5.032465324701628	0.186328125
5.035432028833335	0.18828125
5.0383990089710755	0.18984375
5.041360857375878	0.19296875
5.044319458605914	0.193359375
5.047268200341279	0.19296875
5.050212712889893	0.187890625
5.053156554897476	0.185546875
5.056103873722305	0.18515625
5.059052106822016	0.184765625
5.061991464423288	0.190234375
5.064926860838176	0.19140625
5.067857372263871	0.192578125
5.070782002893327	0.1916015625
5.073703755129897	0.1876953125
5.076623647116778	0.1841796875
5.079533217495328	0.18828125
5.082435073069109	0.1912109375
5.0853325372686795	0.1943359375
5.088224338360628	0.1943359375
5.09110540001263	0.1923828125
5.093983626075139	0.1916015625
5.096863364920277	0.1935546875
5.099742155469848	0.1884765625
5.1026088773745535	0.1876953125
5.105470781166106	0.1841796875
5.1083326091112715	0.183984375
5.111187621304792	0.187109375
5.114038109491252	0.191015625
5.116889490332687	0.19375
5.119744505364662	0.19375
5.122594584805045	0.191015625
5.12544197750461	0.19453125
5.128284488694874	0.19453125
5.131123548831003	0.191796875
5.13396372801404	0.190625
5.136804130375155	0.1921875
5.139642903664138	0.193359375
5.142474825104789	0.194140625
5.145302897142734	0.19765625
5.148124468442143	0.198828125
5.150942543496608	0.19453125
5.153759328781661	0.191796875
5.15657899400225	0.1921875
5.159401710288607	0.1875
5.162226196518704	0.187890625
5.16504153574143	0.19296875
5.167842234905374	0.19453125
5.170634720584197	0.196875
5.173425511700079	0.189453125
5.176220757565439	0.192578125
5.1790216202913735	0.1921875
5.181816499885427	0.1890625
5.184608400074784	0.1921875
5.187400459405169	0.191796875
5.190188641622467	0.18671875
5.192975646726511	0.1890625
5.195763046512399	0.18984375
5.198536632722178	0.187109375
5.201299283087638	0.184765625
5.204057844705793	0.185546875
5.206817856624241	0.1859375
5.209581050508448	0.186328125
5.212344033086177	0.194140625
5.215100573064949	0.194140625
5.217847458443706	0.192578125
5.2205894804759465	0.192578125
5.223329986828122	0.19765625
5.226071144181365	0.193359375
5.228806274074398	0.1921875
5.2315384670455245	0.191015625
5.234270648318025	0.196875
5.2370024691023636	0.1953125
5.239727752198478	0.196875
5.242448848543414	0.2
5.245160561171304	0.20390625
5.247869706818728	0.2015625
5.25057837880379	0.2015625
5.253290337058063	0.203515625
5.256007948563154	0.19921875
5.258727825576597	0.19921875
5.261443701802049	0.200390625
5.2641562671167454	0.20078125
5.2668643908975294	0.199609375
5.269570097822541	0.1984375
5.272279710641044	0.203125
5.274994316230379	0.201953125
5.277703226859593	0.198828125
5.280410716957629	0.19921875
5.283119467868801	0.197265625
5.285828255236944	0.18984375
5.288536912872361	0.19140625
5.291243804665365	0.1921875
5.293936770177846	0.192578125
5.296621830872357	0.191015625
5.299305709573995	0.19140625
5.301991048712329	0.18828125
5.304677492712403	0.193359375
5.307364068029005	0.19296875
5.310046863623155	0.1875
5.31272064009549	0.18125
5.315390210011084	0.1921875
5.318059605724536	0.19296875
5.320730837790265	0.1890625
5.323396119997959	0.189453125
5.32606126757335	0.193359375
5.328726426156187	0.198046875
5.331390702714848	0.19609375
5.334049259093011	0.197265625
5.336703093825547	0.200390625
5.339351035303114	0.200390625
5.341997553579655	0.19765625
5.344644500143193	0.198828125
5.347295253137972	0.200390625
5.349949872161607	0.20078125
5.352607251412789	0.20234375
5.355253808285534	0.20390625
5.3578900861656065	0.20390625
5.36051947058196	0.201171875
5.363148696511642	0.1984375
5.36578279660628	0.203515625
5.368423016016834	0.201171875
5.371064209592692	0.201953125
5.373700952290682	0.201171875
5.376334769052982	0.2
5.378968292309097	0.194140625
5.381601796521702	0.194921875
5.384232141629019	0.19140625
5.38686012328251	0.190625
5.38949055717611	0.1890625
5.392121571516315	0.190234375
5.3947538630446275	0.18828125
5.397383539181198	0.19609375
5.40001249509232	0.193359375
5.402631017134201	0.187109375
5.40524263128674	0.18515625
5.407851176477906	0.193359375
5.410460821741954	0.19296875
5.413070573694404	0.188671875
5.415676356166066	0.186328125
5.418281635960375	0.1978515625
5.420887940514883	0.1986328125
5.423487877059905	0.2017578125
5.426083385759875	0.203125
5.4286746099256495	0.203515625
5.431262653119532	0.2015625
5.433849511815405	0.20078125
5.4364387996563295	0.2048828125
5.439033633825711	0.2001953125
5.441632606427103	0.2013671875
5.444228762423079	0.2033203125
5.446821265084851	0.2041015625
5.449407828686563	0.2052734375
5.451991295390878	0.1998046875
5.4545776239192145	0.2001953125
5.457170138232633	0.2001953125
5.4597679638854615	0.19921875
5.462361733730734	0.19921875
5.46495084941365	0.200390625
5.467538449955439	0.197265625
5.4701259312783845	0.19375
5.472713838319226	0.195703125
5.475298739471942	0.192578125
5.477884242890385	0.19140625
5.480473134959967	0.1921875
5.483062418129729	0.191796875
5.4856468893063495	0.19375
5.488231097999605	0.198828125
5.49081297118633	0.1984375
5.493387627059638	0.191015625
5.495958556270997	0.193359375
5.498529386195191	0.19921875
5.501100901816031	0.196875
5.503665536361635	0.187890625
5.506229216605334	0.1921875
5.508796395143478	0.2015625
5.511366739107082	0.204296875
5.513928758597972	0.208203125
5.516485753916512	0.205859375
5.519041244633524	0.19921875
5.521591373034644	0.197265625
5.5241399049753435	0.197265625
5.526688413827958	0.198046875
5.529240989052615	0.19921875
5.531795465866066	0.2
5.5343403894636785	0.20234375
5.536877435422791	0.199609375
5.539409639193202	0.2
5.541942866207656	0.194140625
5.54448108405921	0.19453125
5.547023619428578	0.197265625
5.549565976243276	0.196484375
5.55210903244824	0.198046875
5.554650394535272	0.196484375
5.557191908607285	0.19140625
5.559730432829942	0.195703125
5.5622606177762695	0.195703125
5.564790551358002	0.19453125
5.567324296890147	0.19375
5.569861696464031	0.194921875
5.572400522855437	0.19453125
5.574940898568293	0.2
5.577480258394278	0.203125
5.5800183516402635	0.20390625
5.58255704147747	0.19609375
5.585097608100138	0.198828125
5.587639121264098	0.19453125
5.590174286832159	0.196875
5.592706629057948	0.19765625
5.595241079626016	0.203125
5.597778307647296	0.209375
5.6003098984992254	0.214453125
5.602835120500127	0.212109375
5.6053587179593904	0.2078125
5.6078812919321805	0.20078125
5.610401616528435	0.207421875
5.612920471875416	0.20546875
5.6154424375994685	0.205078125
5.617967370191462	0.20625
5.620486428532362	0.210546875
5.622999035760246	0.208203125
5.625505888486097	0.20546875
5.628012264810182	0.202734375
5.630522874605699	0.1984375
5.6330394720411	0.201953125
5.6355584767919416	0.205859375
5.638078500005543	0.205078125
5.640596466992107	0.20234375
5.643115101078863	0.19765625
5.645633930325127	0.20078125
5.64814346913957	0.20234375
5.650651484830353	0.205078125
5.653162539772223	0.202734375
5.655676810226934	0.203125
5.658191819791339	0.20234375
5.660704870258386	0.2046875
5.663218394216051	0.20859375
5.665732929401419	0.210546875
5.668247697903808	0.205859375
5.670761168046822	0.2
5.673274142765195	0.191015625
5.675781836481539	0.1921875
5.678288080075541	0.196875
5.680796083510758	0.202734375
5.683305363222219	0.2046875
5.68581442063316	0.2109375
5.68832336510505	0.21484375
5.690829859011385	0.208203125
5.693335867320838	0.2
5.695839965245608	0.203515625
5.69834295516052	0.207421875
5.700846992431434	0.20703125
5.703351798507165	0.208203125
5.705852378850775	0.210546875
5.7083473668747695	0.208203125
5.710837963316599	0.20625
5.713326174919314	0.20390625
5.715816710409911	0.198828125
5.7183098177387635	0.19453125
5.720801768674644	0.201953125
5.723294024252753	0.205078125
5.72578606022447	0.20078125
5.72827861503347	0.2015625
5.730769550179953	0.2078125
5.733250970930566	0.208203125
5.735730818364728	0.209765625
5.738213800337126	0.206640625
5.7406994260177315	0.205078125
5.743186007832853	0.20234375
5.745669862892218	0.19609375
5.7481552329907055	0.2078125
5.75064078764384	0.20859375
5.753126785455407	0.2078125
5.755613980468083	0.203125
5.758099446642127	0.19296875
5.760579939674464	0.19296875
5.763060593697558	0.195703125
5.765542925981068	0.204296875
5.76802695734834	0.203125
5.770510430210235	0.200390625
5.7729927508278385	0.20625
5.77547392498376	0.205078125
5.777954998882108	0.194921875
5.780434160475955	0.1927734375
5.782908851845549	0.1958984375
5.785382970701605	0.1998046875
5.78785962690919	0.2033203125
5.79034043842749	0.205859375
5.792820106379658	0.2046875
5.795294649942863	0.2130859375
5.797766629882776	0.2130859375
5.8002373208749125	0.2099609375
5.802706322523624	0.2056640625
5.805175085427598	0.2072265625
5.80764729262725	0.2130859375
5.810122526422092	0.2041015625
5.812600149204418	0.2033203125
5.815068864634669	0.2060546875
5.817530066015942	0.2119140625
5.819990451733183	0.21328125
5.822455121420215	0.2109375
5.824924255604127	0.20546875
5.827394609993687	0.201171875
5.829866917707788	0.19765625
5.832338053988672	0.19765625
5.834809301491028	0.201171875
5.837282265768348	0.201953125
5.839756749660417	0.198828125
5.8422264276425855	0.187109375
5.844692164158959	0.183203125
5.847158390576525	0.189453125
5.849625303966443	0.19609375
5.8520931780901995	0.204296875
5.854562305897393	0.2046875
5.85703393686344	0.2046875
5.8595057768994145	0.21015625
5.8619763845239845	0.2015625
5.864446982188449	0.199609375
5.8669151941818285	0.2015625
5.869382825733624	0.205078125
5.871852597753212	0.208984375
5.874323316966326	0.212890625
5.876791563055729	0.20859375
5.879258763467516	0.21328125
5.881726029217652	0.219921875
5.884191058663273	0.21796875
5.886654149436082	0.216796875
5.889113080312174	0.212109375
5.89157073238857	0.207421875
5.894029565706498	0.206640625
5.896491033421078	0.205859375
5.898951011374466	0.21015625
5.901405334339882	0.21484375
5.903859302488582	0.208984375
5.906316705465002	0.20625
5.9087726031268275	0.19765625
5.911226913706459	0.196875
5.913680958679177	0.19375
5.916132810236281	0.190234375
5.918583763469506	0.201171875
5.921035664782056	0.201171875
5.923488816766781	0.20234375
5.925939400182066	0.1890625
5.928388898963013	0.18046875
5.930840129771252	0.189453125
5.933293056297078	0.198828125
5.9357481218503	0.205859375
5.938199585489472	0.210546875
5.940647887043396	0.212890625
5.943094901123623	0.216015625
5.945542931960905	0.216796875
5.9479953445309475	0.212109375
5.950450986944951	0.206640625
5.952905459497155	0.211328125
5.955354735592032	0.216796875
5.957802786013372	0.21953125
5.960250148741332	0.216015625
5.9626996528693414	0.214453125
5.965149816434216	0.215625
5.967598813307077	0.218359375
5.970049961262501	0.21640625
5.972500157565647	0.208203125
5.974949501641482	0.20078125
5.9774007288773126	0.2046875
5.979854201630603	0.2046875
5.982302063389972	0.206640625
5.984744723227556	0.215625
5.9871871471873055	0.216015625
5.989633322514784	0.213671875
5.992081310386577	0.2078125
5.994529663660126	0.203125
5.996977918690579	0.203125
5.999424055166697	0.1984375
6.001870058384822	0.201171875
6.004317661049609	0.20546875
6.0067656036480646	0.20625
6.009209340081699	0.197265625
6.0116541895113675	0.19375
6.014100923043062	0.19765625
6.016548072312619	0.20859375
6.01899460901617	0.209765625
6.021438937975123	0.213671875
6.023883235247436	0.21796875
6.026328617270369	0.21640625
6.028774226050208	0.21953125
6.031216172976287	0.215234375
6.0336539562694105	0.208203125
6.0360914424230305	0.20390625
6.03853167923053	0.215625
6.040974926741626	0.21796875
6.0434171391717975	0.2171875
6.04585785520687	0.21796875
6.04829637846286	0.220703125
6.050733885553173	0.224609375
6.053173476447198	0.21796875
6.055615626543883	0.209765625
6.058061165719721	0.204296875
6.060505359037586	0.209375
6.06294795515097	0.21171875
6.065384359909068	0.217578125
6.0678170493147165	0.2234375
6.070251791218554	0.221875
6.072691335946451	0.2171875
6.075134100709031	0.2171875
6.077576817896693	0.214453125
6.080016728687457	0.21171875
6.082456346313455	0.207421875
6.084897307421581	0.20546875
6.087339826722802	0.219140625
6.08977778827651	0.220703125
6.092213699840223	0.216796875
6.0946514803473795	0.2109375
6.097090475141803	0.20625
6.0995310526197	0.2087890625
6.1019711449706255	0.2158203125
6.104410581725885	0.2197265625
6.106848709227496	0.2228515625
6.109285676421503	0.2205078125
6.111723048481309	0.2197265625
6.114161682657725	0.2111328125
6.116599072448478	0.2052734375
6.119034199345833	0.2025390625
6.12146893135235	0.2138671875
6.123904800049785	0.2185546875
6.126342893737352	0.2212890625
6.128783104683383	0.2138671875
6.131223377059612	0.2107421875
6.133662055077498	0.2201171875
6.13609657926108	0.2185546875
6.138529130161636	0.2099609375
6.140962629404544	0.2080078125
6.143399342255477	0.2111328125
6.1458385625164755	0.218359375
6.148272842817404	0.218359375
6.150704266985975	0.223828125
6.153137125062553	0.2224609375
6.155568610510065	0.2197265625
6.157999790977016	0.2173828125
6.160427463462726	0.21328125
6.162854017862852	0.2109375
6.165281298027847	0.202734375
6.1677105609005585	0.195703125
6.170139591068794	0.21171875
6.172563776254833	0.21796875
6.174989003393485	0.2111328125
6.177416411565062	0.204296875
6.179845368828545	0.1986328125
6.182272419109078	0.2025390625
6.184700332497925	0.2099609375
6.18712990105559	0.2123046875
6.189561450519742	0.2142578125
6.191995600857652	0.2107421875
6.194430601719893	0.2060546875
6.196859209809916	0.2052734375
6.199285479212494	0.2021484375
6.201713076635476	0.1994140625
6.204141451526976	0.2060546875
6.206570763893536	0.2154296875
6.209002242898126	0.2177734375
6.211435067536715	0.209375
6.213868061549641	0.2119140625
6.216298649619794	0.2154296875
6.218725616473171	0.2119140625
6.22115200538875	0.2080078125
6.2235806549487895	0.2021484375
6.226013116076327	0.203515625
6.228446077789645	0.208203125
6.230875387182541	0.201171875
6.233303473780412	0.204296875
6.235732172516847	0.201171875
6.2381598526522835	0.198828125
6.240586843451492	0.197265625
6.243012234241675	0.1916015625
6.245438060933409	0.1876953125
6.247866053592808	0.1869140625
6.250295978707043	0.1841796875
6.252719358945935	0.1951171875
6.255141790353657	0.19921875
6.257566807590071	0.1951171875
6.2599940579954465	0.1841796875
6.262422492379662	0.1818359375
6.264851330189181	0.1880859375
6.267280046325879	0.19140625
6.269706853115448	0.191796875
6.272134080414048	0.196484375
6.274562948860192	0.190625
6.276993042072652	0.1884765625
6.279419749127624	0.1904296875
6.281847126123045	0.1861328125
6.284275104795545	0.1896484375
6.286704533837493	0.194921875
6.289135499174787	0.200390625
6.291566602177121	0.199609375
6.293996560036739	0.194921875
6.296425112022894	0.1990234375
6.298855407941507	0.2033203125
6.301286437372664	0.2021484375
6.30371843610753	0.2009765625
6.30615169343383	0.1970703125
6.308581216205436	0.1986328125
6.311008602221076	0.2009765625
6.31343598474032	0.1982421875
6.315864075388603	0.2005859375
6.318295138273245	0.2025390625
6.32072407921306	0.2033203125
6.323150698651316	0.1994140625
6.325577213944311	0.18984375
6.328005096581472	0.185546875
6.330433940462478	0.1845703125
6.332861622968896	0.1833984375
6.335270827908653	0.1927734375
6.3376726667813035	0.1970703125
6.340074989093934	0.1884765625
6.342478095941075	0.1791015625
6.34487534408097	0.1740234375
6.347266767484295	0.1787109375
6.349647055399567	0.1833984375
6.352022884331017	0.1865234375
6.354399634852265	0.1892578125
6.356781219387539	0.1861328125
6.359169677633162	0.183984375
6.361563067764385	0.1875
6.363948520171386	0.1857421875
6.366325586224022	0.1892578125
6.368700110091095	0.1873046875
6.371076117685838	0.1955078125
6.373452443031727	0.1955078125
6.375811091787	0.1904296875
6.37815849787936	0.1912109375
6.38050207900752	0.1921875
6.3828468005246055	0.1953125
6.385185795781781	0.19453125
6.387524293861802	0.190625
6.389858141375834	0.19140625
6.392185988974385	0.19296875
6.394513125334828	0.195703125
6.396843589946045	0.19765625
6.399179469780334	0.203125
6.4015190011230745	0.203125
6.4038586716880745	0.201953125
6.406193809257192	0.19453125
6.408523071555001	0.1859375
6.410851229839487	0.186328125
6.413181391517019	0.18671875
6.415515135991257	0.191015625
6.417852662698874	0.197265625
6.420189516355713	0.197265625
6.422510274296874	0.191015625
6.424818453751597	0.18203125
6.427122797678973	0.1830078125
6.429427450403417	0.1865234375
6.431727501739593	0.1896484375
6.4340267335359425	0.189453125
6.436324058320838	0.1921875
6.438618990591183	0.185546875
6.4409118367045375	0.1828125
6.443206104296528	0.18515625
6.445502412144755	0.189453125
6.447800744323201	0.18984375
6.450100828091481	0.187890625
6.452402556646554	0.196875
6.454696069193685	0.197265625
6.4569862303289876	0.19296875
6.459276196989712	0.187109375
6.461567900476655	0.185546875
6.463862416315328	0.1943359375
6.466160144432975	0.1943359375
6.4684604403889825	0.1970703125
6.4707583185305255	0.19296875
6.473042777776065	0.19140625
6.475312644893396	0.190234375
6.477576878816628	0.18828125
6.479841015790657	0.189453125
6.482101205117462	0.19296875
6.484361676874212	0.1962890625
6.486623205814014	0.1919921875
6.488883103819944	0.1896484375
6.491141799715272	0.1884765625
6.493400271624485	0.192578125
6.495659370545163	0.1939453125
6.497918561149495	0.19609375
6.500179606294468	0.196875
6.502444608446231	0.19375
6.5047104649268634	0.18984375
6.506970728411104	0.18515625
6.509228891500627	0.188671875
6.511487401266508	0.198046875
6.513747942626165	0.1984375
6.5160115323622	0.2046875
6.518278525408899	0.2015625
6.52054861550361	0.1955078125
6.5228209180107095	0.1912109375
6.525093499096807	0.1912109375
6.5273585476864	0.198828125
6.529604777008045	0.19921875
6.5318419357627056	0.197265625
6.534077411779814	0.198828125
6.53631165655044	0.2
6.538545453841366	0.19609375
6.5407821105011	0.1931640625
6.543020198858291	0.1953125
6.545256868033029	0.202734375
6.547492874334591	0.20625
6.5497288424580775	0.20546875
6.551963644939284	0.204296875
6.554199198969066	0.19921875
6.5564382802652625	0.1958984375
6.558682148084492	0.196484375
6.560929179478804	0.1939453125
6.5631699810243145	0.2005859375
6.565407790799285	0.203515625
6.56764519959894	0.20234375
6.569884186430864	0.197265625
6.572126033086644	0.194140625
6.574371217589502	0.188671875
6.576619493740533	0.187109375
6.578870003251526	0.187109375
6.5811197567430355	0.1875
6.583363373567843	0.188671875
6.585599866152409	0.191015625
6.587828676851709	0.18515625
6.590040290193781	0.184765625
6.592244563936875	0.1935546875
6.5944482315469335	0.1955078125
6.596651254998916	0.1986328125
6.598855705673384	0.2060546875
6.60106469889675	0.20078125
6.603278293481195	0.201171875
6.605488999896144	0.201171875
6.607698078479829	0.2060546875
6.609906997397587	0.2134765625
6.612113728381682	0.2087890625
6.614321739436137	0.2056640625
6.616532967809667	0.2015625
6.618748423502191	0.2052734375
6.620967978146029	0.2091796875
6.623187174594836	0.2080078125
6.625401546699029	0.2083984375
6.627614292223913	0.2123046875
6.629827980962821	0.2150390625
6.632044318318385	0.2095703125
6.63426411711445	0.2091796875
6.636487448242068	0.2064453125
6.638712914842938	0.2083984375
6.640935482488496	0.2123046875
6.6431578247988625	0.2138671875
6.645382814731842	0.2154296875
6.647611375103539	0.2173828125
6.6498369263947925	0.2150390625
6.652050930568674	0.2119140625
6.654251524258265	0.2087890625
6.656446822750973	0.2044921875
6.658641923139644	0.2060546875
6.660836035419592	0.2013671875
6.663032334823947	0.19765625
6.665233095844636	0.1953125
6.66743465548264	0.195703125
6.66963373515347	0.194140625
6.671832898991758	0.189453125
6.6740317720762725	0.19140625
6.676230027377465	0.1935546875
6.678429942251017	0.1923828125
6.68063292536396	0.199609375
6.682839989961855	0.20703125
6.6850519846640974	0.2115234375
6.6872678332134665	0.2099609375
6.689478595624976	0.2111328125
6.6916874444099355	0.2181640625
6.6938964678352075	0.2205078125
6.69610613424821	0.2220703125
6.698319465782218	0.2197265625
6.700537680890035	0.2275390625
6.702756564314409	0.2271484375
6.704970995162617	0.2267578125
6.707184799105451	0.2259765625
6.709400973679735	0.2294921875
6.711621465901304	0.2306640625
6.713845619108625	0.22734375
6.716065040372526	0.2197265625
6.7182782298308865	0.2119140625
6.720481324641861	0.2134765625
6.7226730322719455	0.216796875
6.724860107514516	0.21796875
6.727047166871408	0.217578125
6.729235569673052	0.2203125
6.731427136184931	0.22265625
6.7336186986052455	0.2203125
6.735809928302872	0.2185546875
6.738003219507855	0.2138671875
6.74019428005234	0.2146484375
6.742385338757856	0.2181640625
6.744576476181232	0.216015625
6.746769064049943	0.2189453125
6.748963451637528	0.2189453125
6.751162154296622	0.2142578125
6.753366625326133	0.211328125
6.75557103572	0.2109375
6.757769964265385	0.21171875
6.759964964728685	0.2140625
6.762158502415137	0.21640625
6.7643535993347506	0.22265625
6.76655223411037	0.226171875
6.768755533316641	0.229296875
6.770961738588161	0.228515625
6.773163216602242	0.230859375
6.775363222157967	0.227734375
6.777563016737338	0.2234375
6.779763524405859	0.221875
6.781966201935348	0.229296875
6.784168377224832	0.2330078125
6.78636382428193	0.2365234375
6.7885566385607	0.2388671875
6.790748845165803	0.241015625
6.792937669548453	0.243359375
6.7951190600459315	0.2421875
6.797298913134991	0.23828125
6.799481662562281	0.2384765625
6.801668462107862	0.2392578125
6.803857811356454	0.2396484375
6.806044963223536	0.2439453125
6.808231512557845	0.23828125
6.81042031846525	0.238671875
6.812609174504457	0.240234375
6.81479761774597	0.240625
6.8169840035580425	0.244140625
6.8191707950391605	0.2392578125
6.8213589122376055	0.2376953125
6.823549766586735	0.2412109375
6.825744507390732	0.234765625
6.827940111397628	0.2359375
6.830125280920326	0.23515625
6.832305543322591	0.23828125
6.834484977699408	0.2376953125
6.836666149000796	0.2380859375
6.8388506744332735	0.2345703125
6.841039434419023	0.233203125
6.843230612250822	0.2359375
6.845415156855021	0.238671875
6.84759323978075	0.24296875
6.849769536049608	0.246484375
6.851947135242223	0.244140625
6.85412777072935	0.24453125
6.856308845826893	0.247265625
6.858481393321171	0.24453125
6.860650849091911	0.240234375
6.86282134345969	0.23671875
6.8649946957722605	0.239453125
6.867166413805516	0.2392578125
6.869334542865273	0.2447265625
6.871501901762538	0.24609375
6.873668419242727	0.24609375
6.875828335994637	0.246875
6.877982996191976	0.2462890625
6.880139359028092	0.2494140625
6.882300825459512	0.2541015625
6.884468243737645	0.2556640625
6.886638386573492	0.2556640625
6.888806131357209	0.2595703125
6.890968018388954	0.2607421875
6.893126688376775	0.2611328125
6.895285080984624	0.2609375
6.897445571581242	0.259765625
6.899609711473723	0.2568359375
6.901776216616023	0.2525390625
6.903933412861567	0.25390625
6.906084400053653	0.25390625
6.908232899245291	0.25234375
6.910381574540115	0.2501953125
6.912532582836954	0.2521484375
6.914687737370967	0.2544921875
6.916846549558338	0.2564453125
6.91900256446298	0.2556640625
6.921150671956999	0.2525390625
6.923294677561414	0.2462890625
6.925438016747242	0.2470703125
6.927582873615169	0.2482421875
6.929729947051301	0.2541015625
6.931873541122309	0.2619140625
6.934010238608503	0.2615234375
6.936145006216737	0.2564453125
6.93828146763107	0.2525390625
6.940420391442444	0.245703125
6.942554500326719	0.2505859375
6.94468654285504	0.2537109375
6.94681908139894	0.2541015625
6.948950241997306	0.2607421875
6.95107293700098	0.2607421875
6.953193718493449	0.2548828125
6.955318520993362	0.255078125
6.957449714053324	0.255859375
6.959585420762496	0.256640625
6.961721222289281	0.2572265625
6.963855651624311	0.2556640625
6.965984277943026	0.2525390625
6.96811013598371	0.2572265625
6.970236476250353	0.25625
6.972363957109606	0.25859375
6.9744939569874935	0.260546875
6.976626547711548	0.259765625
6.978752291305107	0.26015625
6.9808710074426985	0.2615234375
6.982987003208541	0.2609375
6.985103221206341	0.2515625
6.987221939387947	0.248046875
6.989344889079649	0.24453125
6.991472290103405	0.245703125
6.993601935765252	0.2458984375
6.995724387971655	0.2478515625
6.997839644723541	0.2521484375
6.99995255127464	0.2544921875
7.002066631098714	0.2583984375
7.004183018066903	0.2560546875
7.006301586679284	0.2587890625
7.008417731633966	0.2544921875
7.010526755660369	0.2501953125
7.012632748441988	0.25390625
7.014738861567993	0.25625
7.0168472253258285	0.2552734375
7.0189529122876175	0.2560546875
7.021055144787077	0.2609375
7.023157534575031	0.2583984375
7.025259831888114	0.2533203125
7.027356821860802	0.2490234375
7.029447534417992	0.2486328125
7.031538563336968	0.253125
7.033634331323874	0.2552734375
7.035735189774114	0.2603515625
7.037839770428263	0.2630859375
7.03994446082863	0.259375
7.042041914403629	0.2578125
7.044135142325654	0.2556640625
7.046226990549254	0.25390625
7.0483205648403855	0.25390625
7.050417716806224	0.255078125
7.0525162142945375	0.25703125
7.054616633762754	0.259375
7.05670819885036	0.260546875
7.058791730453924	0.258984375
7.060872215698932	0.259375
7.062953009892525	0.2587890625
7.065036660182091	0.26015625
7.067125157005809	0.2611328125
7.069218987119687	0.2599609375
7.0713152516058635	0.2564453125
7.07340820087747	0.2470703125
7.07549054130814	0.2470703125
7.077568513567278	0.2474609375
7.079646281170597	0.2525390625
7.0817224581698275	0.2568359375
7.083796741538012	0.25546875
7.085861508319792	0.251171875
7.08791493270502	0.252734375
7.089958821404818	0.257421875
7.091994823650534	0.2626953125
7.094024332713559	0.2638671875
7.096048784818989	0.2625
7.0980715690744836	0.26171875
7.1000974873598555	0.262890625
7.102130344332313	0.264453125
7.104168255660942	0.26796875
7.106211824566073	0.269140625
7.108260377799281	0.270703125
7.110313378191793	0.26875
7.1123709751016655	0.264453125
7.114433018918719	0.2638671875
7.116499208391135	0.2650390625
7.11856813842827	0.2689453125
7.12063994896163	0.26953125
7.122713153205144	0.267578125
7.124787365913085	0.2671875
7.1268632014603766	0.266015625
7.128941501564359	0.2671875
7.131023253547345	0.265625
7.133109516737585	0.2640625
7.135201009191373	0.261328125
7.137295936966219	0.26171875
7.139392633923305	0.262109375
7.1414913333386325	0.2638671875
7.143593303170364	0.2646484375
7.145701235164399	0.2642578125
7.147819196924396	0.2626953125
7.149945979602594	0.26328125
7.152080179681567	0.262890625
7.154222920791702	0.26328125
7.156375700030737	0.262109375
7.158539942573073	0.261328125
7.160715857838691	0.2640625
7.162899574686401	0.263671875
7.16508916899295	0.263671875
7.167284503926972	0.265234375
7.169484052545007	0.265625
7.1716852048263995	0.262890625
7.173886225404424	0.2578125
7.176087051634118	0.26015625
7.178287827186832	0.2625
7.1804882387795494	0.265625
7.182687730104071	0.265625
7.18488565772039	0.265625
7.187081405904371	0.26484375
7.18927448223838	0.2640625
7.191464607418619	0.268359375
7.193651710076769	0.27109375
7.1958350605180925	0.273046875
7.198016223478192	0.276953125
7.20019816315831	0.2767578125
7.202383369554711	0.2783203125
7.204571693933549	0.2763671875
7.206762801789057	0.2744140625
7.208955830459508	0.2736328125
7.21115060814099	0.2734375
7.2133478345413655	0.27578125
7.215546002094661	0.2759765625
7.217741259756702	0.2744140625
7.219933710095526	0.2744140625
7.222125580826993	0.273828125
7.2243192235342795	0.2728515625
7.226515921923882	0.2744140625
7.228716407759612	0.2759765625
7.230920970571073	0.27734375
7.233127213069392	0.2771484375
7.2353326796469934	0.2763671875
7.237538406573668	0.276171875
7.239746597351915	0.27734375
7.241959321077916	0.276171875
7.244177727625002	0.2755859375
7.246402072598582	0.2775390625
7.248632489573562	0.2783203125
7.250869585917412	0.2775390625
7.25311433605262	0.2765625
7.255365350448755	0.275390625
7.257618547779206	0.27265625
7.259873663684389	0.2728515625
7.262131218876631	0.2708984375
7.2643911948793365	0.2720703125
7.2666534741553415	0.2736328125
7.268918806091321	0.2720703125
7.271187716341348	0.2748046875
7.273459675508964	0.2791015625
7.275735004255978	0.2779296875
7.2780133178531585	0.2759765625
7.280293652130238	0.2798828125
7.2825764425653325	0.2888671875
7.284860075190765	0.2916015625
7.287144494747857	0.2919921875
7.2894294599052625	0.2923828125
7.291714871288238	0.2912109375
7.294000779932672	0.2849609375
7.296286698107288	0.2806640625
7.298572454015367	0.2810546875
7.300858086007824	0.2814453125
7.303143269675638	0.2849609375
7.305426858951582	0.2873046875
7.30770987300387	0.2892578125
7.309993684031541	0.2880859375
7.312277549102478	0.2873046875
7.314561368704613	0.2837890625
7.316845464949407	0.2818359375
7.319130950533653	0.2802734375
7.321419195120656	0.2798828125
7.323710811538465	0.2787109375
7.3260027115340955	0.2787109375
7.328294274467352	0.274609375
7.3305869153538135	0.271484375
7.3328803399987486	0.273046875
7.335175141941433	0.2716796875
7.337472438867324	0.2716796875
7.339772152698112	0.2712890625
7.342073556276772	0.26953125
7.344377990078662	0.26875
7.346686229448665	0.26640625
7.348995802802404	0.2712890625
7.351306673087014	0.2814453125
7.353621323698431	0.2833984375
7.355941774030913	0.2822265625
7.35826625619002	0.2814453125
7.360593106004355	0.2783203125
7.362922420566081	0.2736328125
7.365254522727747	0.2740234375
7.367588214512462	0.2724609375
7.369926189388364	0.2763671875
7.372266136024396	0.2806640625
7.3746068999691845	0.2828125
7.37694695560539	0.283984375
7.379288861667247	0.292578125
7.381633575191849	0.2896484375
7.383977701058345	0.2912109375
7.386311154714145	0.2943359375
7.388636708600895	0.2958984375
7.390965464586201	0.2994140625
7.393300676092168	0.2998046875
7.39562424490587	0.2998046875
7.397943982763756	0.2998046875
7.400269308690179	0.2986328125
7.402602667971534	0.2931640625
7.40492483080434	0.2880859375
7.407237018315495	0.2888671875
7.4095514799328965	0.2904296875
7.411873931476589	0.2916015625
7.414195701073606	0.2861328125
7.416519568888127	0.2896484375
7.418844764657446	0.2919921875
7.421171636498321	0.2927734375
7.4234968363407985	0.2939453125
7.425822697176938	0.2927734375
7.428140459682827	0.29453125
7.430446517198553	0.296875
7.432753703084537	0.2919921875
7.435061317262063	0.2822265625
7.437361649668861	0.2806640625
7.439671848909532	0.2775390625
7.44198821717751	0.278515625
7.444281305857712	0.279296875
7.446566514249963	0.277734375
7.448856508472414	0.274609375
7.451160111377795	0.271484375
7.453476571809525	0.269921875
7.455775638621901	0.2703125
7.45806940134199	0.275
7.46036880505321	0.2779296875
7.4626810149360825	0.2880859375
7.464999342388579	0.2884765625
7.467301475276609	0.2869140625
7.469598767996447	0.2841796875
7.471900378664657	0.2845703125
7.47421322653101	0.2861328125
7.476536876145976	0.2861328125
7.478846313966981	0.2845703125
7.481145885787933	0.2876953125
7.483445317017149	0.2861328125
7.485752195491753	0.2873046875
7.4880705456654	0.2931640625
7.490392916077817	0.2947265625
7.49270475095909	0.2962890625
7.495016528353816	0.2935546875
7.497336346264252	0.2904296875
7.499666563343368	0.2919921875
7.5019915530680095	0.2888671875
7.504303324040223	0.2822265625
7.506613275478259	0.2798828125
7.5089297463717	0.2796875
7.5112546277846	0.27890625
7.5135706863752025	0.276953125
7.5158817398975275	0.276171875
7.518198728147789	0.27734375
7.5205263353016525	0.278515625
7.522851108237998	0.276171875
7.525164683841599	0.271484375
7.527479170711225	0.273828125
7.529800406428385	0.27734375
7.532117493106871	0.27734375
7.534433228984138	0.276171875
7.5367452400940715	0.275390625
7.539060938161236	0.275390625
7.541376354362655	0.275390625
7.543694285274731	0.27734375
7.546003830602061	0.2763671875
7.548299916599075	0.2796875
7.55059575190335	0.282421875
7.552894302566006	0.283984375
7.555183362885187	0.28515625
7.5574778093417025	0.2822265625
7.559777070889777	0.2865234375
7.562071466088878	0.2826171875
7.564348789569005	0.2857421875
7.5666231460812226	0.2845703125
7.568907429999611	0.2802734375
7.571207211099819	0.2791015625
7.573509639671906	0.2791015625
7.57579851468769	0.2810546875
7.578086760981003	0.2810546875
7.580385095678158	0.2822265625
7.582699292340661	0.2822265625
7.585022165050168	0.2818359375
7.587328578689628	0.2880859375
7.589630181517606	0.2880859375
7.591936738569047	0.2845703125
7.594255637257684	0.2806640625
7.596587372983689	0.2822265625
7.598911116753483	0.2875
7.601224532091019	0.2873046875
7.603537827275968	0.286328125
7.605858601337618	0.291015625
7.608191643449964	0.287109375
7.610535451537461	0.287109375
7.612870391662368	0.279296875
7.615202421434745	0.2734375
7.617540208970911	0.273046875
7.619887802365656	0.27734375
7.622235013068447	0.276953125
7.624572315935548	0.27734375
7.626910501134623	0.275
7.629254991731767	0.267578125
7.631607158184884	0.265625
7.633955148135997	0.265234375
7.636289580127861	0.2671875
7.638622918983183	0.26953125
7.640963128184436	0.271875
7.64330826635852	0.278515625
7.64564767469497	0.28359375
7.64798377441955	0.284375
7.650322550774853	0.2859375
7.652668699971768	0.283203125
7.655011385752751	0.287890625
7.657352810999602	0.27890625
7.659695175701472	0.27421875
7.662034778105549	0.283203125
7.664372072336667	0.285546875
7.666716403120768	0.287890625
7.669055855829766	0.2916015625
7.671384865114544	0.2943359375
7.673716249674061	0.2927734375
7.676051939359344	0.2875
7.678378413635066	0.28671875
7.680712717027767	0.28671875
7.683046789450422	0.280078125
7.685378014810367	0.27734375
7.687699278632952	0.2796875
7.6900165390749216	0.285546875
7.692343970931949	0.287109375
7.69468782088256	0.283984375
7.6970389812850595	0.282421875
7.69937533796783	0.279296875
7.701710045300096	0.2765625
7.704053288786704	0.272265625
7.706407563236514	0.267578125
7.708772392381202	0.270703125
7.711124677078986	0.2734375
7.713469018220833	0.27890625
7.715816285722408	0.275
7.7181745192905185	0.2734375
7.720547133069852	0.2703125
7.7229271167946685	0.2734375
7.725293363283444	0.272265625
7.727656229802494	0.2748046875
7.730023723028295	0.2779296875
7.732401006844344	0.2826171875
7.7347873313735676	0.2857421875
7.737165186646065	0.2841796875
7.739535803949997	0.2837890625
7.7419083019464106	0.2841796875
7.744289007140225	0.2861328125
7.746678049643527	0.2841796875
7.74905687915292	0.2771484375
7.7514307719575	0.2806640625
7.75380877026473	0.2923828125
7.7561946957857755	0.2900390625
7.758582695043368	0.2916015625
7.7609698867203845	0.2904296875
7.763348893083676	0.2869140625
7.765728946585956	0.2869140625
7.768117179715219	0.2912109375
7.770513620450993	0.2958984375
7.772899413580861	0.2931640625
7.775280115572149	0.2916015625
7.777664893087355	0.2919921875
7.780056861601106	0.2951171875
7.78244541191582	0.3001953125
7.784832772081331	0.2958984375
7.787221466012933	0.2919921875
7.789613250909694	0.2919921875
7.792006345622412	0.2927734375
7.794408474704982	0.2900390625
7.796808363872232	0.2888671875
7.799201142264968	0.2861328125
7.801598235374898	0.2916015625
7.803998266106735	0.289453125
7.80639426624526	0.2765625
7.808792833931015	0.27734375
7.811187495294799	0.2796875
7.813584414779545	0.278515625
7.815972789569677	0.26953125
7.818360582750102	0.272265625
7.820760834214371	0.278515625
7.8231749505497055	0.276953125
7.825583161181204	0.271484375
7.82798498574705	0.27734375
7.830376195563487	0.28203125
7.832771689207988	0.280078125
7.835179494660631	0.279296875
7.83759884109863	0.280078125
7.840009276582144	0.2734375
7.842412689336666	0.26953125
7.84481986019924	0.272265625
7.847237953290792	0.283984375
7.849668306262322	0.27890625
7.852099925393068	0.2859375
7.854518671248201	0.2875
7.856936126371652	0.2861328125
7.859360453273607	0.2853515625
7.861794920594467	0.2896484375
7.864237434191846	0.2865234375
7.866673190101915	0.2830078125
7.869102317836889	0.2837890625
7.871532421097829	0.2841796875
7.873969461942681	0.2861328125
7.876415540476793	0.2830078125
7.878863762162254	0.2849609375
7.881304987063748	0.2908203125
7.883745579327293	0.2892578125
7.886189860068429	0.2849609375
7.888641683238103	0.2806640625
7.891098095598238	0.2841796875
7.893547387080697	0.2884765625
7.895995447030647	0.278515625
7.898449603415105	0.280078125
7.900910136200895	0.280078125
7.903366425648181	0.277734375
7.9058160755917894	0.27734375
7.90826709552368	0.278125
7.910724380490471	0.28125
7.913183376133273	0.278125
7.915638791656376	0.28125
7.918096195671172	0.2828125
7.920556684799929	0.287890625
7.923020872469909	0.283203125
7.925493239895524	0.28515625
7.92797465648229	0.287109375
7.930451631137771	0.2875
7.932922086626286	0.27734375
7.935392362363945	0.2796875
7.937867981623021	0.2853515625
7.940347780801503	0.2857421875
7.942823289414164	0.2810546875
7.945300161332875	0.2822265625
7.9477769529004485	0.2841796875
7.950249189199636	0.2841796875
7.9527304391090805	0.2833984375
7.955218588739667	0.2849609375
7.95770400944549	0.2830078125
7.960187825192229	0.2814453125
7.962657967200824	0.2822265625
7.965128493316917	0.2830078125
7.967609504190985	0.2896484375
7.970103165389428	0.2896484375
7.97259844503571	0.2884765625
7.975082855662041	0.2822265625
7.977567819150589	0.2884765625
7.980061738521564	0.2826171875
7.982568256642784	0.2822265625
7.9850844624199855	0.2787109375
7.987591536662193	0.2841796875
7.990092153461708	0.27734375
7.9925946443966875	0.2765625
7.995104087597188	0.275
7.99762302809763	0.273828125
7.999806272379523	0.2734375
