-1.5	1.0000000193914125	4.355892228453937e-18	1.0e-5
-1.496875	1.0000000209000632	-3.106708179228495e-18	1.0000000000000003e-5
-1.49375	1.0000000225225676	-2.6580653769073392e-18	1.0e-5
-1.490625	1.0000000242672376	-6.764347185290641e-19	1.0e-5
-1.4875	1.0000000261429696	5.067672488444302e-19	1.0000000000000003e-5
-1.484375	1.0000000281592862	6.328777291601121e-19	1.0e-5
-1.48125	1.0000000303263752	2.1803877127112213e-19	1.0e-5
-1.478125	1.000000032655137	-1.9266606034825802e-19	1.0000000000000003e-5
-1.475	1.0000000351572305	-3.4304001102530215e-19	9.999999999999999e-6
-1.471875	1.0000000378451255	-2.796170304045285e-19	1.0000000000000003e-5
-1.46875	1.000000040732154	-1.8557180901171133e-19	1.0000000000000003e-5
-1.465625	1.0000000438325716	-1.587465298215447e-19	1.0000000000000004e-5
-1.4625	1.0000000471616144	-5.784490778428588e-20	1.0000000000000004e-5
-1.459375	1.0000000507355673	4.591559097332881e-19	1.0000000000000008e-5
-1.45625	1.0000000545718297	1.580325008637287e-18	1.0000000000000004e-5
-1.453125	1.0000000586889926	2.544778366971141e-18	1.0000000000000004e-5
-1.453125	1.0000000586889926	4.81044873949965e-18	1.0000000000000004e-5
-1.45	1.0000000631069126	-3.854913936485783e-18	1.000000000000001e-5
-1.446875	1.0000000678467973	-3.1569128082115928e-18	1.0000000000000008e-5
-1.44375	1.0000000729312934	-7.778564148096276e-19	1.0000000000000011e-5
-1.440625	1.000000078384577	4.1665767830385714e-19	1.0000000000000011e-5
-1.4375	1.0000000842324561	1.2280668549656812e-19	1.0000000000000014e-5
-1.434375	1.000000090502474	-9.404938896817692e-19	1.0000000000000014e-5
-1.43125	1.0000000972240213	-1.9716554309218586e-18	1.0000000000000021e-5
-1.428125	1.0000001044284539	-2.5444384605479597e-18	1.0000000000000028e-5
-1.425	1.0000001121492206	-2.700860355031902e-18	1.0000000000000036e-5
-1.421875	1.0000001204219937	-2.79591691377812e-18	1.0000000000000045e-5
-1.41875	1.0000001292848115	-3.2110461703299557e-18	1.0000000000000053e-5
-1.415625	1.0000001387782296	-4.0532628351473534e-18	1.0000000000000065e-5
-1.4125	1.000000148945477	-4.956891759106171e-18	1.0000000000000082e-5
-1.409375	1.0000001598326271	-5.104828806869257e-18	1.0000000000000097e-5
-1.40625	1.000000171488775	-3.586257529279523e-18	1.0000000000000118e-5
-1.40625	1.000000171488775	-1.317226655255747e-18	1.0000000000000118e-5
-1.403125	1.0000001839662263	-1.2308724351298848e-17	1.0000000000000141e-5
-1.4	1.0000001973206978	-1.4316323861185138e-17	1.000000000000017e-5
-1.396875	1.0000002116115299	-1.4518122849935596e-17	1.0000000000000211e-5
-1.39375	1.0000002269019108	-1.590232586619885e-17	1.0000000000000253e-5
-1.390625	1.000000243259114	-1.9145630734858953e-17	1.0000000000000309e-5
-1.3875	1.0000002607547502	-2.3916343693082047e-17	1.0000000000000372e-5
-1.384375	1.0000002794650351	-2.9695182368956114e-17	1.0000000000000451e-5
-1.38125	1.0000002994710675	-3.620672570187731e-17	1.0000000000000545e-5
-1.378125	1.0000003208591326	-4.3554469903837384e-17	1.0000000000000663e-5
-1.375	1.0000003437210105	-5.215244956076549e-17	1.0000000000000804e-5
-1.371875	1.0000003681543161	-6.25463829730788e-17	1.0000000000000972e-5
-1.36875	1.0000003942628473	-7.521730083459562e-17	1.0000000000001175e-5
-1.365625	1.0000004221569598	-9.046061734896498e-17	1.0000000000001422e-5
-1.3625	1.0000004519539583	-1.0843360288276655e-16	1.0000000000001717e-5
-1.359375	1.0000004837785144	-1.2946421725443514e-16	1.0000000000002074e-5
-1.359375	1.0000004837785144	-1.2690277288962697e-16	1.0000000000002074e-5
-1.35625	1.0000005177631053	-1.6268837277613042e-16	1.0000000000002503e-5
-1.353125	1.000000554048477	-1.9540021137250526e-16	1.0000000000003023e-5
-1.35	1.000000592784136	-2.326008344617621e-16	1.0000000000003645e-5
-1.346875	1.0000006341288628	-2.78251809996136e-16	1.0000000000004392e-5
-1.34375	1.0000006782512625	-3.3442800922001127e-16	1.0000000000005296e-5
-1.340625	1.000000725330336	-4.0256054113829486e-16	1.0000000000006382e-5
-1.3375	1.0000007755560931	-4.842760449637681e-16	1.0000000000007694e-5
-1.334375	1.0000008291301894	-5.819000451769404e-16	1.000000000000926e-5
-1.33125	1.0000008862666034	-6.986920738319333e-16	1.0000000000011143e-5
-1.328125	1.0000009471923497	-8.3888026474191655e-16	1.0000000000013408e-5
-1.325	1.000001012148231	-1.0075631241776292e-15	1.000000000001615e-5
-1.321875	1.0000010813896296	-1.210546182712504e-15	1.0000000000019477e-5
-1.31875	1.0000011551873438	-1.4541812328479293e-15	1.000000000002352e-5
-1.315625	1.0000012338284645	-1.7452758570521646e-15	1.0000000000028382e-5
-1.3125	1.0000013176173053	-2.0911409508464494e-15	1.0000000000034148e-5
-1.3125	1.0000013176173048	-2.0894880553072364e-15	1.0000000000034157e-5
-1.309375	1.0000014068763845	-2.5070274734702004e-15	1.0000000000041063e-5
-1.30625	1.0000015019474302	-2.9994036956549923e-15	1.0000000000049298e-5
-1.303125	1.00000160319248	-3.5848557556745325e-15	1.0000000000059129e-5
-1.3	1.0000017109950132	-4.282654145716533e-15	1.0000000000070874e-5
-1.296875	1.0000018257611518	-5.114593729708632e-15	1.0000000000084909e-5
-1.29375	1.000001947920919	-6.106152097604918e-15	1.0000000000101677e-5
-1.290625	1.0000020779295664	-7.287441823466786e-15	1.0000000000121706e-5
-1.2875	1.0000022162689668	-8.694085090211014e-15	1.0000000000145611e-5
-1.284375	1.0000023634490787	-1.0368139143898055e-14	1.0000000000174127e-5
-1.28125	1.0000025200094889	-1.2359201040433401e-14	1.0000000000208112e-5
-1.278125	1.0000026865210307	-1.4725820147555015e-14	1.0000000000248595e-5
-1.275	1.0000028635874856	-1.7537346864979717e-14	1.0000000000296798e-5
-1.271875	1.0000030518473704	-2.0876346025581494e-14	1.0000000000354181e-5
-1.26875	1.0000032519758106	-2.4841703440474573e-14	1.000000000042247e-5
-1.265625	1.0000034646865121	-2.9552554050874377e-14	1.0000000000503745e-5
-1.265625	1.0000034646865117	-2.9550598641169525e-14	1.0000000000503741e-5
-1.2625	1.000003690733834	-3.5131740744035475e-14	1.0000000000600357e-5
-1.259375	1.0000039309149678	-4.17503291771758e-14	1.0000000000715168e-5
-1.25625	1.000004186072213	-4.9593856884216064e-14	1.000000000085158e-5
-1.253125	1.00000445709536	-5.888472500798024e-14	1.0000000001013579e-5
-1.25	1.000004744924204	-6.988557528050927e-14	1.0000000001205872e-5
-1.246875	1.0000050505511762	-8.290574114844699e-14	1.0000000001434017e-5
-1.24375	1.0000053750241076	-9.830904714610903e-14	1.0000000001704587e-5
-1.240625	1.0000057194491172	-1.1652318602854842e-13	1.0000000002025323e-5
-1.2375	1.0000060849936463	-1.3805090317693302e-13	1.0000000002405373e-5
-1.234375	1.000006472889632	-1.6348321778854887e-13	1.0000000002855495e-5
-1.23125	1.000006884436837	-1.9351491036374489e-13	1.000000000338838e-5
-1.228125	1.0000073210063345	-2.289625060021325e-13	1.0000000004018962e-5
-1.225	1.0000077840441604	-2.707849830203555e-13	1.0000000004764837e-5
-1.221875	1.0000082750751316	-3.201074364037445e-13	1.0000000005646688e-5
-1.21875	1.0000087957068504	-3.7824792560417076e-13	1.0000000006688847e-5
-1.21875	1.0000087957068464	-3.7825613288335413e-13	1.0000000006688808e-5
-1.215625	1.0000093476338858	-4.467418699235922e-13	1.000000000791991e-5
-1.2125	1.0000099326421599	-5.274238265914169e-13	1.0000000009373442e-5
-1.209375	1.0000105526135237	-6.223945271024832e-13	1.0000000011088963e-5
-1.20625	1.0000112095305531	-7.3413348404009e-13	1.000000001311278e-5
-1.203125	1.0000119054815584	-8.655518027225612e-13	1.000000001549923e-5
-1.2	1.0000126426658202	-1.0200526795627424e-12	1.0000000018312037e-5
-1.196875	1.0000134233990672	-1.2016085887800105e-12	1.0000000021625931e-5
-1.19375	1.0000142501191907	-1.4148559518251817e-12	1.0000000025528474e-5
-1.190625	1.000015125392225	-1.6652080838787263e-12	1.0000000030122198e-5
-1.1875	1.0000160519185841	-1.9589872117826635e-12	1.0000000035527119e-5
-1.184375	1.0000170325395827	-2.3035763577665507e-12	1.0000000041883674e-5
-1.18125	1.0000180702442383	-2.707591883327948e-12	1.0000000049356131e-5
-1.178125	1.0000191681763733	-3.181077487627754e-12	1.0000000058136554e-5
-1.175	1.0000203296420218	-3.7357204547608085e-12	1.0000000068449333e-5
-1.171875	1.0000215581171572	-4.38509094426216e-12	1.0000000080556424e-5
-1.171875	1.0000215581171326	-4.385185465850377e-12	1.000000008055611e-5
-1.16875	1.0000228572558008	-5.145052584729634e-12	1.0000000094764116e-5
-1.165625	1.0000242308983422	-6.034196450271707e-12	1.0000000111428962e-5
-1.1625	1.0000256830803889	-7.07380851698562e-12	1.0000000130967786e-5
-1.159375	1.0000272180418834	-8.28878976720201e-12	1.0000000153866004e-5
-1.15625	1.0000288402366166	-9.708163920537406e-12	1.0000000180689206e-5
-1.153125	1.0000305543421528	-1.1365629608641796e-11	1.0000000212096334e-5
-1.15	1.0000323652701746	-1.3300256912649493e-11	1.000000024885468e-5
-1.146875	1.0000342781772498	-1.5557333660753205e-11	1.0000000291857109e-5
-1.14375	1.0000362984760445	-1.8189366883321474e-11	1.0000000342142067e-5
-1.140625	1.0000384318469933	-2.125724482297917e-11	1.0000000400916787e-5
-1.1375	1.0000406842504472	-2.4831564897071385e-11	1.0000000469584243e-5
-1.134375	1.000043061939311	-2.899413300993042e-11	1.0000000549774233e-5
-1.13125	1.000045571472187	-3.383963961236601e-11	1.0000000643379175e-5
-1.128125	1.0000482197270402	-3.9477517905798666e-11	1.000000075259502e-5
-1.125	1.0000510139154073	-4.603398958845635e-11	1.0000000879967842e-5
-1.125	1.0000510139152574	-4.6034683712128575e-11	1.0000000879965757e-5
-1.121875	1.0000539615974504	-5.365566310922816e-11	1.0000001028453597e-5
-1.11875	1.000057070696689	-6.251242106040613e-11	1.0000001201471088e-5
-1.115625	1.0000603495166975	-7.279874468763061e-11	1.0000001402989101e-5
-1.1125	1.0000638067573149	-8.473961649227671e-11	1.0000001637596899e-5
-1.109375	1.000067451531896	-9.859525790713925e-11	1.000000191060524e-5
-1.10625	1.0000712933852998	-1.1466591519528084e-10	1.0000002228159523e-5
-1.103125	1.000075342312507	-1.3329751468917064e-10	1.000000259736686e-5
-1.1	1.0000796087779111	-1.5488831436356678e-10	1.0000003026440918e-5
-1.096875	1.0000841037353347	-1.7989667873559872e-10	1.0000003524868607e-5
-1.09375	1.000088838648804	-2.0885010408550226e-10	1.0000004103602335e-5
-1.090625	1.0000938255141432	-2.423556209914629e-10	1.0000004775281916e-5
-1.0875	1.0000990768814162	-2.811117011720219e-10	1.0000005554489898e-5
-1.084375	1.0001046058782783	-3.2592179562949885e-10	1.0000006458044337e-5
-1.08125	1.0001104262342682	-3.7770963108788503e-10	1.0000007505332853e-5
-1.078125	1.0001165523060958	-4.3753639171866456e-10	1.0000008718691958e-5
-1.078125	1.0001165523650974	-4.3776161088082217e-10	1.0000008719517801e-5
-1.075	1.0001229988207088	-5.055611028927668e-10	1.0000010119892909e-5
-1.071875	1.0001297781791159	-5.70898619042559e-10	1.0000011692517606e-5
-1.06875	1.0001369179582955	-6.769654006476428e-10	1.0000013627133099e-5
-1.065625	1.0001444292654944	-8.030596302644656e-10	1.0000015878557159e-5
-1.0625	1.000152323240555	-9.26007738587932e-10	1.000001839718819e-5
-1.059375	1.0001606177922828	-1.0452794553059153e-9	1.0000021223714188e-5
-1.05625	1.0001693374628264	-1.1824009747632655e-9	1.0000024487729758e-5
-1.053125	1.00017850925501	-1.3652706072897136e-9	1.0000028349964194e-5
-1.05	1.0001881572575844	-1.6079812870461091e-9	1.0000032927823802e-5
-1.046875	1.000198298903343	-1.8967543072434e-9	1.0000038243951464e-5
-1.04375	1.0002089456950642	-2.1925886535887807e-9	1.0000044237506622e-5
-1.040625	1.0002201112342262	-2.4612303068134258e-9	1.0000050877868681e-5
-1.0375	1.000231829387459	-2.7410658851362314e-9	1.0000058420466995e-5
-1.034375	1.000244185425679	-3.2595449975179768e-9	1.0000067844440444e-5
-1.03125	1.0002573629708678	-4.608735678560347e-9	1.0000081511829817e-5
-1.03125	1.0002794440148186	-8.524800232893191e-8	1.0000396433966093e-5
-1.028125	1.0001904121015446	6.672428814221943e-7	9.997569162209936e-6
-1.025	0.999126181688745	1.0453992841904976e-5	9.960924951963845e-6
-1.021875	1.0002034133996287	9.141873423983865e-7	9.996679325954675e-6
-1.01875	1.0017260382021071	-1.2704971094235873e-5	1.0047710050688826e-5
-1.015625	1.0017959089861448	-1.3242254758541658e-5	1.0049734369166396e-5
-1.0125	1.0001948961069522	1.3266794129207672e-6	9.995175111094128e-6
-1.009375	0.9983355871704849	1.828899299213801e-5	9.931658805181558e-6
-1.00625	0.9980777513376815	2.0852513148177846e-5	9.922088918104636e-6
-1.003125	1.000207728423896	1.8692546164914245e-6	9.993237344721243e-6
-1.0	1.0033779030699608	-2.6567852504219908e-5	1.00997972741229e-5
-0.996875	1.004303424261337	-3.484749818077629e-5	1.013084055610708e-5
-0.99375	1.0000133304717858	3.925739846867449e-6	9.98562269265439e-6
-0.990625	0.9929532407080183	6.79929270259636e-5	9.745678578995067e-6
-0.9875	0.9997367717317577	8.105632566065381e-6	9.970152118849051e-6
-0.984375	1.0643428417356735	-0.00057139834942433	1.2141302838424074e-5
-0.984375	0.9619383506588898	-0.01344306135889037	1.179542969947024e-5
-0.98125	0.9911323409160978	0.005753675287682293	-7.276064270767986e-5
-0.978125	1.0114229262940317	-0.004446932339458541	-0.001326556337492188
-0.975	1.010358446969448	-0.0057503218427159076	-0.00010960201197483924
-0.971875	0.9976548672151658	0.001965347592614862	0.0015954439807428266
-0.96875	0.9882668457066541	0.008143664976255488	0.0016425527094523962
-0.965625	0.9913979880032147	0.006046888461278763	-0.00014767597114603642
-0.9625	1.0055611372799407	-0.002702618066841935	-0.002155992755000836
-0.959375	1.019799559386602	-0.010494368290177159	-0.002399157562752015
-0.95625	1.0211798783096382	-0.00997309217698944	-0.0001999782081744974
-0.953125	1.008667618113415	-0.0011113656487940547	0.002938570302064681
-0.95	1.0134962074369211	0.00393053327445779	0.0042864451904213825
-0.946875	1.1261403026220607	-0.01880039367863597	0.003698153407347719
-0.94375	1.53000428554972	-0.09635798072148419	0.011314186562109876
-0.940625	2.5419367922597655	-0.2388660467673093	0.060183572640636625
-0.9375	4.659682128431146	-0.4051065127839135	0.22483884386548442
-0.9375	4.1146819211954915	-0.4219039159722116	0.20041374660214045
-0.934375	4.521159819034877	-0.47052429262020984	0.2531053746279031
-0.93125	4.933493819845029	-0.5151812988175966	0.3044899320103794
-0.928125	5.251945144503532	-0.5444202332555366	0.3380827779183918
-0.925	5.458976430507527	-0.5586998326808734	0.35429602774842633
-0.921875	5.576507584127591	-0.5629852995279055	0.36002145490861887
-0.91875	5.637402730628635	-0.5623870910309529	0.36228335209542434
-0.915625	5.668834696075855	-0.560186358328546	0.36515853840744256
-0.9125	5.6851734542437695	-0.5575879240700546	0.3691606986408665
-0.909375	5.688044972146418	-0.5545416870355906	0.3722862411110321
-0.90625	5.6712068877067425	-0.5509733422800045	0.37191886034453164
-0.903125	5.627887453083247	-0.547765305311808	0.36678999098637066
-0.9	5.558234177171921	-0.5468287288178427	0.35819233926663274
-0.896875	5.4745186008015505	-0.5496075004445239	0.3496436783711278
-0.89375	5.401743638140382	-0.5533551101464862	0.3441980940604922
-0.890625	5.371299917832287	-0.5445252756134571	0.3386018668822149
-0.890625	5.367516266323335	-0.54875988184523	0.339664683213701
-0.8875	5.3627048567206455	-0.5460857790421076	0.337893424282597
-0.884375	5.379970003208753	-0.5424393409233252	0.33769030208699813
-0.88125	5.4062095135815325	-0.538405025917535	0.338029654346242
-0.878125	5.4247686365203425	-0.5347952120212296	0.3375937470272455
-0.875	5.423559239566438	-0.5322345983961502	0.33543421277601304
-0.871875	5.3987866201829435	-0.5309495607290343	0.3312836009699857
-0.86875	5.355205141642581	-0.530724176585342	0.3255882277681788
-0.865625	5.303823885477273	-0.5309846369885889	0.31933351453604486
-0.8625	5.257983512225856	-0.5309737604569258	0.3137330030220101
-0.859375	5.228725522215992	-0.5299773257285939	0.3098522356626207
-0.85625	5.220375108116529	-0.5275639394078963	0.30823868939324756
-0.853125	5.2272587909963955	-0.523800154763312	0.30862895134128654
-0.85	5.232478031626262	-0.5194025579093952	0.3098043247788003
-0.846875	5.2096600087590925	-0.5157885376040852	0.3096660537115411
-0.84375	5.128606756125781	-0.5149874548930718	0.30560135448130116
-0.84375	5.140512658913509	-0.5141493281120413	0.30672815608135884
-0.840625	5.038404061983584	-0.5134283827836066	0.30242621983417806
-0.8375	4.907791223096738	-0.5134948601702615	0.29708950101387355
-0.834375	4.762767433724802	-0.5136299650594299	0.2918024158120417
-0.83125	4.6143301681007625	-0.5131518454824046	0.28750141017333086
-0.828125	4.468026248517675	-0.5116386443336545	0.2847108708026545
-0.825	4.323732008002159	-0.5090175637104163	0.28346098376723494
-0.821875	4.176988288283627	-0.5055483279756755	0.28334491707997395
-0.81875	4.021310110980333	-0.5017294315476231	0.28367270365063907
-0.815625	3.850890859923361	-0.49815555741869566	0.2836792009913624
-0.8125	3.6631208125396526	-0.49535455240728793	0.28274350406294035
-0.809375	3.4603398582152147	-0.49363234514523907	0.28057718764843165
-0.80625	3.2502442415595802	-0.49295419280418706	0.2773387546405423
-0.803125	3.044367168492669	-0.49289064256389054	0.27363166662929356
-0.8	2.8540531130751257	-0.4926565938256114	0.2703433331764622
-0.796875	2.683345663003285	-0.4912718471736608	0.2682824361632903
-0.796875	2.6808736888886617	-0.49182258468172607	0.26779385860682964
-0.79375	2.5256699782714467	-0.490653797062319	0.2657281566920241
-0.790625	2.389703737346133	-0.4888452505800245	0.26437397204771795
-0.7875	2.2717918780313155	-0.4864433043534888	0.2636318323236845
-0.784375	2.1702557866666163	-0.4834856882066513	0.2634195757453687
-0.78125	2.082856202188478	-0.48008565183379076	0.26360475344258566
-0.778125	2.0069308338319853	-0.4764507272762952	0.2639901623259408
-0.775	1.9396653223242515	-0.47285439627070996	0.26433732883700245
-0.771875	1.8784281485348355	-0.46957895402762	0.2644127638982491
-0.76875	1.8211000935487347	-0.4668478610009248	0.2640418093888241
-0.765625	1.7663288541274145	-0.46476587420705734	0.26315489647212037
-0.7625	1.7136394175234162	-0.4632852496537077	0.26181103610122464
-0.759375	1.6633307996140183	-0.46221630743760383	0.26018336202824877
-0.75625	1.6160897503194729	-0.46130065107090623	0.25849154664357377
-0.753125	1.572252030271307	-0.46036533259577295	0.25686590997103415
-0.75	1.5306418626962097	-0.4595762550466517	0.25512804214507206
-0.75	1.5305309502514965	-0.4596577353971359	0.25509201621598787
-0.746875	1.4920814852663193	-0.458850187300282	0.2534423711521725
-0.74375	1.4572193750285483	-0.45774725819076406	0.2520420097947915
-0.740625	1.4259296180788101	-0.4562593058654021	0.25094314776904364
-0.7375	1.3980475032602873	-0.45433939920847705	0.2501672856203092
-0.734375	1.3732884554059228	-0.45197952194515306	0.24970960156357286
-0.73125	1.3512752663643601	-0.44920786490185405	0.2495420160123539
-0.728125	1.3315638042691167	-0.4460862682968156	0.24961565601679092
-0.725	1.3136682939554685	-0.4427068755840189	0.24986344774052324
-0.721875	1.2970872614295392	-0.4391870603737272	0.25020356510601793
-0.71875	1.28133123529408	-0.43566168795283455	0.2505444627379823
-0.715625	1.2659532980354278	-0.4322717729282427	0.2507922213345122
-0.7125	1.2505835800761278	-0.42914859451648013	0.2508609335956164
-0.709375	1.2349687894977086	-0.42639233100277696	0.25068685883876596
-0.70625	1.219017870338096	-0.4240442748928085	0.25024707443111005
-0.703125	1.2028548823681602	-0.42205169028032546	0.2495833521680065
-0.703125	1.2024780208595325	-0.42222518328624103	0.24946989868440425
-0.7	1.1873478066400132	-0.4200457880645209	0.24893350639303516
-0.696875	1.1723741576846531	-0.4180487547940586	0.24828634671289732
-0.69375	1.157105876191639	-0.41645350746390203	0.2473925608200368
-0.690625	1.1415989308076433	-0.41523983652776303	0.24627034558005426
-0.6875	1.1261408063982925	-0.4142713335532422	0.24501029869109642
-0.684375	1.111069441624418	-0.41337795238658576	0.2437213759498683
-0.68125	1.096669674848594	-0.4124049340884444	0.24249950176961713
-0.678125	1.0831301188964315	-0.4112353328960985	0.24141387407903256
-0.675	1.0705433851971313	-0.4097933804676191	0.24050600473101488
-0.671875	1.0589325778277696	-0.40803592566342967	0.23979653655025693
-0.66875	1.0482869779858088	-0.4059391871207376	0.23929487814858935
-0.665625	1.038589839414323	-0.403488055876301	0.23900669763703608
-0.6625	1.0298212153044168	-0.40067518529299784	0.23893431636352974
-0.659375	1.0219187371993304	-0.3975171055456652	0.2390650438052333
-0.65625	1.0146792664247162	-0.3940945999216765	0.2393424947444186
-0.65625	1.0146189927362057	-0.3941331485773021	0.23932309494578896
-0.653125	1.0078512910790987	-0.3905586852446264	0.23969104820007506
-0.65	1.00112686470634	-0.38706317609254726	0.24001080150376553
-0.646875	0.9941478747458602	-0.38382477526298797	0.24018012981637343
-0.64375	0.9869503011446605	-0.3808244244882458	0.2402113613007646
-0.640625	0.9796955439549195	-0.37796712415741945	0.24016037398884416
-0.6375	0.9725385644142208	-0.3751596285545166	0.24008140319379564
-0.634375	0.9655590050866033	-0.37235207010875404	0.2400031459724841
-0.63125	0.9587417283311189	-0.36955101749756103	0.23992164894163248
-0.628125	0.9519932123645947	-0.3668114724427979	0.23980546575138392
-0.625	0.9451802441852888	-0.3642153100407013	0.2396085705198567
-0.621875	0.9381773486241367	-0.3618436674660694	0.2392865135323068
-0.61875	0.9309093927902758	-0.3597507858911948	0.23881130550850482
-0.615625	0.923375805177543	-0.3579468104600611	0.2381805167419397
-0.6125	0.915642848698637	-0.356397053158311	0.23741607741445822
-0.609375	0.907790386913642	-0.3550452234195013	0.23654826538995327
-0.609375	0.9077688384605928	-0.3550612427332796	0.23654094722502692
-0.60625	0.8999163608643677	-0.353836302797103	0.2356150497474734
-0.603125	0.8920707883484951	-0.3527308573670137	0.23463404877032182
-0.6	0.8843900407131129	-0.35163835387353615	0.23365611915317067
-0.596875	0.877080566976104	-0.3504091994260997	0.23276006359663906
-0.59375	0.870320346120141	-0.3489073008700659	0.2320161051747003
-0.590625	0.8642157490074321	-0.34704311546276717	0.23146910548628868
-0.5875	0.8587860031513391	-0.34478734526800314	0.23113196984828324
-0.584375	0.8539690020340184	-0.34216940836843085	0.23098700095197136
-0.58125	0.8496422006592568	-0.3392648199952922	0.23099296240509778
-0.578125	0.8456523390296523	-0.33617561667491797	0.23109561358160052
-0.575	0.8418477352373094	-0.3330079564914521	0.23123947720114071
-0.571875	0.8381068898572037	-0.3298510285652328	0.23137860106052646
-0.56875	0.8343571433323812	-0.32676140484627475	0.23148407533913806
-0.565625	0.8305771280401485	-0.32375696732229203	0.23154606690045568
-0.5625	0.8267767567284217	-0.3208245437407028	0.2315681320117957
-0.5625	0.8267843700686542	-0.32081935881982176	0.23157203647740002
-0.559375	0.8229850825652024	-0.3179424533360232	0.23156633110542615
-0.55625	0.8192484718418628	-0.3150697762087604	0.23155715633864707
-0.553125	0.8156377303603787	-0.3121484355274729	0.23157156560127726
-0.55	0.8121374288367584	-0.3091892483842177	0.23160431968003298
-0.546875	0.8086974431643593	-0.30623221597105116	0.23163555230353727
-0.54375	0.8052604358539581	-0.30332451401208554	0.23164194297140941
-0.540625	0.8017761763931666	-0.3005085828101052	0.23160267302766768
-0.5375	0.7982059849275431	-0.29781790118762586	0.23150144097307762
-0.534375	0.794520583665764	-0.29527802860228375	0.23132581301107819
-0.53125	0.7906946404111995	-0.2929104997164359	0.23106518482191477
-0.528125	0.7867012886222603	-0.29073715570085823	0.23070863055961277
-0.525	0.7825099084038627	-0.28878249655242555	0.2302439150664218
-0.521875	0.7780904528323714	-0.28707163870565683	0.2296589452993616
-0.51875	0.7734276040163734	-0.28562146221801143	0.22894693696350127
-0.515625	0.7685480432956436	-0.2844225318088202	0.2281165723466048
-0.515625	0.768460568762863	-0.2844937091529301	0.2280805058851707
-0.5125	0.7635671811309539	-0.2833767798535622	0.22721510678698936
-0.509375	0.7585413628439491	-0.282449906339023	0.22626407131112758
-0.50625	0.7537462956620598	-0.28140612094847894	0.22537874518070247
-0.503125	0.749411632122481	-0.2800381868171575	0.2246583769710962
-0.5	0.745637347622234	-0.2782451542694208	0.22414918725692767
-0.496875	0.7424120248539975	-0.27602298618912	0.22385037223157714
-0.49375	0.739641294561006	-0.27344350912406645	0.22372511420700736
-0.490625	0.7371821565770734	-0.2706259468814533	0.22371467140162113
-0.4875	0.7348789051178177	-0.2677052933710668	0.223753619423901
-0.484375	0.7325963822891487	-0.26480178145311617	0.22378431685956932
-0.48125	0.7302462837790906	-0.2619957045475234	0.22376866737001422
-0.478125	0.7278022406990055	-0.2593118477615039	0.22369525070972174
-0.475	0.7252994015402849	-0.25671778529227535	0.22357989507045756
-0.471875	0.7228142382125785	-0.2541403008617294	0.22345776315993923
-0.46875	0.7204203001296289	-0.25150418793990115	0.223365024422743
-0.46875	0.7204225125294043	-0.2515076631450784	0.22336282061348828
-0.465625	0.718202620057182	-0.2487574939022833	0.22332354802852453
-0.4625	0.7161248064617236	-0.24591198592010244	0.22332920876095805
-0.459375	0.7142138488400334	-0.2429416141253118	0.22339364499826406
-0.45625	0.7123977255270413	-0.2399111334223445	0.22348673276618883
-0.453125	0.7105906775407456	-0.23690056657708386	0.22357124623420094
-0.45	0.7087387992365342	-0.233961277411855	0.22362330072122488
-0.446875	0.7068356659305997	-0.23110023189108683	0.22363962283651703
-0.44375	0.7049155062523664	-0.22828554967711037	0.2236348961905385
-0.440625	0.7030314269858445	-0.22546644873556468	0.22363243111068654
-0.4375	0.7012261981598262	-0.22260068556987686	0.22365140679673953
-0.434375	0.6995031061468429	-0.21968259366428702	0.2236939343508748
-0.43125	0.6978043825307962	-0.21676482271488545	0.22373518911711712
-0.428125	0.6960047165031821	-0.2139668812281313	0.22371986076507505
-0.425	0.6939273585478202	-0.21146358506632149	0.2235681695528238
-0.421875	0.6913903231740113	-0.2094465145194792	0.22319469720379276
-0.421875	0.6913025404628808	-0.20953126512515174	0.22315458544337172
-0.41875	0.6883000864761492	-0.2080147571327624	0.22255261427987852
-0.415625	0.6845187197380022	-0.20730737427799692	0.22158291606829278
-0.4125	0.6801825046101735	-0.20720465639747432	0.22034443139465465
-0.409375	0.6757162514536338	-0.20728966249899558	0.2190292319265057
-0.40625	0.6715351199229516	-0.20714631947882625	0.2178263052643043
-0.403125	0.6679235718576164	-0.2064836049991945	0.2168660461758471
-0.4	0.6649869783974796	-0.20518702105020883	0.21619785622815274
-0.396875	0.6626591859494537	-0.203313814720395	0.21579325383126086
-0.39375	0.6607493456326318	-0.2010484027000572	0.21556689670840315
-0.390625	0.6590113108289617	-0.19863445604166266	0.21540791880699994
-0.3875	0.6572189074666392	-0.19630010170145482	0.21521398366493785
-0.384375	0.6552303816633587	-0.1941926973864947	0.2149204562465832
-0.38125	0.6530253293565774	-0.19233963623133424	0.214517095262986
-0.378125	0.650697412547938	-0.190651637828523	0.21404466799072913
-0.375	0.6483861667890056	-0.18898498213715084	0.21356388960387865
-0.375	0.6484639771168342	-0.18890003397886118	0.21360169854883718
-0.371875	0.6461361553252617	-0.1872730599513554	0.21310687685403576
-0.36875	0.6441144957021017	-0.18535520548393197	0.21274245186988822
-0.365625	0.6422966056720106	-0.18324947765912444	0.21246199733598356
-0.3625	0.6405876924005051	-0.1810540850440419	0.21222207416727676
-0.359375	0.6389283866663701	-0.17883107227233494	0.21199550777850515
-0.35625	0.6373007920788092	-0.17659882346256006	0.2117743732166052
-0.353125	0.6357185673063533	-0.17434212686494688	0.21156542752009083
-0.35	0.6342068489845382	-0.17203349312856606	0.2113807287243501
-0.346875	0.6327778229693735	-0.1696594195809029	0.21122618093182008
-0.34375	0.6314077516036073	-0.16724529291183549	0.21109074486599785
-0.340625	0.6300212646628124	-0.1648726226540203	0.21093905332824694
-0.3375	0.6284887216482982	-0.16268229785168611	0.21071017097635716
-0.334375	0.6266424530938711	-0.1608575593098378	0.21032523784381707
-0.33125	0.6243176885534525	-0.1595803798158714	0.20970673601875706
-0.328125	0.6214239789365741	-0.15895494472560256	0.20881211890152307
-0.328125	0.6212317060620707	-0.15916933333582484	0.20872151208419343
-0.325	0.618114391392165	-0.15884031997561865	0.20770916653167298
-0.321875	0.6143472954231779	-0.15928345928063473	0.20638107232206074
-0.31875	0.6106462529332888	-0.1597085644353629	0.20507386977339231
-0.315625	0.6074280648642489	-0.1596393191255947	0.20398404482464014
-0.3125	0.6048432264533113	-0.15889229601670826	0.20318304673595705
-0.309375	0.6028309111158553	-0.1575244949912147	0.20264293421874038
-0.30625	0.6011882079964697	-0.15575967020940823	0.20226878697397954
-0.303125	0.5996456111062565	-0.1539037150569579	0.201934119617345
-0.3	0.5979407579641215	-0.15225937404328338	0.2015155349694825
-0.296875	0.5958824156598088	-0.1510505507145525	0.2009228536899699
-0.29375	0.5933967122564513	-0.15036648064514285	0.2001209572334003
-0.290625	0.5905476114503909	-0.15013603857140573	0.19913958110604957
-0.2875	0.5875236284060394	-0.150142448731574	0.19806729540159063
-0.284375	0.5845827846835376	-0.15008866747565244	0.19702590959431387
-0.28125	0.5819478001769811	-0.14972370720913256	0.19612153856831613
-0.28125	0.5819690405608876	-0.14969558532670177	0.1961312694956741
-0.278125	0.5796779384307701	-0.14895323589850365	0.1953829778427668
-0.275	0.5777412020924556	-0.14782639800934097	0.19479406379404243
-0.271875	0.5760378067174969	-0.14644668198738936	0.19430874231066597
-0.26875	0.5742902828272598	-0.14514012532206375	0.19379632063511557
-0.265625	0.5722391287068134	-0.14421914487976545	0.1931341618194947
-0.2625	0.5697399305235378	-0.14386425871145966	0.19225390853841948
-0.259375	0.5667979130581416	-0.1440790257864467	0.1911579704910466
-0.25625	0.5635546439557678	-0.14470165198668997	0.18991327869680755
-0.253125	0.5602416144048808	-0.14545671069606464	0.18862930998941524
-0.25	0.5571154191516156	-0.14603042631889	0.18742738501370781
-0.246875	0.554389258757277	-0.14615296906210876	0.18640824302989628
-0.24375	0.5521754870066743	-0.1456712093154767	0.1856248968297808
-0.240625	0.5504539263749787	-0.1445953799641266	0.18506777106950198
-0.2375	0.5490806744607836	-0.14310309496786824	0.18466912732339147
-0.234375	0.5478521242930637	-0.14148417254159007	0.18433377916349014
-0.234375	0.5478271939188858	-0.14149742208312774	0.1843221944293135
-0.23125	0.5465694619362882	-0.13990925175611885	0.18396824525588393
-0.228125	0.5451442489692646	-0.13855064186000438	0.18353075732432214
-0.225	0.5435609080085366	-0.13741254609731202	0.18301392585752
-0.221875	0.5419062192041468	-0.13638660924109333	0.18245860586213358
-0.21875	0.5402826926247847	-0.1353432261449814	0.18191317885500735
-0.215625	0.5387709385047562	-0.1341794224647519	0.18141577019039481
-0.2125	0.5374118046975487	-0.13284189880305394	0.1809857908389757
-0.209375	0.536203981054923	-0.13133057998897346	0.18062277746966526
-0.20625	0.5351127704504853	-0.1296880112040978	0.18031050468521714
-0.203125	0.5340857261666744	-0.12797994266674317	0.180024343262616
-0.2	0.53307085536411	-0.12627244458601292	0.17973983824925927
-0.196875	0.5320330883522432	-0.12461089409735021	0.179440480765926
-0.19375	0.5309647133802532	-0.12300617589125083	0.17912264736753178
-0.190625	0.5298854766671293	-0.1214334382468014	0.17879568081266703
-0.1875	0.5288280473898876	-0.11984874618170835	0.1784750860929186
-0.1875	0.5288348286288708	-0.11984020096481537	0.17847826850129941
-0.184375	0.5278156608929571	-0.11822295123190914	0.17817186491545886
-0.18125	0.5268698185404683	-0.11652673166571062	0.1778962827997853
-0.178125	0.5259837781135093	-0.11476840085182569	0.17764522452400822
-0.175	0.5251387603654535	-0.11297205097466913	0.177409881122001
-0.171875	0.5243178027221912	-0.11115962336829002	0.17718228471225034
-0.16875	0.5235095964506904	-0.10934578332891193	0.1769571300711244
-0.165625	0.5227097260009324	-0.10753621910249217	0.17673236661543096
-0.1625	0.5219199479872707	-0.10572852996060066	0.1765088620507534
-0.159375	0.5211461472752741	-0.10391486827792223	0.17628943894205615
-0.15625	0.520395607640104	-0.10208550052468343	0.1760775854630474
-0.153125	0.5196742344624847	-0.10023245208730718	0.17587614158078982
-0.15	0.5189843669283192	-0.098352400830597	0.17568626193204842
-0.146875	0.5183238171980071	-0.09644798431475354	0.17550695664786545
-0.14375	0.5176867740115173	-0.09452668558052497	0.1753355113828512
-0.140625	0.517067208195275	-0.09259646241579493	0.17516908780568194
-0.140625	0.5170656149911244	-0.09259858988959238	0.1751683393117219
-0.1375	0.5164629629678678	-0.09066009874277813	0.17500672371584708
-0.134375	0.5158711921226569	-0.08872129854351467	0.1748470738897856
-0.13125	0.5152948263739994	-0.0867760985493962	0.17469156583089654
-0.128125	0.5147366983759403	-0.08482062850922219	0.17454157357528138
-0.125	0.5141980335561458	-0.08285315452850871	0.17439770820495792
-0.121875	0.513678711502764	-0.08087374767317831	0.17425994122556793
-0.11875	0.51317764814364	-0.07888378267880354	0.1741277854730426
-0.115625	0.5126932421614657	-0.07688534413277698	0.17400050670764605
-0.1125	0.5122238290884471	-0.07488061749678343	0.1738773390538213
-0.109375	0.5117680865240674	-0.07287134233694685	0.17375767744425896
-0.10625	0.5113253339195262	-0.07085840512902755	0.17364122022661235
-0.103125	0.5108956703724368	-0.06884164900604262	0.17352803509128012
-0.1	0.5104798938753592	-0.06681997781568465	0.17341852147867984
-0.096875	0.5100791454617515	-0.06479183185491204	0.17331324262443315
-0.09375	0.5096942216929193	-0.06275611264908591	0.17321260040088682
-0.09375	0.5096944971611407	-0.06275573856491423	0.17321273001231904
-0.090625	0.5093249561037055	-0.06071301945761429	0.1731165287406727
-0.0875	0.5089712670722025	-0.05866265364434726	0.17302501252495617
-0.084375	0.5086320686438767	-0.05660647680030636	0.1729375509308789
-0.08125	0.5083063734392955	-0.054545830915188886	0.17285369045378202
-0.078125	0.5079935669457324	-0.052481561337097894	0.17277315414574293
-0.075	0.5076933642775159	-0.05041407242943276	0.17269582118222343
-0.071875	0.5074057368370047	-0.04834342532950222	0.17262169206410183
-0.06875	0.507130820839834	-0.046269461297591685	0.17255084515092683
-0.065625	0.5068688196680877	-0.044191934145218666	0.1724833902212334
-0.0625	0.506619912015049	-0.04211063523130819	0.17241942475575886
-0.059375	0.5063841777851801	-0.04002549451502164	0.17235899863939874
-0.05625	0.5061615537129818	-0.037936641153971405	0.17230209297774143
-0.053125	0.5059518306643883	-0.03584440713655435	0.1722486187240204
-0.05	0.5057547045843447	-0.03374925743713669	0.1721984408123231
-0.046875	0.505569893054223	-0.031651630182823395	0.1721514334928965
-0.046875	0.5055698682563666	-0.03165166561861298	0.17215142183707569
-0.04375	0.5053972462655829	-0.029551799860109026	0.17210753467273743
-0.040625	0.5052366226641896	-0.027450023764958552	0.17206668429536992
-0.0375	0.5050880181075299	-0.02534638837736756	0.1720288879790508
-0.034375	0.5049514565614043	-0.02324094797006784	0.171994164020349
-0.03125	0.5048269496455932	-0.0211337791173378	0.17196252427053788
-0.028125	0.5047144890673024	-0.019024989295928125	0.1719339705262872
-0.025	0.5046140455340802	-0.016914717253883937	0.17190849401094774
-0.021875	0.5045255725357481	-0.014803127387254658	0.1718860771785389
-0.01875	0.5044490133848991	-0.012690400364683031	0.17186669707255314
-0.015625	0.5043843099055029	-0.010576722239864503	0.17185032947168732
-0.0125	0.5043314111591716	-0.008462274291868526	0.1718369530546159
-0.009375	0.5042902805986276	-0.0063472258333129175	0.17182655281591497
-0.00625	0.5042609000379247	-0.004231732226382804	0.1718191219652521
-0.003125	0.5042432688289644	-0.0021159403466853794	0.17181466154195166
0.0	0.5042373966338617	-3.734931917887523e-9	0.1718131769770503
0.0	0.5042373966338625	3.734934481312928e-9	0.1718131769770503
0.003125	0.5042432688289706	0.0021159403466874866	0.17181466154195216
0.00625	0.5042609000379309	0.004231732226384507	0.17181912196525279
0.009375	0.5042902805986331	0.0063472258333144085	0.17182655281591602
0.0125	0.5043314111591763	0.00846227429186996	0.17183695305461716
0.015625	0.5043843099055072	0.010576722239865943	0.17185032947168874
0.01875	0.5044490133849026	0.012690400364684435	0.17186669707255434
0.021875	0.5045255725357506	0.014803127387255957	0.1718860771785398
0.025	0.5046140455340812	0.016914717253885058	0.171908494010948
0.028125	0.5047144890673024	0.019024989295929065	0.1719339705262869
0.03125	0.5048269496455922	0.021133779117338606	0.17196252427053707
0.034375	0.5049514565614027	0.023240947970068617	0.1719941640203479
0.0375	0.5050880181075276	0.02534638837736839	0.17202888797904944
0.040625	0.5052366226641862	0.02745002376495945	0.17206668429536853
0.04375	0.505397246265578	0.02955179986010972	0.17210753467273596
0.046875	0.5055698682563627	0.03165166561861296	0.17215142183707438
0.046875	0.5055698930542196	0.031651630182823784	0.17215143349289533
0.05	0.5057547045843428	0.033749257437136866	0.1721984408123223
0.053125	0.5059518306643878	0.03584440713655406	0.1722486187240198
0.05625	0.5061615537129824	0.03793664115397056	0.17230209297774127
0.059375	0.5063841777851814	0.04002549451502022	0.17235899863939905
0.0625	0.5066199120150509	0.042110635231306384	0.1724194247557597
0.065625	0.506868819668089	0.044191934145216716	0.17248339022123446
0.06875	0.5071308208398351	0.04626946129758996	0.17255084515092797
0.071875	0.5074057368370052	0.04834342532950103	0.1726216920641028
0.075	0.5076933642775158	0.050414072429432445	0.1726958211822241
0.078125	0.5079935669457321	0.05248156133709856	0.17277315414574324
0.08125	0.5083063734392956	0.0545458309151905	0.17285369045378207
0.084375	0.508632068643877	0.05660647680030863	0.17293755093087876
0.0875	0.5089712670722034	0.05866265364434973	0.17302501252495597
0.090625	0.5093249561037063	0.06071301945761636	0.1731165287406724
0.09375	0.5096944971611417	0.06275573856491556	0.173212730012319
0.09375	0.5096942216929199	0.06275611264908691	0.1732126004008868
0.096875	0.5100791454617527	0.06479183185491275	0.17331324262443332
0.1	0.5104798938753597	0.06681997781568462	0.17341852147867992
0.103125	0.510895670372437	0.0688416490060421	0.17352803509128018
0.10625	0.5113253339195258	0.0708584051290269	0.1736412202266123
0.109375	0.5117680865240662	0.07287134233694657	0.17375767744425885
0.1125	0.512223829088445	0.07488061749678378	0.17387733905382094
0.115625	0.5126932421614626	0.07688534413277805	0.1740005067076456
0.11875	0.5131776481436359	0.07888378267880501	0.17412778547304203
0.121875	0.5136787115027595	0.08087374767317991	0.17425994122556748
0.125	0.5141980335561408	0.08285315452850997	0.17439770820495756
0.128125	0.5147366983759358	0.08482062850922288	0.1745415735752813
0.13125	0.5152948263739957	0.08677609854939623	0.1746915658308966
0.134375	0.5158711921226538	0.08872129854351428	0.1748470738897858
0.1375	0.5164629629678645	0.0906600987427775	0.1750067237158472
0.140625	0.5170656149911216	0.09259858988959148	0.17516833931172235
0.140625	0.517067208195272	0.09259646241579444	0.1751690878056823
0.14375	0.5176867740115165	0.09452668558052468	0.17533551138285203
0.146875	0.5183238171980056	0.09644798431475334	0.17550695664786628
0.15	0.5189843669283173	0.09835240083059715	0.1756862619320493
0.153125	0.5196742344624828	0.10023245208730794	0.17587614158079065
0.15625	0.520395607640103	0.10208550052468505	0.17607758546304828
0.159375	0.521146147275274	0.10391486827792465	0.17628943894205693
0.1625	0.5219199479872716	0.10572852996060357	0.17650886205075417
0.165625	0.522709726000934	0.10753621910249501	0.1767323666154317
0.16875	0.523509596450693	0.1093457833289142	0.1769571300711253
0.171875	0.5243178027221944	0.11115962336829124	0.1771822847122514
0.175	0.5251387603654575	0.11297205097466914	0.1774098811220023
0.178125	0.5259837781135133	0.11476840085182453	0.17764522452400963
0.18125	0.5268698185404719	0.1165267316657089	0.17789628279978667
0.184375	0.5278156608929588	0.11822295123190726	0.17817186491545972
0.1875	0.5288348286288718	0.11984020096481363	0.17847826850130002
0.1875	0.5288280473898908	0.11984874618170681	0.1784750860929192
0.190625	0.5298854766671288	0.12143343824680004	0.17879568081266725
0.19375	0.5309647133802524	0.12300617589125003	0.17912264736753147
0.196875	0.5320330883522435	0.12461089409735021	0.17944048076592536
0.2	0.5330708553641103	0.12627244458601364	0.17973983824925838
0.203125	0.5340857261666742	0.12797994266674445	0.1800243432626151
0.20625	0.5351127704504838	0.1296880112040992	0.1803105046852162
0.209375	0.5362039810549207	0.13133057998897474	0.1806227774696644
0.2125	0.5374118046975462	0.1328418988030547	0.18098579083897504
0.215625	0.5387709385047547	0.13417942246475212	0.1814157701903946
0.21875	0.5402826926247845	0.13534322614498073	0.1819131788550076
0.221875	0.5419062192041488	0.13638660924109192	0.18245860586213455
0.225	0.5435609080085403	0.1374125460973098	0.18301392585752155
0.228125	0.5451442489692699	0.13855064186000157	0.18353075732432425
0.23125	0.5465694619362936	0.13990925175611574	0.1839682452558862
0.234375	0.5478271939188915	0.14149742208312518	0.18432219442931574
0.234375	0.5478521242930705	0.14148417254158702	0.18433377916349256
0.2375	0.5490806744607877	0.14310309496786575	0.18466912732339377
0.240625	0.5504539263749813	0.14459537996412516	0.18506777106950367
0.24375	0.552175487006676	0.1456712093154765	0.185624896829782
0.246875	0.5543892587572778	0.1461529690621095	0.18640824302989686
0.25	0.5571154191516159	0.14603042631889165	0.18742738501370795
0.253125	0.5602416144048806	0.14545671069606703	0.18862930998941504
0.25625	0.5635546439557679	0.14470165198669296	0.18991327869680724
0.259375	0.5667979130581422	0.14407902578645004	0.19115797049104627
0.2625	0.5697399305235397	0.14386425871146313	0.19225390853841923
0.265625	0.5722391287068165	0.14421914487976858	0.1931341618194945
0.26875	0.5742902828272642	0.14514012532206622	0.19379632063511543
0.271875	0.5760378067175019	0.14644668198739086	0.19430874231066586
0.275	0.5777412020924608	0.1478263980093415	0.19479406379404246
0.278125	0.5796779384307741	0.14895323589850346	0.19538297784276693
0.28125	0.5819690405608917	0.1496955853267016	0.19613126949567472
0.28125	0.5819478001769837	0.14972370720913172	0.19612153856831668
0.284375	0.5845827846835431	0.15008866747565186	0.19702590959431515
0.2875	0.5875236284060427	0.15014244873157345	0.19806729540159201
0.290625	0.5905476114503919	0.15013603857140545	0.1991395811060512
0.29375	0.5933967122564509	0.15036648064514285	0.20012095723340195
0.296875	0.5958824156598084	0.15105055071455287	0.2009228536899716
0.3	0.5979407579641216	0.15225937404328405	0.201515534969484
0.303125	0.5996456111062572	0.15390371505695902	0.20193411961734634
0.30625	0.6011882079964704	0.15575967020940978	0.20226878697398035
0.309375	0.6028309111158555	0.15752449499121698	0.2026429342187408
0.3125	0.6048432264533101	0.15889229601671123	0.20318304673595697
0.315625	0.6074280648642462	0.15963931912559837	0.20398404482463978
0.31875	0.6106462529332846	0.1597085644353668	0.20507386977339173
0.321875	0.614347295423173	0.15928345928063833	0.20638107232206007
0.325	0.61811439139216	0.1588403199756212	0.2077091665316721
0.328125	0.6212317060620665	0.15916933333582664	0.2087215120841926
0.328125	0.6214239789365691	0.15895494472560365	0.2088121189015221
0.33125	0.6243176885534503	0.15958037981587206	0.20970673601875656
0.334375	0.6266424530938696	0.16085755930983772	0.21032523784381674
0.3375	0.628488721648298	0.16268229785168545	0.21071017097635722
0.340625	0.6300212646628139	0.16487262265401922	0.21093905332824722
0.34375	0.6314077516036104	0.16724529291183451	0.21109074486599827
0.346875	0.6327778229693771	0.1696594195809025	0.21122618093182047
0.35	0.6342068489845422	0.17203349312856658	0.2113807287243505
0.353125	0.6357185673063568	0.17434212686494818	0.21156542752009116
0.35625	0.6373007920788133	0.1765988234625619	0.21177437321660583
0.359375	0.638928386666375	0.17883107227233655	0.21199550777850626
0.3625	0.6405876924005116	0.181054085044043	0.2122220741672785
0.365625	0.6422966056720181	0.18324947765912475	0.21246199733598584
0.36875	0.6441144957021089	0.1853552054839319	0.21274245186989083
0.371875	0.6461361553252668	0.18727305995135513	0.21310687685403815
0.375	0.6484639771168389	0.18890003397886043	0.21360169854883984
0.375	0.6483861667890098	0.18898498213715026	0.2135638896038809
0.378125	0.6506974125479422	0.1906516378285235	0.21404466799073119
0.38125	0.6530253293565818	0.1923396362313353	0.2145170952629873
0.384375	0.6552303816633631	0.1941926973864964	0.21492045624658385
0.3875	0.6572189074666429	0.19630010170145692	0.21521398366493802
0.390625	0.6590113108289647	0.198634456041665	0.21540791880699994
0.39375	0.6607493456326339	0.20104840270005905	0.21556689670840323
0.396875	0.6626591859494556	0.20331381472039606	0.2157932538312612
0.4	0.6649869783974814	0.20518702105020864	0.2161978562281535
0.403125	0.6679235718576194	0.20648360499919316	0.21686604617584834
0.40625	0.6715351199229552	0.20714631947882403	0.21782630526430585
0.409375	0.6757162514536385	0.2072896624989932	0.21902923192650758
0.4125	0.6801825046101782	0.20720465639747238	0.2203444313946565
0.415625	0.6845187197380067	0.207307374277996	0.2215829160682945
0.41875	0.6883000864761527	0.20801475713276243	0.2225526142798799
0.421875	0.691302540462884	0.20953126512515252	0.2231545854433732
0.421875	0.6913903231740143	0.20944651451947954	0.22319469720379395
0.425	0.693927358547822	0.21146358506632182	0.22356816955282524
0.428125	0.6960047165031816	0.21396688122813123	0.2237198607650764
0.43125	0.6978043825307945	0.21676482271488517	0.22373518911711857
0.434375	0.6995031061468396	0.21968259366428658	0.2236939343508762
0.4375	0.7012261981598221	0.22260068556987656	0.22365140679674086
0.440625	0.70303142698584	0.22546644873556462	0.22363243111068776
0.44375	0.704915506252362	0.22828554967711076	0.2236348961905396
0.446875	0.7068356659305954	0.2311002318910877	0.22363962283651806
0.45	0.7087387992365309	0.23396127741185652	0.22362330072122594
0.453125	0.7105906775407436	0.23690056657708597	0.22357124623420188
0.45625	0.7123977255270406	0.23991113342234743	0.22348673276618983
0.459375	0.7142138488400341	0.24294161412531523	0.22339364499826495
0.4625	0.7161248064617259	0.24591198592010616	0.2233292087609589
0.465625	0.7182026200571859	0.24875749390228616	0.22332354802852533
0.46875	0.7204225125294118	0.25150766314507883	0.2233628206134899
0.46875	0.7204203001296362	0.2515041879399024	0.223365024422745
0.471875	0.7228142382125898	0.254140300861728	0.22345776315994165
0.475	0.7252994015402974	0.2567177852922721	0.2235798950704602
0.478125	0.7278022406990182	0.25931184776150007	0.22369525070972465
0.48125	0.7302462837791024	0.2619957045475198	0.22376866737001716
0.484375	0.7325963822891589	0.2648017814531134	0.2237843168595722
0.4875	0.7348789051178255	0.2677052933710651	0.22375361942390337
0.490625	0.7371821565770788	0.27062594688145264	0.22371467140162293
0.49375	0.739641294561009	0.2734435091240665	0.22372511420700844
0.496875	0.7424120248539997	0.2760229861891206	0.223850372231578
0.5	0.7456373476222362	0.2782451542694214	0.22414918725692837
0.503125	0.7494116321224845	0.28003818681715825	0.22465837697109703
0.50625	0.7537462956620639	0.28140612094848	0.22537874518070333
0.509375	0.7585413628439529	0.2824499063390251	0.2262640713111283
0.5125	0.7635671811309549	0.2833767798535653	0.22721510678698945
0.515625	0.7684605687628623	0.2844937091529333	0.2280805058851707
0.515625	0.7685480432956425	0.2844225318088243	0.228116572346605
0.51875	0.7734276040163696	0.2856214622180159	0.2289469369635007
0.521875	0.7780904528323641	0.2870716387056611	0.22965894529936037
0.525	0.7825099084038544	0.28878249655242944	0.23024391506642056
0.528125	0.7867012886222531	0.29073715570086167	0.2307086305596117
0.53125	0.7906946404111945	0.29291049971643873	0.231065184821914
0.534375	0.7945205836657613	0.2952780286022858	0.23132581301107774
0.5375	0.7982059849275425	0.29781790118762724	0.2315014409730776
0.540625	0.8017761763931663	0.300508582810106	0.23160267302766788
0.54375	0.8052604358539583	0.3033245140120862	0.23164194297140986
0.546875	0.8086974431643591	0.30623221597105166	0.23163555230353775
0.55	0.8121374288367583	0.3091892483842186	0.23160431968003342
0.553125	0.8156377303603791	0.3121484355274743	0.23157156560127776
0.55625	0.8192484718418642	0.3150697762087626	0.23155715633864749
0.559375	0.8229850825652041	0.3179424533360257	0.23156633110542643
0.5625	0.8267843700686569	0.3208193588198241	0.23157203647740035
0.5625	0.8267767567284262	0.32082454374070574	0.23156813201179674
0.565625	0.8305771280401555	0.32375696732229353	0.23154606690045698
0.56875	0.8343571433323882	0.32676140484627575	0.23148407533913914
0.571875	0.8381068898572106	0.3298510285652337	0.23137860106052777
0.575	0.8418477352373155	0.33300795649145265	0.23123947720114227
0.578125	0.845652339029658	0.33617561667491835	0.23109561358160255
0.58125	0.8496422006592618	0.33926481999529207	0.23099296240510003
0.584375	0.8539690020340235	0.34216940836843074	0.2309870009519738
0.5875	0.858786003151344	0.3447873452680031	0.23113196984828532
0.590625	0.8642157490074377	0.34704311546276756	0.2314691054862904
0.59375	0.8703203461201466	0.348907300870067	0.23201610517470128
0.596875	0.8770805669761099	0.3504091994261019	0.23276006359663934
0.6	0.8843900407131184	0.35163835387353903	0.2336561191531702
0.603125	0.8920707883485006	0.3527308573670175	0.23463404877032087
0.60625	0.8999163608643725	0.35383630279710687	0.23561504974747263
0.609375	0.9077688384606	0.35506124273328354	0.23654094722502786
0.609375	0.9077903869136484	0.3550452234195054	0.23654826538995347
0.6125	0.9156428486986401	0.35639705315831305	0.23741607741445975
0.615625	0.9233758051775457	0.3579468104600614	0.2381805167419422
0.61875	0.9309093927902805	0.35975078589119364	0.23881130550850826
0.621875	0.9381773486241424	0.3618436674660667	0.23928651353231048
0.625	0.9451802441852934	0.3642153100406983	0.23960857051986
0.628125	0.9519932123645972	0.3668114724427952	0.23980546575138625
0.63125	0.9587417283311194	0.36955101749756003	0.23992164894163384
0.634375	0.9655590050866033	0.3723520701087546	0.2400031459724845
0.6375	0.9725385644142228	0.3751596285545183	0.24008140319379612
0.640625	0.979695543954926	0.3779671241574213	0.2401603739888453
0.64375	0.9869503011446723	0.38082442448824694	0.2402113613007669
0.646875	0.9941478747458746	0.3838247752629881	0.24018012981637651
0.65	1.0011268647063531	0.38706317609254687	0.24001080150376847
0.653125	1.0078512910791062	0.39055868524462606	0.23969104820007647
0.65625	1.0146189927362133	0.39413314857730153	0.23932309494578952
0.65625	1.014679266424724	0.39409459992167495	0.2393424947444197
0.659375	1.021918737199339	0.397517105545664	0.2390650438052347
0.6625	1.029821215304425	0.4006751852929972	0.23893431636353127
0.665625	1.03858983941433	0.4034880558763009	0.23900669763703786
0.66875	1.0482869779858144	0.40593918712073745	0.23929487814859107
0.671875	1.0589325778277743	0.40803592566342944	0.23979653655025857
0.675	1.0705433851971349	0.40979338046761854	0.24050600473101622
0.678125	1.0831301188964344	0.41123533289609787	0.24141387407903384
0.68125	1.096669674848596	0.41240493408844336	0.24249950176961835
0.684375	1.1110694416244202	0.41337795238658465	0.24372137594986976
0.6875	1.1261408063982936	0.4142713335532411	0.245010298691098
0.690625	1.1415989308076435	0.41523983652776253	0.24627034558005625
0.69375	1.157105876191637	0.4164535074639026	0.24739256082003896
0.696875	1.1723741576846498	0.4180487547940608	0.24828634671289954
0.7	1.1873478066400087	0.42004578806452336	0.24893350639303696
0.703125	1.2024780208595318	0.42222518328624026	0.2494698986844056
0.703125	1.2028548823681582	0.422051690280326	0.24958335216800695
0.70625	1.2190178703380856	0.4240442748928092	0.25024707443111016
0.709375	1.234968789497696	0.4263923310027763	0.2506868588387664
0.7125	1.2505835800761174	0.4291485945164786	0.25086093359561723
0.715625	1.2659532980354211	0.43227177292824076	0.25079222133451323
0.71875	1.281331235294077	0.4356616879528331	0.25054446273798353
0.721875	1.2970872614295383	0.4391870603737267	0.25020356510601927
0.725	1.3136682939554682	0.44270687558401967	0.24986344774052496
0.728125	1.3315638042691151	0.4460862682968174	0.2496156560167927
0.73125	1.3512752663643568	0.4492078649018571	0.24954201601235595
0.734375	1.3732884554059184	0.4519795219451565	0.24970960156357466
0.7375	1.3980475032602835	0.45433939920848093	0.25016728562031076
0.740625	1.4259296180788084	0.45625930586540553	0.2509431477690448
0.74375	1.45721937502855	0.4577472581907672	0.2520420097947925
0.746875	1.4920814852663193	0.4588501873002852	0.2534423711521728
0.75	1.5305309502514846	0.45965773539714216	0.2550920162159857
0.75	1.5306418626962248	0.4595762550466598	0.2551280421450734
0.753125	1.5722520302713012	0.4603653325957742	0.25686590997103476
0.75625	1.6160897503194553	0.4613006510709079	0.2584915466435734
0.759375	1.6633307996139974	0.46221630743760744	0.2601833620282484
0.7625	1.7136394175233949	0.46328524965371215	0.2618110361012249
0.765625	1.7663288541273956	0.4647658742070616	0.2631548964721216
0.76875	1.8211000935487183	0.46684786100092807	0.26404180938882604
0.771875	1.878428148534823	0.46957895402762256	0.26441276389825125
0.775	1.93966532232424	0.4728543962707115	0.2643373288370043
0.778125	2.006930833831975	0.47645072727629617	0.26399016232594247
0.78125	2.0828562021884656	0.4800856518337909	0.26360475344258694
0.784375	2.170255786666601	0.48348568820665083	0.2634195757453701
0.7875	2.2717918780312942	0.48644330435348804	0.263631832323686
0.790625	2.3897037373461063	0.48884525058002426	0.2643739720477197
0.79375	2.525669978271412	0.49065379706231943	0.26572815669202576
0.796875	2.680873688888618	0.49182258468172635	0.2677938586068319
0.796875	2.68334566300326	0.49127184717365907	0.2682824361632925
0.8	2.8540531130750657	0.49265659382561205	0.27034333317646325
0.803125	3.0443671684925913	0.49289064256389264	0.27363166662929417
0.80625	3.2502442415594985	0.4929541928041901	0.27733875464054314
0.809375	3.4603398582151343	0.4936323451452418	0.2805771876484328
0.8125	3.663120812539579	0.4953545524072904	0.2827435040629419
0.815625	3.8508908599232945	0.4981555574186973	0.28367920099136407
0.81875	4.021310110980278	0.5017294315476245	0.2836727036506408
0.821875	4.176988288283582	0.5055483279756765	0.2833449170799754
0.825	4.323732008002125	0.5090175637104175	0.28346098376723644
0.828125	4.468026248517654	0.5116386443336552	0.2847108708026563
0.83125	4.614330168100756	0.5131518454824053	0.28750141017333336
0.834375	4.762767433724806	0.5136299650594301	0.2918024158120449
0.8375	4.907791223096754	0.5134948601702615	0.2970895010138774
0.840625	5.0384040619836075	0.5134283827836063	0.30242621983418166
0.84375	5.140512658913547	0.5141493281120412	0.30672815608136106
0.84375	5.128606756125831	0.5149874548930718	0.3056013544813043
0.846875	5.2096600087591325	0.5157885376040839	0.3096660537115433
0.85	5.232478031626331	0.5194025579093936	0.3098043247788033
0.853125	5.2272587909964745	0.5238001547633109	0.30862895134129026
0.85625	5.220375108116586	0.5275639394078955	0.30823868939325033
0.859375	5.228725522216011	0.5299773257285936	0.3098522356626219
0.8625	5.257983512225834	0.5309737604569256	0.31373300302200924
0.865625	5.303823885477232	0.5309846369885893	0.3193335145360429
0.86875	5.355205141642541	0.5307241765853424	0.32558822776817636
0.871875	5.398786620182926	0.5309495607290352	0.33128360096998405
0.875	5.423559239566447	0.5322345983961515	0.3354342127760126
0.878125	5.424768636520376	0.5347952120212316	0.3375937470272464
0.88125	5.406209513581572	0.5384050259175377	0.33802965434624327
0.884375	5.379970003208781	0.5424393409233287	0.3376903020869991
0.8875	5.36270485672065	0.5460857790421112	0.33789342428259694
0.890625	5.3675162663233404	0.5487598818452329	0.3396646832137023
0.890625	5.371299917832293	0.544525275613461	0.33860186688221444
0.89375	5.401743638140404	0.5533551101464884	0.3441980940604928
0.896875	5.474518600801556	0.5496075004445263	0.34964367837112775
0.9	5.5582341771719195	0.5468287288178455	0.35819233926663246
0.903125	5.6278874530832415	0.5477653053118103	0.36678999098637055
0.90625	5.671206887706736	0.5509733422800058	0.37191886034453214
0.909375	5.688044972146408	0.554541687035591	0.37228624111103287
0.9125	5.68517345424376	0.5575879240700556	0.3691606986408681
0.915625	5.668834696075849	0.5601863583285477	0.36515853840744494
0.91875	5.637402730628652	0.562387091030956	0.36228335209542883
0.921875	5.576507584127651	0.5629852995279103	0.36002145490862647
0.925	5.458976430507652	0.5586998326808813	0.3542960277484388
0.928125	5.2519451445037255	0.5444202332555483	0.3380827779184102
0.93125	4.933493819845283	0.5151812988176141	0.30448993201040436
0.934375	4.521159819035178	0.47052429262023443	0.2531053746279339
0.9375	4.114681921195853	0.42190391597224286	0.2004137466021763
0.9375	4.6596821284314105	0.40510651278395304	0.22483884386552386
0.940625	2.5419367922601883	0.23886604676736117	0.060183572640663235
0.94375	1.530004285549978	0.09635798072152106	0.011314186562122472
0.946875	1.126140302622144	0.018800393678655745	0.0036981534073511433
0.95	1.0134962074369145	-0.003930533274449102	0.004286445190420939
0.953125	1.0086676181133967	0.0011113656487976202	0.0029385703020638554
0.95625	1.0211798783096417	0.00997309217699116	-0.0001999782081744184
0.959375	1.0197995593866245	0.010494368290177917	-0.0023991575627512595
0.9625	1.005561137279961	0.002702618066841632	-0.002155992755000179
0.965625	0.9913979880032179	-0.006046888461279896	-0.00014767597114599007
0.96875	0.9882668457066409	-0.008143664976256551	0.0016425527094519289
0.971875	0.9976548672151522	-0.0019653475926148622	0.001595443980742384
0.975	1.0103584469694484	0.005750321842716957	-0.00010960201197480616
0.978125	1.0114229262940444	0.004446932339459125	-0.0013265563374918296
0.98125	0.9911323409160986	-0.0057536752876833986	-7.276064270765815e-5
0.984375	0.9619383506588642	0.01344306135889297	1.1795429699470082e-5
0.984375	1.0643428417356975	0.0005713983494246476	1.2141302838425375e-5
0.9875	0.9997367717317578	-8.105632566069927e-6	9.970152118849038e-6
0.990625	0.9929532407080153	-6.799292702600142e-5	9.745678578994911e-6
0.99375	1.0000133304717858	-3.925739846869617e-6	9.98562269265438e-6
0.996875	1.0043034242613387	3.484749818079573e-5	1.013084055610716e-5
1.0	1.0033779030699623	2.6567852504234765e-5	1.0099797274122963e-5
1.003125	1.0002077284238957	-1.8692546164923846e-6	9.99323734472124e-6
1.00625	0.9980777513376805	-2.0852513148189332e-5	9.922088918104592e-6
1.009375	0.9983355871704835	-1.8288992992147962e-5	9.931658805181515e-6
1.0125	1.0001948961069518	-1.326679412921168e-6	9.995175111094124e-6
1.015625	1.0017959089861448	1.324225475854939e-5	1.0049734369166421e-5
1.01875	1.0017260382021076	1.270497109424311e-5	1.0047710050688857e-5
1.021875	1.0002034133996285	-9.141873423991942e-7	9.996679325954676e-6
1.025	0.999126181688745	-1.0453992841911542e-5	9.960924951963828e-6
1.028125	1.0001904121015444	-6.672428814227335e-7	9.997569162209936e-6
1.03125	1.0002794440148197	8.524800233267628e-8	1.0000396433966086e-5
1.03125	1.0002573629708686	4.608735681100539e-9	1.000008151182983e-5
1.034375	1.0002441854256792	3.2595449968187254e-9	1.0000067844440453e-5
1.0375	1.0002318293874584	2.741065884599422e-9	1.0000058420466994e-5
1.040625	1.0002201112342262	2.4612303071376835e-9	1.0000050877868686e-5
1.04375	1.0002089456950642	2.1925886543567758e-9	1.0000044237506623e-5
1.046875	1.0001982989033438	1.8967543078685277e-9	1.0000038243951464e-5
1.05	1.0001881572575846	1.6079812872243593e-9	1.0000032927823798e-5
1.053125	1.0001785092550104	1.3652706070945628e-9	1.0000028349964194e-5
1.05625	1.0001693374628267	1.1824009745133962e-9	1.0000024487729755e-5
1.059375	1.0001606177922833	1.0452794553275895e-9	1.0000021223714186e-5
1.0625	1.000152323240555	9.260077389858099e-10	1.0000018397188188e-5
1.065625	1.0001444292654948	8.030596308066826e-10	1.0000015878557159e-5
1.06875	1.0001369179582957	6.769654008629276e-10	1.0000013627133099e-5
1.071875	1.0001297781791163	5.70898618619191e-10	1.0000011692517608e-5
1.075	1.0001229988207083	5.05561102461147e-10	1.00000101198929e-5
1.078125	1.0001165523650963	4.3776161325344076e-10	1.0000008719517795e-5
1.078125	1.000116552306097	4.3753639474846403e-10	1.000000871869197e-5
1.08125	1.000110426234269	3.777096307133381e-10	1.000000750533286e-5
1.084375	1.0001046058782785	3.259217950222624e-10	1.0000006458044336e-5
1.0875	1.0000990768814164	2.8111170111693484e-10	1.0000005554489898e-5
1.090625	1.0000938255141432	2.423556212751723e-10	1.0000004775281918e-5
1.09375	1.0000888386488045	2.0885010431961206e-10	1.0000004103602338e-5
1.096875	1.0000841037353347	1.7989667874243144e-10	1.0000003524868605e-5
1.1	1.0000796087779116	1.548883142472622e-10	1.0000003026440918e-5
1.103125	1.0000753423125068	1.3329751470947472e-10	1.000000259736686e-5
1.10625	1.0000712933853	1.1466591555600822e-10	1.0000002228159525e-5
1.109375	1.0000674515318961	9.859525856592133e-11	1.000000191060524e-5
1.1125	1.0000638067573149	8.473961709283939e-11	1.0000001637596897e-5
1.115625	1.0000603495166973	7.279874471047315e-11	1.0000001402989101e-5
1.11875	1.0000570706966891	6.251242028238501e-11	1.000000120147109e-5
1.121875	1.0000539615974502	5.365566245717733e-11	1.0000001028453595e-5
1.125	1.0000510139152574	4.603468659027933e-11	1.0000000879965752e-5
1.125	1.000051013915409	4.603399172094503e-11	1.0000000879967849e-5
1.128125	1.0000482197270402	3.94775172911394e-11	1.000000075259503e-5
1.13125	1.0000455714721865	3.383963924057289e-11	1.0000000643379173e-5
1.134375	1.0000430619393113	2.8994133405837074e-11	1.0000000549774231e-5
1.1375	1.0000406842504475	2.4831565605345935e-11	1.0000000469584243e-5
1.140625	1.000038431846994	2.1257245294845866e-11	1.0000000400916792e-5
1.14375	1.0000362984760445	1.8189366890057735e-11	1.0000000342142067e-5
1.146875	1.00003427817725	1.5557333358081738e-11	1.0000000291857112e-5
1.15	1.0000323652701746	1.330025667919578e-11	1.0000000248854683e-5
1.153125	1.000030554342153	1.1365629780678049e-11	1.0000000212096336e-5
1.15625	1.0000288402366166	9.708164544284463e-12	1.0000000180689205e-5
1.159375	1.0000272180418837	8.28879048901174e-12	1.0000000153866006e-5
1.1625	1.0000256830803886	7.073808730776679e-12	1.0000000130967788e-5
1.165625	1.0000242308983425	6.034195820642457e-12	1.0000000111428965e-5
1.16875	1.0000228572558003	5.145052063222532e-12	1.0000000094764109e-5
1.171875	1.000021558117132	4.385188916892934e-12	1.0000000080556104e-5
1.171875	1.000021558117157	4.385094852912314e-12	1.0000000080556429e-5
1.175	1.0000203296420223	3.735719549208158e-12	1.000000006844934e-5
1.178125	1.0000191681763728	3.1810765025463196e-12	1.0000000058136553e-5
1.18125	1.0000180702442378	2.707591954239762e-12	1.0000000049356131e-5
1.184375	1.000017032539582	2.3035770798041678e-12	1.0000000041883673e-5
1.1875	1.000016051918584	1.9589878777193016e-12	1.0000000035527119e-5
1.190625	1.000015125392225	1.665208288983039e-12	1.0000000030122197e-5
1.19375	1.000014250119191	1.4148557417846613e-12	1.0000000025528473e-5
1.196875	1.0000134233990672	1.2016083156239542e-12	1.0000000021625931e-5
1.2	1.0000126426658205	1.0200527192027025e-12	1.0000000018312037e-5
1.203125	1.0000119054815584	8.655522764151285e-13	1.0000000015499228e-5
1.20625	1.0000112095305531	7.341341147638546e-13	1.0000000013112782e-5
1.209375	1.0000105526135235	6.223947505279478e-13	1.0000000011088958e-5
1.2125	1.00000993264216	5.274232650096175e-13	1.000000000937344e-5
1.215625	1.000009347633886	4.467412661861322e-13	1.0000000007919903e-5
1.21875	1.0000087957068462	3.78258830093524e-13	1.00000000066888e-5
1.21875	1.0000087957068506	3.782506336667633e-13	1.0000000006688854e-5
1.221875	1.0000082750751325	3.2010698496429966e-13	1.0000000005646693e-5
1.225	1.0000077840441604	2.7078448258451884e-13	1.0000000004764836e-5
1.228125	1.0000073210063345	2.289626850955757e-13	1.0000000004018964e-5
1.23125	1.0000068844368368	1.9351547674067693e-13	1.0000000003388378e-5
1.234375	1.0000064728896323	1.6348368892799135e-13	1.0000000002855496e-5
1.2375	1.0000060849936463	1.3805101726827242e-13	1.0000000002405371e-5
1.240625	1.0000057194491172	1.165230021135522e-13	1.0000000002025324e-5
1.24375	1.000005375024107	9.83088405502642e-14	1.0000000001704585e-5
1.246875	1.0000050505511757	8.29057978001554e-14	1.0000000001434019e-5
1.25	1.0000047449242033	6.988598598234454e-14	1.0000000001205872e-5
1.253125	1.00000445709536	5.888527818988649e-14	1.000000000101358e-5
1.25625	1.000004186072213	4.959412583420011e-14	1.000000000085158e-5
1.259375	1.0000039309149682	4.175004721071943e-14	1.0000000000715168e-5
1.2625	1.000003690733834	3.513155523912555e-14	1.0000000000600346e-5
1.265625	1.000003464686511	2.9553292331518926e-14	1.0000000000503726e-5
1.265625	1.000003464686512	2.955502719304073e-14	1.000000000050375e-5
1.26875	1.0000032519758115	2.484086457051187e-14	1.0000000000422477e-5
1.271875	1.0000030518473702	2.087544713126097e-14	1.0000000000354181e-5
1.275	1.0000028635874854	1.7537272682416233e-14	1.00000000002968e-5
1.278125	1.00000268652103	1.4726342040101728e-14	1.0000000000248595e-5
1.28125	1.0000025200094889	1.2359798812646231e-14	1.0000000000208112e-5
1.284375	1.0000023634490784	1.0368453386528993e-14	1.0000000000174124e-5
1.2875	1.0000022162689668	8.694071789848686e-15	1.0000000000145613e-5
1.290625	1.0000020779295664	7.287310108101391e-15	1.0000000000121703e-5
1.29375	1.0000019479209188	6.106175127053687e-15	1.0000000000101675e-5
1.296875	1.0000018257611514	5.1148918774968554e-15	1.0000000000084909e-5
1.3	1.0000017109950132	4.283058756668201e-15	1.0000000000070875e-5
1.303125	1.00000160319248	3.584970901125466e-15	1.000000000005913e-5
1.30625	1.0000015019474306	2.998992485860389e-15	1.0000000000049298e-5
1.309375	1.0000014068763843	2.5068586244373786e-15	1.0000000000041057e-5
1.3125	1.0000013176173048	2.092787544943338e-15	1.0000000000034148e-5
1.3125	1.0000013176173053	2.0938871444535157e-15	1.0000000000034157e-5
1.315625	1.0000012338284645	1.7442147061494716e-15	1.0000000000028392e-5
1.31875	1.0000011551873436	1.4533996511048273e-15	1.000000000002352e-5
1.321875	1.0000010813896298	1.210891334083017e-15	1.0000000000019477e-5
1.325	1.0000010121482312	1.0084387174932094e-15	1.0000000000016145e-5
1.328125	1.0000009471923499	8.39464716426803e-16	1.0000000000013406e-5
1.33125	1.0000008862666032	6.98600383678409e-16	1.000000000001114e-5
1.334375	1.0000008291301896	5.813550220660494e-16	1.0000000000009264e-5
1.3375	1.000000775556093	4.838983113653093e-16	1.0000000000007692e-5
1.340625	1.0000007253303362	4.0293053717218345e-16	1.0000000000006387e-5
1.34375	1.0000006782512623	3.3561700900934425e-16	1.0000000000005296e-5
1.346875	1.000000634128863	2.795627549905752e-16	1.0000000000004394e-5
1.35	1.0000005927841358	2.3280358035809917e-16	1.0000000000003646e-5
1.353125	1.0000005540484775	1.9378957720754056e-16	1.0000000000003025e-5
1.35625	1.0000005177631055	1.6133717271525587e-16	1.0000000000002503e-5
1.359375	1.0000004837785144	1.3452580318276893e-16	1.0000000000002074e-5
1.359375	1.0000004837785144	1.36907786475596e-16	1.0000000000002074e-5
1.3625	1.000000451953958	1.0696231567891305e-16	1.0000000000001717e-5
1.365625	1.0000004221569596	8.876924122220906e-17	1.0000000000001422e-5
1.36875	1.0000003942628475	7.532458234443086e-17	1.0000000000001176e-5
1.371875	1.000000368154316	6.368894935776928e-17	1.0000000000000972e-5
1.375	1.0000003437210105	5.308809107060755e-17	1.0000000000000802e-5
1.378125	1.0000003208591322	4.364657640255627e-17	1.000000000000066e-5
1.38125	1.000000299471068	3.563986064112989e-17	1.0000000000000546e-5
1.384375	1.000000279465035	2.9149986789619106e-17	1.0000000000000451e-5
1.3875	1.0000002607547505	2.401017245571395e-17	1.0000000000000374e-5
1.390625	1.0000002432591137	1.9923532730431698e-17	1.0000000000000309e-5
1.39375	1.0000002269019108	1.6641189506904636e-17	1.0000000000000255e-5
1.396875	1.0000002116115299	1.4085017688581817e-17	1.0000000000000211e-5
1.4	1.0000001973206976	1.2300278736399579e-17	1.0000000000000175e-5
1.403125	1.0000001839662263	1.1123392004475235e-17	1.0000000000000141e-5
1.40625	1.000000171488775	9.450094313878633e-18	1.0000000000000118e-5
1.40625	1.000000171488775	1.2615584516530121e-17	1.0000000000000118e-5
1.409375	1.0000001598326271	3.648149812194158e-18	1.0000000000000097e-5
1.4125	1.0000001489454768	2.9646468423858875e-18	1.000000000000008e-5
1.415625	1.0000001387782294	4.068133692667186e-18	1.0000000000000065e-5
1.41875	1.0000001292848115	4.479804619053709e-18	1.0000000000000055e-5
1.421875	1.0000001204219937	3.858529784039061e-18	1.0000000000000045e-5
1.425	1.0000001121492204	2.7267355282450568e-18	1.0000000000000033e-5
1.428125	1.0000001044284539	1.7000528919674496e-18	1.0000000000000026e-5
1.43125	1.0000000972240208	1.1181621008863746e-18	1.0000000000000021e-5
1.434375	1.000000090502474	9.742607302108712e-19	1.0000000000000018e-5
1.4375	1.0000000842324561	1.0405832615267633e-18	1.0000000000000014e-5
1.440625	1.000000078384577	1.087399746617233e-18	1.0000000000000011e-5
1.44375	1.0000000729312932	1.0929212925253773e-18	1.0000000000000011e-5
1.446875	1.0000000678467977	1.3415400821280843e-18	1.0000000000000013e-5
1.45	1.0000000631069126	2.307831644490519e-18	1.0000000000000008e-5
1.453125	1.0000000586889926	4.223747089270544e-18	1.0000000000000004e-5
1.453125	1.0000000586889926	5.583222386023824e-18	1.0000000000000004e-5
1.45625	1.0000000545718297	-3.2688296183607905e-18	1.0000000000000006e-5
1.459375	1.000000050735567	-2.5343912688251307e-18	1.0000000000000006e-5
1.4625	1.0000000471616146	-8.255804481819534e-20	1.0000000000000004e-5
1.465625	1.0000000438325716	1.19704970311734e-18	1.0000000000000004e-5
1.46875	1.000000040732154	1.0356349248277439e-18	1.0000000000000004e-5
1.471875	1.0000000378451253	1.89350420684807e-19	1.0e-5
1.475	1.0000000351572307	-5.224060270203694e-19	1.0e-5
1.478125	1.000000032655137	-6.731377388231088e-19	1.0e-5
1.48125	1.0000000303263756	-3.084462363671597e-19	1.0000000000000003e-5
1.484375	1.0000000281592862	2.231108483803135e-19	1.0000000000000003e-5
1.4875	1.0000000261429698	5.588912555840044e-19	1.0e-5
1.490625	1.0000000242672373	6.021591742692718e-19	1.0e-5
1.49375	1.0000000225225678	6.645861159277438e-19	1.0000000000000003e-5
1.496875	1.0000000209000635	1.3426517876029812e-18	1.0e-5
1.5	1.0000000193914125	2.9993351670594676e-18	1.0e-5
